0 0.05 0.6859375 0.0578125 0.684375 0.065625 0.6796875 0.0640625 0.66875 0.06875 0.6625 0.0828125 0.6546875 0.1109375 0.64375 0.115625 0.64375 0.1234375 0.6390625 0.1359375 0.6359375 0.15 0.6359375 0.153125 0.6578125 0.1515625 0.6734375 0.140625 0.6765625 0.1296875 0.6875 0.115625 0.6890625 0.103125 0.696875 0.078125 0.70625 0.075 0.7109375 0.065625 0.7171875 0.0609375 0.715625 0.04375 0.7171875 0.0375 0.7140625 0.0375 0.7 0.05 0.6875
0 0.7171875 0.6484375 0.73125 0.6515625 0.7390625 0.659375 0.74375 0.66875 0.7453125 0.709375 0.746875 0.7109375 0.746875 0.71875 0.74375 0.7234375 0.7203125 0.7203125 0.715625 0.71875 0.7125 0.7140625 0.709375 0.6890625 0.70625 0.68125 0.70625 0.66875 0.709375 0.6515625 0.715625 0.6484375
3 0.1828125 0.6296875 0.1859375 0.634375 0.19375 0.6328125 0.19375 0.6421875 0.1890625 0.6453125 0.184375 0.64375 0.1765625 0.6484375 0.171875 0.6484375 0.171875 0.6390625 0.18125 0.6296875
3 0.5859375 0.6296875 0.5953125 0.6328125 0.5984375 0.6390625 0.5984375 0.6453125 0.5953125 0.6484375 0.5875 0.6453125 0.584375 0.6390625 0.5859375 0.63125
3 0.6265625 0.634375 0.6296875 0.6375 0.6328125 0.634375 0.6375 0.634375 0.6359375 0.6546875 0.6328125 0.65625 0.6234375 0.6515625 0.6234375 0.6359375 0.625 0.6359375
3 0.234375 0.6171875 0.234375 0.63125 0.23125 0.634375 0.2265625 0.6328125 0.2203125 0.634375 0.21875 0.625 0.221875 0.6203125 0.2328125 0.6171875
3 0.24375 0.59375 0.2484375 0.5953125 0.2515625 0.603125 0.2484375 0.6125 0.2453125 0.6140625 0.234375 0.6109375 0.23125 0.60625 0.23125 0.6015625 0.2375 0.5953125 0.2421875 0.59375
3 0.1125 0.6234375 0.1125 0.6109375 0.115625 0.6046875 0.1203125 0.6125 0.1203125 0.621875 0.1140625 0.6234375
3 0.2890625 0.6171875 0.01640625 0.01875
4 0.49375 0.565625 0.496875 0.5703125 0.4953125 0.6015625 0.4890625 0.6 0.4890625 0.59375 0.4859375 0.5890625 0.465625 0.5859375 0.465625 0.5796875 0.4609375 0.575 0.4734375 0.565625 0.490625 0.565625 0.4921875 0.5671875
4 0.575 0.578125 0.5828125 0.58125 0.5859375 0.5859375 0.5859375 0.6140625 0.578125 0.6234375 0.5625 0.6171875 0.5578125 0.6109375 0.5609375 0.5796875 0.5734375 0.578125
5 0.4828125 0.5890625 0.4875 0.5921875 0.4890625 0.60625 0.4875 0.6109375 0.48125 0.615625 0.4609375 0.615625 0.45 0.6125 0.4515625 0.5984375 0.4578125 0.590625 0.465625 0.5875 0.48125 0.5890625
5 0.546875 0.5703125 0.559375 0.571875 0.5578125 0.5921875 0.546875 0.5953125 0.5453125 0.5921875 0.5453125 0.5734375 0.546875 0.571875
5 0.453125 0.575 0.4625 0.578125 0.4640625 0.5859375 0.4578125 0.5890625 0.45 0.5984375 0.4328125 0.5984375 0.43125 0.5859375 0.4375 0.5765625 0.4515625 0.575
1 0.6015625 0.5671875 0.6171875 0.5734375 0.6390625 0.578125 0.6421875 0.58125 0.646875 0.6234375 0.6390625 0.6265625 0.628125 0.6234375 0.6234375 0.628125 0.61875 0.628125 0.603125 0.6171875 0.596875 0.615625 0.590625 0.6078125 0.5875 0.584375 0.584375 0.5796875 0.584375 0.5703125 0.590625 0.565625 0.6 0.5671875
1 0.57890625 0.55234375 0.02890625 0.028125
2 0.7265625 0.6046875 0.7375 0.6046875 0.7453125 0.6078125 0.7515625 0.615625 0.740625 0.6171875 0.7296875 0.6296875 0.7265625 0.6265625 0.728125 0.6140625 0.7265625 0.60625
2 0.5 0.5640625 0.50625 0.55625 0.5109375 0.55625 0.5140625 0.5609375 0.5140625 0.5671875 0.5046875 0.571875 0.5015625 0.565625
2 0.046875 0.596875 0.0578125 0.5984375 0.0578125 0.60625 0.0546875 0.6078125 0.0546875 0.6125 0.0484375 0.615625 0.04375 0.621875 0.0375 0.6203125 0.0359375 0.6125 0.0390625 0.6015625 0.0453125 0.5984375
2 0.5515625 0.5578125 0.553125 0.56875 0.5453125 0.56875 0.5453125 0.5609375 0.55 0.5578125
2 0.10625 0.578125 0.1125 0.58125 0.1125 0.5875 0.1078125 0.5921875 0.1 0.59375 0.096875 0.5859375 0.1015625 0.5796875 0.1046875 0.5796875
2 0.2640625 0.621875 0.271875 0.6296875 0.2703125 0.6484375 0.2484375 0.6546875 0.240625 0.6625 0.228125 0.6609375 0.225 0.6578125 0.2234375 0.6546875 0.225 0.64375 0.2375 0.6296875 0.2453125 0.628125 0.2515625 0.6234375 0.2625 0.621875
2 0.09375 0.590625 0.0921875 0.5984375 0.08125 0.6015625 0.0671875 0.6 0.065625 0.5984375 0.0671875 0.590625 0.071875 0.5859375 0.0828125 0.5859375 0.0859375 0.590625 0.0921875 0.590625
2 0.4984375 0.55625 0.5 0.5578125 0.4984375 0.565625 0.4875 0.5640625 0.4921875 0.55625 0.496875 0.55625
2 0.3359375 0.5875 0.353125 0.5859375 0.3578125 0.590625 0.3578125 0.59375 0.35 0.5953125 0.3453125 0.5921875 0.334375 0.5921875 0.3359375 0.5890625
2 0 0.759375 0.0046875 0.7640625 0.0078125 0.7734375 0.0078125 0.7953125 0.003125 0.8015625 0 0.8015625 0 0.7609375
2 0.771875 0.615625 0.784375 0.61875 0.796875 0.625 0.7984375 0.6296875 0.7671875 0.6203125 0.765625 0.6171875 0.7703125 0.6171875