3 0.8921875 0.6140625 0.896875 0.615625 0.9 0.621875 0.8984375 0.6359375 0.8875 0.634375 0.8875 0.621875 0.890625 0.615625
3 0.65 0.6046875 0.653125 0.60625 0.6578125 0.615625 0.6578125 0.6265625 0.65 0.625 0.6484375 0.621875 0.65 0.60625
3 0.1234375 0.7 0.1296875 0.70625 0.128125 0.721875 0.125 0.7265625 0.1140625 0.7296875 0.1109375 0.7328125 0.1046875 0.73125 0.1046875 0.7140625 0.1109375 0.7 0.1109375 0.6890625 0.1140625 0.6875 0.115625 0.696875 0.121875 0.7
3 0.80625 0.6078125 0.8109375 0.6078125 0.8140625 0.6109375 0.821875 0.609375 0.8234375 0.615625 0.821875 0.628125 0.809375 0.628125 0.8046875 0.6234375 0.80625 0.609375
5 0.6375 0.60625 0.6375 0.5875 0.640625 0.5796875 0.6453125 0.5828125 0.6625 0.584375 0.6640625 0.590625 0.6578125 0.5890625 0.65 0.5921875 0.646875 0.5953125 0.6453125 0.60625 0.64375 0.6078125 0.6390625 0.60625
5 0.47700810185185183 0.6066898148148148 0.041180555555555644 0.03780092592592599
5 0.5 0.575 0.50625 0.5796875 0.50625 0.5828125 0.4984375 0.584375 0.4921875 0.590625 0.4828125 0.5875 0.4828125 0.578125 0.490625 0.575 0.4984375 0.575
5 0.8171875 0.65 0.8203125 0.6484375 0.834375 0.65 0.85625 0.6625 0.859375 0.6703125 0.8734375 0.6859375 0.8765625 0.69375 0.8765625 0.7078125 0.865625 0.709375 0.8578125 0.70625 0.846875 0.70625 0.840625 0.6953125 0.828125 0.6890625 0.821875 0.6890625 0.8125 0.678125 0.8125 0.6625 0.8171875 0.6515625
5 0.990625 0.715625 0.9984375 0.715625 0.9984375 0.7796875 0.9921875 0.778125 0.9875 0.7734375 0.9859375 0.7640625 0.978125 0.753125 0.9796875 0.73125 0.990625 0.7171875
5 0.9484375 0.6078125 0.965625 0.609375 0.971875 0.621875 0.9703125 0.63125 0.9546875 0.6296875 0.9484375 0.609375
4 0.6984375 0.6015625 0.7078125 0.609375 0.7234375 0.6171875 0.7234375 0.628125 0.7171875 0.634375 0.7109375 0.634375 0.70625 0.6296875 0.696875 0.628125 0.68125 0.6296875 0.671875 0.6171875 0.6734375 0.6046875 0.6765625 0.6015625 0.696875 0.6015625
2 0.2765625 0.596875 0.2765625 0.621875 0.275 0.6234375 0.271875 0.6234375 0.26875 0.615625 0.2640625 0.6109375 0.253125 0.609375 0.259375 0.6 0.2671875 0.596875 0.275 0.596875
2 0.2375 0.60625 0.2390625 0.609375 0.2296875 0.6140625 0.21875 0.615625 0.2078125 0.6203125 0.20625 0.6171875 0.209375 0.6140625 0.228125 0.60625 0.2359375 0.60625
2 0.40040509259259255 0.5517824074074074 0.006435185185185243 0.012546296296296333
2 0.3953125 0.6078125 0.4078125 0.615625 0.4078125 0.6296875 0.4046875 0.6328125 0.4015625 0.63125 0.390625 0.6328125 0.384375 0.640625 0.3734375 0.6390625 0.365625 0.634375 0.3671875 0.6171875 0.3734375 0.6078125 0.378125 0.60625 0.39375 0.6078125
2 0.5296875 0.5953125 0.53125 0.596875 0.534375 0.5953125 0.540625 0.6015625 0.5421875 0.6125 0.5390625 0.615625 0.5234375 0.615625 0.521875 0.6171875 0.5125 0.6140625 0.5109375 0.603125 0.515625 0.596875 0.528125 0.5953125
2 0.5203125 0.5703125 0.5265625 0.5703125 0.5328125 0.5765625 0.5375 0.578125 0.53125 0.590625 0.525 0.59375 0.51875 0.5859375 0.5203125 0.571875
2 0.5078125 0.584375 0.51875 0.5890625 0.5203125 0.59375 0.5109375 0.6 0.5078125 0.6046875 0.5078125 0.609375 0.503125 0.6125 0.4984375 0.609375 0.496875 0.5875 0.5015625 0.584375 0.50625 0.584375
2 0.7890625 0.621875 0.803125 0.6359375 0.8015625 0.646875 0.7859375 0.646875 0.7828125 0.6421875 0.7734375 0.6375 0.759375 0.6359375 0.759375 0.625 0.7640625 0.615625 0.775 0.615625 0.7875 0.621875
2 0.5698726851851852 0.5989699074074075 0.01287037037037031 0.025092592592592576
2 0.5421875 0.565625 0.546875 0.56875 0.55 0.5796875 0.540625 0.5796875 0.5328125 0.5765625 0.528125 0.571875 0.5296875 0.5671875 0.540625 0.565625
2 0.665625 0.5921875 0.6703125 0.5953125 0.6734375 0.6015625 0.671875 0.609375 0.6734375 0.6140625 0.6703125 0.61875 0.6609375 0.6171875 0.65 0.60625 0.646875 0.60625 0.646875 0.596875 0.6515625 0.5921875 0.6546875 0.590625 0.6640625 0.5921875
2 0.5570601851851851 0.5779687499999999 0.02059027777777773 0.018900462962962994
2 0.434375 0.6046875 0.4484375 0.609375 0.4546875 0.615625 0.45625 0.628125 0.453125 0.6328125 0.446875 0.63125 0.4390625 0.6328125 0.4328125 0.640625 0.4296875 0.640625 0.428125 0.6375 0.4203125 0.6375 0.4140625 0.6296875 0.415625 0.628125 0.4140625 0.6265625 0.415625 0.6109375 0.41875 0.6078125 0.4328125 0.6046875
2 0.19375 0.6671875 0.2109375 0.675 0.2265625 0.675 0.2359375 0.6765625 0.2390625 0.6796875 0.2421875 0.684375 0.2421875 0.696875 0.234375 0.709375 0.2296875 0.7125 0.2203125 0.709375 0.2078125 0.7125 0.196875 0.71875 0.1921875 0.71875 0.1796875 0.728125 0.1765625 0.7359375 0.171875 0.7375 0.16875 0.7375 0.1640625 0.7328125 0.153125 0.7328125 0.1453125 0.728125 0.140625 0.721875 0.140625 0.7171875 0.14375 0.7125 0.1453125 0.6875 0.16875 0.675 0.1921875 0.66875
2 0.546875 0.58125 0.5515625 0.5828125 0.5640625 0.5953125 0.5625 0.60625 0.5421875 0.603125 0.5359375 0.5953125 0.5328125 0.5953125 0.534375 0.590625 0.5328125 0.5875 0.5359375 0.5828125 0.5453125 0.58125
2 0.6078125 0.5859375 0.609375 0.5875 0.60625 0.6109375 0.603125 0.6078125 0.6015625 0.59375 0.603125 0.5875 0.60625 0.5859375
2 0.509375 0.5640625 0.5140625 0.565625 0.5203125 0.575 0.5140625 0.584375 0.503125 0.575 0.5015625 0.5671875 0.5078125 0.5640625
2 0.3703125 0.640625 0.3734375 0.6453125 0.3734375 0.6578125 0.3703125 0.6609375 0.353125 0.6625 0.3421875 0.6703125 0.33125 0.6703125 0.328125 0.6671875 0.3265625 0.6515625 0.3296875 0.6390625 0.3390625 0.63125 0.35 0.63125 0.3640625 0.6359375 0.36875 0.640625