0 0.3921875 0.56875 0.396875 0.571875 0.396875 0.5921875 0.3953125 0.59375 0.3828125 0.590625 0.38125 0.5875 0.38125 0.5765625 0.3859375 0.5703125 0.390625 0.56875
3 0.365625 0.596875 0.3671875 0.609375 0.3625 0.6140625 0.359375 0.6140625 0.359375 0.6015625 0.3640625 0.596875
3 0.3640625 0.865625 0.365625 0.8796875 0.371875 0.8875 0.3703125 0.89375 0.3734375 0.8984375 0.3765625 0.8953125 0.375 0.890625 0.3765625 0.8828125 0.39375 0.8765625 0.39375 0.89375 0.3875 0.903125 0.3875 0.9171875 0.384375 0.925 0.38125 0.9265625 0.3765625 0.9171875 0.36875 0.9125 0.3625 0.8921875 0.3625 0.8671875
3 0.321875 0.6625 0.3234375 0.6625 0.321875 0.6859375 0.315625 0.6921875 0.3109375 0.68125 0.3140625 0.6765625 0.3140625 0.66875 0.31875 0.671875 0.321875 0.66875 0.321875 0.6640625
3 0.9859375 0.7828125 0.9875 0.7828125 0.9875 0.7921875 0.984375 0.7890625 0.9859375 0.784375
3 0.8 0.6203125 0.8078125 0.6234375 0.8109375 0.63125 0.809375 0.6359375 0.79375 0.6359375 0.7921875 0.634375 0.79375 0.621875 0.7984375 0.6203125
3 0.8244733796296295 0.7100520833333334 0.022129629629629655 0.03453703703703699
3 0.5421875 0.584375 0.55 0.5859375 0.5484375 0.5984375 0.5421875 0.5953125 0.54375 0.59375 0.5421875 0.5859375
3 0.71875 0.640625 0.7234375 0.65 0.725 0.6609375 0.7203125 0.6609375 0.709375 0.6546875 0.7078125 0.6453125 0.7171875 0.6421875
3 0.29375 0.6375 0.2984375 0.6390625 0.3015625 0.6625 0.2921875 0.671875 0.290625 0.646875 0.29375 0.6390625
3 0.946875 0.75625 0.9546875 0.7609375 0.9578125 0.775 0.9625 0.78125 0.965625 0.7671875 0.9640625 0.7640625 0.9703125 0.7609375 0.9765625 0.7625 0.98125 0.7765625 0.9796875 0.796875 0.971875 0.7953125 0.9640625 0.7859375 0.95625 0.784375 0.9484375 0.7765625 0.94375 0.7640625 0.9453125 0.7578125
3 0.521875 0.6046875 0.5296875 0.6125 0.53125 0.6203125 0.528125 0.6234375 0.5203125 0.6234375 0.5171875 0.6203125 0.515625 0.6125 0.5203125 0.60625
3 0.3046875 0.6625 0.3125 0.665625 0.3140625 0.678125 0.309375 0.6828125 0.30625 0.68125 0.3 0.684375 0.303125 0.6640625
3 0.69375 0.6265625 0.6984375 0.6296875 0.7015625 0.6359375 0.7015625 0.6421875 0.696875 0.64375 0.6875 0.640625 0.6875 0.634375 0.6921875 0.628125
3 0.6657407407407407 0.6221527777777778 0.014189814814814738 0.01729166666666666
3 0.8796875 0.61875 0.8828125 0.625 0.8828125 0.6390625 0.878125 0.640625 0.875 0.6375 0.878125 0.6203125
3 0.8515625 0.7390625 0.84375 0.721875 0.846875 0.715625 0.8515625 0.715625 0.8546875 0.71875 0.8640625 0.7171875 0.8671875 0.725 0.86875 0.746875 0.8625 0.7484375 0.853125 0.7390625
3 0.621875 0.6078125 0.6265625 0.6078125 0.63125 0.6171875 0.63125 0.625 0.621875 0.628125 0.6203125 0.6265625 0.621875 0.609375
5 0.94375 0.6140625 0.9484375 0.6171875 0.9578125 0.6171875 0.9609375 0.6265625 0.9609375 0.6390625 0.959375 0.640625 0.9484375 0.6390625 0.9484375 0.6359375 0.94375 0.63125 0.940625 0.61875 0.9421875 0.615625
2 0.25 0.603125 0.253125 0.6078125 0.2515625 0.609375 0.2515625 0.6296875 0.2484375 0.6328125 0.240625 0.6171875 0.2296875 0.615625 0.234375 0.6078125 0.2484375 0.603125
2 0.0484375 0.6515625 0.05 0.653125 0.065625 0.653125 0.06875 0.6609375 0.065625 0.6640625 0.059375 0.6640625 0.046875 0.6703125 0.04375 0.66875 0.034375 0.6734375 0.028125 0.6734375 0.028125 0.65625 0.046875 0.6515625
2 0.65 0.95625 0.6625 0.9609375 0.68125 0.9734375 0.70625 0.9796875 0.7203125 0.9890625 0.7296875 0.9984375 0.6125 0.9984375 0.6140625 0.9796875 0.61875 0.971875 0.6296875 0.9609375 0.6484375 0.95625
2 0.3875 0.5921875 0.390625 0.5953125 0.390625 0.6 0.3859375 0.6078125 0.384375 0.615625 0.3734375 0.6171875 0.371875 0.615625 0.371875 0.6 0.378125 0.59375 0.3859375 0.5921875
2 0.4 0.596875 0.409375 0.6 0.4125 0.6046875 0.4125 0.6265625 0.4078125 0.6265625 0.4046875 0.6296875 0.403125 0.628125 0.3875 0.628125 0.3859375 0.615625 0.3890625 0.603125 0.3984375 0.596875
2 0.621875 0.5859375 0.6296875 0.5859375 0.6421875 0.5984375 0.640625 0.6078125 0.6375 0.609375 0.628125 0.60625 0.621875 0.6015625 0.6203125 0.596875 0.621875 0.5875
2 0.7453125 0.6078125 0.7640625 0.6203125 0.7671875 0.63125 0.7640625 0.6390625 0.7546875 0.634375 0.740625 0.6328125 0.7359375 0.634375 0.725 0.625 0.721875 0.6171875 0.728125 0.609375 0.734375 0.60625 0.74375 0.6078125
2 0.4802604166666667 0.559056712962963 0.009490740740740744 0.0156944444444445
2 0.4140625 0.7375 0.41875 0.7421875 0.425 0.7625 0.4328125 0.771875 0.4328125 0.79375 0.43125 0.7984375 0.4265625 0.8015625 0.39375 0.809375 0.38125 0.7828125 0.371875 0.775 0.371875 0.7515625 0.378125 0.74375 0.3859375 0.7421875 0.3921875 0.7375 0.396875 0.7359375 0.4125 0.7375
2 0.4859375 0.8234375 0.5078125 0.85625 0.5109375 0.8625 0.5109375 0.86875 0.5265625 0.903125 0.525 0.934375 0.51875 0.9421875 0.490625 0.95625 0.48125 0.95625 0.475 0.9515625 0.4671875 0.95 0.46875 0.946875 0.4625 0.9203125 0.45625 0.9140625 0.45625 0.9109375 0.44375 0.890625 0.4328125 0.88125 0.4296875 0.8671875 0.43125 0.8390625 0.440625 0.8265625 0.4578125 0.8203125 0.484375 0.8234375
2 0.3453125 0.7140625 0.34375 0.6859375 0.346875 0.6796875 0.3453125 0.675 0.3515625 0.66875 0.36875 0.66875 0.371875 0.6734375 0.3703125 0.675 0.3703125 0.7109375 0.3671875 0.7140625 0.346875 0.7140625
2 0.45 0.5484375 0.4546875 0.55 0.45625 0.5546875 0.4546875 0.5609375 0.446875 0.5578125 0.4453125 0.553125 0.4484375 0.55
2 0.40625 0.5546875 0.4140625 0.55625 0.4125 0.5703125 0.40625 0.56875 0.40625 0.55625
2 0.1796875 0.628125 0.18125 0.6234375 0.203125 0.6140625 0.2125 0.615625 0.2125 0.61875 0.18125 0.628125
2 0.38125 0.56875 0.3796875 0.5640625 0.38125 0.553125 0.3859375 0.553125 0.3890625 0.55625 0.3890625 0.5671875 0.3828125 0.56875
2 0.4309201388888889 0.5750983796296296 0.012650462962962905 0.02040509259259258