2 0.12734375 0.62109375 0.0484375 0.03125
2 0.64765625 0.7890625 0.0640625 0.0875
5 0.41171875 0.8640625 0.14375 0.17890625
2 0.5984375 0.7046875 0.04140625 0.05546875
2 0.6078125 0.659375 0.02578125 0.02734375
2 0.325 0.61484375 0.04765625 0.03984375
2 0.5453125 0.784375 0.08046875 0.09140625
2 0.6671875 0.89375 0.0953125 0.125
4 0.509375 0.609375 0.04453125 0.03203125
2 0.10859375 0.59609375 0.021875 0.02265625
5 0.23984375 0.6125 0.05546875 0.040625
2 0.7296875 0.678125 0.0421875 0.0359375
2 0.66015625 0.65625 0.0296875 0.02890625
5 0.5859375 0.61796875 0.05703125 0.0515625
2 0.07734375 0.59921875 0.02734375 0.02109375