2 0.39296875 0.7830266203703703 0.065625 0.08954861111111115
2 0.9234375 0.6548784722222223 0.096875 0.08196759259259245
1 0.68203125 0.5566666666666666 0.0921875 0.07568287037037039
2 0.47578125 0.6128819444444444 0.0390625 0.036226851851851906
2 0.4234375 0.609363425925926 0.028125 0.029895833333333323
5 0.378125 0.6979803240740741 0.0484375 0.08004629629629623
2 0.4515625 0.6029050925925926 0.0296875 0.028344907407407405
0 0.30390625 0.7196238425925926 0.0625 0.09733796296296297
2 0.5375 0.5624247685185185 0.0265625 0.023634259259259237
2 0.9453125 0.5398726851851852 0.0359375 0.028391203703703738
2 0.43125 0.6897743055555555 0.0484375 0.0659837962962964
2 0.44609375 0.5576331018518518 0.0203125 0.022025462962962906
0 0.35390625 0.6161284722222222 0.0421875 0.04250000000000007
2 0.42421875 0.6452951388888889 0.0296875 0.03459490740740741
5 0.5546875 0.9154224537037038 0.175 0.1622337962962966
2 0.3875 0.6127546296296297 0.0375 0.037777777777777646