2 0.7936689814814815 0.64375 0.06282407407407416 0.04375
2 0.7228645833333334 0.6046875 0.04711805555555557 0.0328125
2 0.5384375 0.928125 0.15418981481481495 0.14375
2 0.3972685185185185 0.68515625 0.03475694444444448 0.0515625
2 0.37344328703703705 0.63203125 0.031481481481481485 0.03125
2 0.29421296296296295 0.67578125 0.061284722222222233 0.046875
5 0.5579456018518518 0.82578125 0.13554398148148153 0.1578125
2 0.3822048611111112 0.92578125 0.11672453703703703 0.1484375
5 0.8447743055555555 0.6 0.05967592592592581 0.040625
5 0.4494097222222223 0.60703125 0.055046296296296406 0.0484375
2 0.43583333333333335 0.75234375 0.07249999999999997 0.084375
2 0.34500578703703705 0.67421875 0.03628472222222214 0.046875
2 0.21344907407407407 0.82109375 0.07280092592592595 0.125
2 0.9166666666666666 0.59765625 0.029907407407407403 0.0296875
2 0.39914351851851854 0.64296875 0.02836805555555557 0.0328125
5 0.49667824074074074 0.55390625 0.020451388888888998 0.01875
2 0.43950231481481483 0.5734375 0.022037037037036987 0.021875
3 0.8942245370370371 0.67421875 0.03472222222222214 0.046875
2 0.9925578703703704 0.5828125 0.006435185185185333 0.025
4 0.5425694444444444 0.58125 0.05978009259259274 0.0546875
2 0.9252835648148148 0.59453125 0.040868055555555574 0.0328125
2 0.13589120370370372 0.74453125 0.11768518518518518 0.0671875