2 0.594675925925926 0.647974537037037 0.053483796296296404 0.048831018518518475
2 0.64546875 0.6491608796296295 0.05815972222222214 0.0473032407407409
5 0.2394675925925926 0.5802893518518519 0.05972222222222223 0.04731481481481481
2 0.6490104166666667 0.7053877314814814 0.04106481481481481 0.05967592592592581
2 0.7435185185185185 0.7015625 0.06456018518518522 0.06766203703703706
2 0.2661400462962963 0.5949363425925925 0.07225694444444439 0.05209490740740748
5 0.5365856481481481 0.6109027777777778 0.053460648148148236 0.04570601851851848
5 0.5993460648148148 0.7510706018518519 0.09460648148148146 0.11631944444444428
3 0.7774074074074073 0.7411574074074074 0.04414351851851848 0.053449074074073975
5 0.49114004629629626 0.5932696759259259 0.05030092592592581 0.04099537037037031
0 0.6480729166666667 0.8952488425925926 0.1280439814814816 0.20093749999999985
5 0.4527430555555556 0.5779282407407408 0.055034722222222145 0.04728009259259256