0 0.2328125 0.6296875 0.0734375 0.04921875
0 0.590625 0.55625 0.59375 0.5546875 0.6 0.55625 0.6015625 0.5609375 0.6 0.575 0.5890625 0.5765625 0.590625 0.5578125
3 0.1171875 0.6734375 0.1234375 0.684375 0.128125 0.6796875 0.1296875 0.6734375 0.13125 0.6765625 0.1296875 0.6953125 0.1265625 0.6984375 0.1171875 0.6984375 0.1078125 0.7078125 0.103125 0.70625 0.103125 0.6984375 0.109375 0.6875 0.109375 0.68125 0.115625 0.675
3 0.50625 0.6046875 0.5125 0.6125 0.5125 0.6234375 0.5078125 0.621875 0.5015625 0.6234375 0.5015625 0.6125 0.5046875 0.6109375 0.50625 0.60625
3 0.6484375 0.7609375 0.6546875 0.7625 0.659375 0.759375 0.6625 0.7609375 0.6625 0.78125 0.6578125 0.790625 0.6546875 0.790625 0.6515625 0.7859375 0.6484375 0.775 0.6484375 0.7625
3 0.546875 0.61875 0.55 0.6234375 0.553125 0.621875 0.5546875 0.6234375 0.55625 0.6296875 0.5546875 0.6375 0.546875 0.6359375 0.5453125 0.6203125
3 0.115625 0.640625 0.115625 0.646875 0.1125 0.65 0.1140625 0.653125 0.1125 0.6609375 0.09375 0.6671875 0.0875 0.6671875 0.0875 0.6609375 0.0953125 0.646875 0.1 0.646875 0.103125 0.65 0.10625 0.6421875 0.1109375 0.6390625 0.1140625 0.640625
3 0.11640625 0.6171875 0.00859375 0.01875
3 0.6515625 0.625 0.653125 0.6265625 0.6578125 0.625 0.659375 0.6296875 0.659375 0.6375 0.6515625 0.6375 0.65 0.6359375 0.6515625 0.6265625
3 0.5015625 0.596875 0.503125 0.5984375 0.5015625 0.6125 0.5 0.6140625 0.49375 0.6125 0.4953125 0.603125 0.5 0.5984375
3 0.5015625 0.8578125 0.50625 0.8625 0.5078125 0.871875 0.50625 0.9 0.496875 0.915625 0.490625 0.921875 0.4875 0.928125 0.4875 0.934375 0.484375 0.9375 0.478125 0.9265625 0.48125 0.890625 0.4859375 0.8890625 0.490625 0.89375 0.4953125 0.8953125 0.5 0.89375 0.5 0.8875 0.503125 0.884375 0.5015625 0.859375
3 0.709375 0.646875 0.7171875 0.6484375 0.71875 0.653125 0.7171875 0.6828125 0.709375 0.6765625 0.70625 0.66875 0.70625 0.6515625 0.709375 0.6484375
3 0.0625 0.7 0.0703125 0.7015625 0.075 0.7109375 0.0734375 0.715625 0.075 0.721875 0.0796875 0.7171875 0.084375 0.703125 0.0859375 0.7015625 0.0890625 0.703125 0.0890625 0.71875 0.0859375 0.7234375 0.06875 0.7296875 0.0671875 0.715625 0.0609375 0.70625 0.0625 0.7015625
3 0.1890625 0.6296875 0.1921875 0.6375 0.190625 0.6421875 0.175 0.6453125 0.171875 0.6484375 0.1671875 0.6484375 0.1671875 0.6390625 0.171875 0.634375 0.171875 0.63125 0.18125 0.6234375 0.1875 0.6296875
3 0.546875 0.5921875 0.5453125 0.5796875 0.546875 0.578125 0.553125 0.5796875 0.5484375 0.590625
5 0.64375 0.6921875 0.640625 0.684375 0.640625 0.66875 0.6390625 0.6671875 0.640625 0.640625 0.64375 0.6375 0.659375 0.6390625 0.6671875 0.646875 0.6703125 0.6546875 0.6703125 0.69375 0.6640625 0.6953125 0.6453125 0.6921875
5 0.646875 0.7953125 0.6625 0.80625 0.665625 0.8125 0.678125 0.825 0.68125 0.84375 0.68125 0.8625 0.675 0.8828125 0.665625 0.890625 0.646875 0.91875 0.6359375 0.93125 0.63125 0.95 0.6265625 0.9546875 0.6234375 0.953125 0.6125 0.9609375 0.60625 0.9609375 0.6046875 0.95625 0.59375 0.9453125 0.58125 0.9375 0.5609375 0.915625 0.559375 0.859375 0.5625 0.8484375 0.5625 0.8375 0.5703125 0.8203125 0.609375 0.7859375 0.615625 0.7828125 0.6234375 0.7828125 0.6453125 0.7953125
5 0.3265625 0.584375 0.3296875 0.5890625 0.328125 0.6078125 0.31875 0.6 0.3078125 0.6 0.2921875 0.615625 0.2859375 0.615625 0.284375 0.6078125 0.2890625 0.5953125 0.29375 0.590625 0.309375 0.5859375 0.325 0.584375
1 0 0.603125 0.0265625 0.6046875 0.075 0.5953125 0.08125 0.6046875 0.0828125 0.6125 0.0828125 0.6546875 0.0796875 0.6578125 0.06875 0.659375 0.0578125 0.6671875 0.0421875 0.66875 0.0359375 0.675 0.0265625 0.678125 0.021875 0.6765625 0.015625 0.6703125 0.0109375 0.671875 0.009375 0.675 0 0.6765625 0 0.6046875
2 0.55 0.546875 0.5484375 0.5390625 0.553125 0.5359375 0.55625 0.5375 0.5578125 0.5421875 0.5546875 0.546875 0.5515625 0.546875
2 0.4671875 0.590625 0.475 0.5875 0.484375 0.5890625 0.4875 0.5875 0.4921875 0.596875 0.490625 0.6078125 0.4875 0.609375 0.4796875 0.60625 0.465625 0.60625 0.4671875 0.5921875
2 0.5921875 0.6109375 0.6 0.6125 0.60625 0.61875 0.6078125 0.6234375 0.6078125 0.6375 0.603125 0.6421875 0.596875 0.64375 0.5890625 0.64375 0.584375 0.6375 0.5703125 0.6359375 0.5671875 0.63125 0.5671875 0.621875 0.571875 0.6171875 0.5796875 0.6109375 0.590625 0.6109375
2 0.47890625 0.56015625 0.015625 0.01484375
2 0.5171875 0.55625 0.5234375 0.5546875 0.528125 0.5578125 0.528125 0.5625 0.5125 0.575 0.5078125 0.5734375 0.5078125 0.565625 0.5171875 0.5578125
2 0.4390625 0.5890625 0.4484375 0.59375 0.446875 0.6140625 0.44375 0.615625 0.4328125 0.6140625 0.43125 0.5953125 0.4328125 0.590625 0.4375 0.590625
2 0.575 0.5890625 0.5796875 0.60625 0.575 0.6140625 0.5703125 0.615625 0.5609375 0.6109375 0.546875 0.609375 0.54375 0.60625 0.54375 0.5984375 0.5546875 0.5875 0.5734375 0.5890625
2 0.353125 0.6046875 0.35625 0.609375 0.35625 0.621875 0.346875 0.625 0.3359375 0.625 0.3296875 0.628125 0.321875 0.6265625 0.3234375 0.6171875 0.3375 0.6046875 0.3421875 0.603125 0.3515625 0.6046875
2 0.7265625 0.6046875 0.7375 0.6046875 0.7484375 0.6125 0.7484375 0.615625 0.740625 0.6125 0.7375 0.615625 0.7359375 0.634375 0.7328125 0.6375 0.7265625 0.6296875 0.728125 0.615625 0.7265625 0.60625
2 0.4859375 0.5671875 0.4921875 0.5640625 0.5046875 0.565625 0.503125 0.578125 0.4953125 0.5859375 0.4921875 0.5859375 0.484375 0.578125 0.4859375 0.56875
2 0.321875 0.603125 0.328125 0.609375 0.3203125 0.6234375 0.30625 0.625 0.3015625 0.628125 0.2890625 0.628125 0.2875 0.615625 0.2953125 0.6125 0.296875 0.6078125 0.3078125 0.6015625 0.3203125 0.603125
2 0.365625 0.5875 0.36875 0.5921875 0.36875 0.6109375 0.3671875 0.6125 0.359375 0.6125 0.3515625 0.6015625 0.3515625 0.5984375 0.3640625 0.5875
2 0.484375 0.578125 0.490625 0.5875 0.4890625 0.590625 0.4796875 0.5890625 0.4671875 0.59375 0.465625 0.5890625 0.46875 0.584375 0.4828125 0.578125
2 0.4765625 0.5703125 0.48125 0.575 0.4828125 0.58125 0.4734375 0.5828125 0.4625 0.5953125 0.45625 0.590625 0.45625 0.584375 0.459375 0.5796875 0.4640625 0.575 0.475 0.571875
2 0.0515625 0.703125 0.0609375 0.7078125 0.065625 0.715625 0.0671875 0.721875 0.065625 0.74375 0.0515625 0.7625 0.046875 0.7609375 0.0390625 0.7625 0.003125 0.78125 0 0.78125 0 0.71875 0.0078125 0.7125 0.0296875 0.703125 0.05 0.703125
2 0.6359375 0.690625 0.64375 0.6984375 0.646875 0.70625 0.6453125 0.728125 0.6265625 0.7484375 0.6125 0.7421875 0.6015625 0.7421875 0.5984375 0.734375 0.5984375 0.7125 0.6078125 0.690625 0.6125 0.6859375 0.6296875 0.6859375 0.634375 0.690625
2 0.4453125 0.578125 0.4484375 0.5796875 0.4515625 0.5859375 0.45 0.59375 0.4453125 0.59375 0.4390625 0.5890625 0.4328125 0.59375 0.43125 0.5875 0.4328125 0.58125 0.44375 0.578125
2 0.56875 0.5640625 0.5671875 0.55625 0.5703125 0.5484375 0.5765625 0.55 0.5765625 0.5640625 0.575 0.565625 0.5703125 0.5640625
2 0.55078125 0.57109375 0.01171875 0.02265625