0 0.4125 0.553125 0.4125 0.55625 0.4171875 0.559375 0.41875 0.5578125 0.4203125 0.5625 0.4203125 0.5796875 0.41875 0.5828125 0.4140625 0.5828125 0.409375 0.578125 0.409375 0.5609375 0.4125 0.5546875
3 0.89375 0.60625 0.896875 0.6078125 0.8984375 0.6125 0.8984375 0.6234375 0.8921875 0.6234375 0.890625 0.6140625 0.89375 0.6078125
3 0.8875 0.6625 0.9 0.6828125 0.903125 0.690625 0.9015625 0.696875 0.8953125 0.6953125 0.8875 0.6890625 0.88125 0.6890625 0.8765625 0.6828125 0.875 0.6734375 0.88125 0.665625 0.88125 0.6625 0.8828125 0.6609375 0.8859375 0.6625
3 0.990625 0.7109375 0.9984375 0.7171875 0.9984375 0.7375 0.990625 0.7375 0.9859375 0.734375 0.984375 0.715625 0.9890625 0.7109375
3 0.3953125 0.6171875 0.3984375 0.6171875 0.4 0.6203125 0.4 0.634375 0.3984375 0.6390625 0.3953125 0.6390625 0.39375 0.6328125 0.3953125 0.61875
4 0.546875 0.5546875 0.553125 0.5546875 0.5671875 0.5609375 0.575 0.5609375 0.5765625 0.5640625 0.575 0.5671875 0.5765625 0.590625 0.575 0.5921875 0.559375 0.58125 0.546875 0.5796875 0.5453125 0.5734375 0.5453125 0.5578125 0.546875 0.55625
4 0.8015625 0.6125 0.821875 0.6171875 0.8328125 0.6296875 0.8390625 0.6328125 0.840625 0.6359375 0.8390625 0.6515625 0.828125 0.65 0.821875 0.653125 0.8125 0.64375 0.796875 0.6390625 0.790625 0.6421875 0.7875 0.640625 0.7859375 0.6359375 0.778125 0.628125 0.778125 0.6203125 0.78125 0.615625 0.7921875 0.6171875 0.7953125 0.6140625 0.8 0.6140625
5 0.5046875 0.596875 0.5109375 0.6015625 0.5140625 0.6078125 0.5140625 0.615625 0.509375 0.625 0.4953125 0.625 0.49375 0.628125 0.478125 0.625 0.4765625 0.5984375 0.503125 0.596875
5 0.7375 0.603125 0.759375 0.625 0.759375 0.6375 0.7546875 0.640625 0.7484375 0.640625 0.740625 0.634375 0.7265625 0.63125 0.7140625 0.6328125 0.70625 0.628125 0.703125 0.6140625 0.70625 0.6 0.709375 0.596875 0.721875 0.6015625 0.7359375 0.603125
5 0.9828125 0.6390625 0.9984375 0.64375 0.9984375 0.6890625 0.9921875 0.690625 0.9875 0.690625 0.9796875 0.68125 0.9703125 0.6796875 0.965625 0.675 0.96875 0.640625 0.98125 0.6390625
5 0.5546875 0.5796875 0.5640625 0.5828125 0.571875 0.5890625 0.5765625 0.596875 0.5703125 0.6046875 0.565625 0.60625 0.5609375 0.603125 0.5515625 0.603125 0.55 0.6 0.546875 0.58125 0.553125 0.5796875
2 0.4303587962962963 0.57578125 0.012777777777777822 0.018842592592592668
2 0.503125 0.559375 0.5109375 0.5671875 0.5109375 0.578125 0.50625 0.575 0.5046875 0.5703125 0.4984375 0.571875 0.4953125 0.5703125 0.4953125 0.5640625 0.5015625 0.559375
2 0.45 0.565625 0.453125 0.565625 0.4578125 0.571875 0.4578125 0.5796875 0.4484375 0.58125 0.446875 0.5703125 0.45 0.5671875
2 0.2828125 0.6109375 0.284375 0.634375 0.2796875 0.6390625 0.278125 0.6390625 0.278125 0.6328125 0.2734375 0.628125 0.2703125 0.6265625 0.2625 0.628125 0.2578125 0.621875 0.265625 0.6140625 0.2734375 0.6109375 0.28125 0.6109375
2 0.9609375 0.596875 0.971875 0.6046875 0.971875 0.6171875 0.96875 0.6203125 0.9609375 0.6203125 0.953125 0.6140625 0.9515625 0.6 0.959375 0.596875
2 0.675 0.5984375 0.6859375 0.6140625 0.684375 0.6296875 0.678125 0.6296875 0.675 0.6125 0.6640625 0.6015625 0.665625 0.5984375 0.6734375 0.5984375
2 0.9 0.5828125 0.9109375 0.596875 0.9109375 0.6015625 0.9078125 0.6046875 0.8953125 0.603125 0.890625 0.5953125 0.8890625 0.5875 0.89375 0.5828125 0.8984375 0.5828125
2 0.7296875 0.5953125 0.734375 0.6 0.721875 0.6 0.7125 0.596875 0.7140625 0.5921875 0.725 0.5921875 0.728125 0.5953125
2 0.5015625 0.565625 0.5078125 0.56875 0.509375 0.571875 0.5078125 0.584375 0.5 0.584375 0.49375 0.578125 0.4953125 0.56875 0.5 0.565625
2 0.9352199074074076 0.5912384259259259 0.02054398148148149 0.015775462962962995
2 0.7010416666666666 0.6027835648148148 0.022268518518518566 0.026724537037036988
2 0.671875 0.5984375 0.6875 0.5984375 0.7 0.6140625 0.690625 0.6234375 0.6859375 0.621875 0.68125 0.6078125 0.6734375 0.6
2 0.2296064814814815 0.6289756944444445 0.03616898148148144 0.01589120370370365
2 0.6671875 0.6046875 0.6828125 0.621875 0.6828125 0.6265625 0.6796875 0.6296875 0.6515625 0.6265625 0.64375 0.621875 0.64375 0.6125 0.6484375 0.603125 0.659375 0.6015625 0.665625 0.6046875