3 0.64375 0.6296875 0.6484375 0.6359375 0.65 0.64375 0.6484375 0.653125 0.6453125 0.6546875 0.640625 0.6515625 0.6390625 0.6359375 0.6421875 0.63125
3 0.521875 0.590625 0.5296875 0.5890625 0.5296875 0.603125 0.5203125 0.6015625 0.521875 0.5921875
3 0.7109375 0.68125 0.7140625 0.69375 0.7171875 0.6875 0.728125 0.690625 0.73125 0.696875 0.7296875 0.7171875 0.7234375 0.7171875 0.7125 0.7109375 0.703125 0.709375 0.7015625 0.6953125 0.70625 0.6828125 0.709375 0.68125
3 0.171875 0.6390625 0.178125 0.6546875 0.178125 0.6671875 0.1609375 0.6765625 0.1578125 0.675 0.1625 0.6515625 0.1703125 0.640625
3 0.203125 0.6203125 0.20625 0.6203125 0.209375 0.625 0.2078125 0.6375 0.1984375 0.6421875 0.1859375 0.64375 0.1890625 0.6265625 0.1921875 0.6234375 0.196875 0.6234375 0.2 0.628125 0.203125 0.621875
3 0.3 0.60625 0.3078125 0.6140625 0.30625 0.625 0.3 0.628125 0.290625 0.628125 0.2875 0.6234375 0.2890625 0.609375 0.2921875 0.60625 0.2984375 0.6078125
3 0.2484375 0.6078125 0.2515625 0.6203125 0.2484375 0.6234375 0.240625 0.6234375 0.240625 0.61875 0.246875 0.609375
3 0.13125 0.66875 0.134375 0.6703125 0.13125 0.6984375 0.11875 0.703125 0.1140625 0.7078125 0.1078125 0.70625 0.109375 0.6875 0.115625 0.678125 0.1234375 0.678125 0.1296875 0.6703125
3 0.521875 0.7890625 0.5265625 0.790625 0.528125 0.80625 0.5265625 0.8265625 0.5125 0.8484375 0.5078125 0.8484375 0.50625 0.8390625 0.5078125 0.8171875 0.5171875 0.81875 0.5234375 0.8140625 0.521875 0.790625
3 0.1125 0.6234375 0.1125 0.6109375 0.115625 0.60625 0.11875 0.6078125 0.1203125 0.621875 0.1171875 0.625 0.1140625 0.6234375
3 0.015625 0.725 0.021875 0.728125 0.0390625 0.721875 0.0421875 0.728125 0.0375 0.746875 0.0234375 0.75 0.0171875 0.753125 0.0078125 0.7625 0 0.7640625 0 0.7421875 0.0140625 0.7265625
3 0.7984375 0.715625 0.8015625 0.7171875 0.8015625 0.7203125 0.796875 0.725 0.7953125 0.74375 0.7921875 0.746875 0.7703125 0.7359375 0.7625 0.7359375 0.7578125 0.728125 0.7578125 0.7234375 0.7671875 0.7109375 0.771875 0.7140625 0.771875 0.71875 0.7796875 0.725 0.7859375 0.7125 0.796875 0.715625
3 0.6609375 0.6515625 0.6640625 0.6515625 0.66875 0.65625 0.6703125 0.6625 0.6703125 0.6765625 0.6671875 0.6765625 0.6609375 0.6671875 0.659375 0.6578125 0.6609375 0.653125
3 0.59765625 0.6046875 0.00703125 0.02578125
3 0.5875 0.596875 0.00625 0.01875
5 0.475 0.5625 0.478125 0.565625 0.478125 0.5703125 0.4703125 0.5734375 0.4640625 0.5828125 0.4609375 0.5765625 0.453125 0.575 0.453125 0.56875 0.465625 0.5625 0.4734375 0.5625
5 0.071875 0.65625 0.075 0.6609375 0.075 0.7015625 0.065625 0.709375 0.059375 0.7109375 0.0546875 0.721875 0.046875 0.728125 0.04375 0.7265625 0.040625 0.7203125 0.0296875 0.721875 0.0265625 0.70625 0.0203125 0.703125 0.0171875 0.7078125 0.015625 0.7203125 0.0046875 0.7328125 0 0.73125 0 0.675 0.034375 0.6609375 0.0421875 0.6609375 0.053125 0.65625 0.0703125 0.65625
2 0.359375 0.6203125 0.3578125 0.615625 0.359375 0.6078125 0.365625 0.6 0.36875 0.6046875 0.36875 0.6203125 0.3609375 0.6203125
2 0.2515625 0.6234375 0.25625 0.628125 0.259375 0.6359375 0.259375 0.6453125 0.25625 0.6515625 0.2515625 0.65625 0.23125 0.6640625 0.225 0.671875 0.2078125 0.6703125 0.203125 0.6640625 0.20625 0.6515625 0.221875 0.634375 0.228125 0.6296875 0.2328125 0.6296875 0.2421875 0.625 0.25 0.625
2 0.3625 0.590625 0.365625 0.5953125 0.365625 0.6 0.359375 0.60625 0.3578125 0.6125 0.3546875 0.615625 0.34375 0.6171875 0.340625 0.6203125 0.334375 0.6203125 0.33125 0.6171875 0.3296875 0.6125 0.33125 0.6046875 0.3453125 0.590625 0.3515625 0.5890625 0.3609375 0.590625
2 0.578125 0.5609375 0.5796875 0.546875 0.5859375 0.5484375 0.5859375 0.559375 0.5796875 0.5609375
2 0.578125 0.5859375 0.575 0.5796875 0.578125 0.5703125 0.5859375 0.5703125 0.5890625 0.5734375 0.5890625 0.5828125 0.584375 0.5890625 0.5796875 0.5859375
2 0.7265625 0.6046875 0.7390625 0.6046875 0.7453125 0.6078125 0.7484375 0.6125 0.7390625 0.6125 0.7359375 0.615625 0.7359375 0.621875 0.73125 0.634375 0.7265625 0.6296875 0.728125 0.615625 0.7265625 0.60625
2 0.6015625 0.68125 0.6125 0.6859375 0.61875 0.6984375 0.61875 0.7234375 0.609375 0.7375 0.609375 0.7453125 0.6015625 0.7453125 0.5921875 0.740625 0.584375 0.740625 0.58125 0.74375 0.578125 0.7390625 0.5765625 0.715625 0.58125 0.6953125 0.5921875 0.68125 0.6 0.68125
2 0.4984375 0.590625 0.5015625 0.5953125 0.5015625 0.60625 0.4984375 0.609375 0.4828125 0.6078125 0.478125 0.60625 0.4765625 0.603125 0.4765625 0.5953125 0.4859375 0.5875 0.49375 0.5875 0.496875 0.590625
2 0.4453125 0.565625 0.446875 0.575 0.4421875 0.5796875 0.4328125 0.5765625 0.4328125 0.56875 0.4359375 0.565625 0.44375 0.565625
2 0.5046875 0.584375 0.5125 0.5921875 0.5078125 0.603125 0.503125 0.603125 0.5 0.5921875 0.4921875 0.5859375 0.49375 0.5828125 0.503125 0.584375
2 0.6140625 0.6203125 0.6234375 0.634375 0.6234375 0.65 0.621875 0.6515625 0.609375 0.6515625 0.5984375 0.64375 0.596875 0.63125 0.6 0.621875 0.6125 0.6203125
2 0.575 0.5828125 0.58125 0.590625 0.58125 0.603125 0.578125 0.6078125 0.571875 0.60625 0.565625 0.5984375 0.5625 0.5984375 0.5625 0.5859375 0.565625 0.5828125 0.5734375 0.5828125
2 0.765625 0.6171875 0.76875 0.615625 0.78125 0.6171875 0.7984375 0.6265625 0.7984375 0.6296875 0.7890625 0.628125 0.78125 0.6234375 0.775 0.6234375 0.765625 0.61875
2 0.13515625 0.64375 0.06484375 0.04375
2 0.284375 0.615625 0.2859375 0.6203125 0.2828125 0.6328125 0.2765625 0.6375 0.265625 0.6390625 0.259375 0.6375 0.259375 0.63125 0.2515625 0.621875 0.25625 0.6171875 0.2640625 0.6140625 0.2765625 0.6125 0.2828125 0.615625
2 0.7015625 0.6234375 0.7171875 0.628125 0.725 0.634375 0.725 0.65625 0.7171875 0.6640625 0.7046875 0.665625 0.6953125 0.6578125 0.675 0.653125 0.6703125 0.6453125 0.671875 0.6328125 0.684375 0.625 0.7 0.6234375
2 0.46875 0.575 0.484375 0.5703125 0.4890625 0.578125 0.4875 0.5859375 0.4796875 0.590625 0.475 0.590625 0.465625 0.5859375 0.465625 0.5796875 0.46875 0.5765625
2 0.553125 0.6203125 0.5515625 0.60625 0.5578125 0.6 0.565625 0.6 0.56875 0.603125 0.5734375 0.6109375 0.5734375 0.6234375 0.571875 0.6265625 0.5671875 0.6234375 0.559375 0.625 0.5546875 0.6203125
2 0.9078125 0.65625 0.9328125 0.65625 0.9453125 0.6609375 0.9453125 0.678125 0.940625 0.678125 0.928125 0.671875 0.9078125 0.6671875 0.90625 0.665625 0.9078125 0.6578125
2 0.3375 0.5875 0.340625 0.5921875 0.3296875 0.6046875 0.328125 0.6125 0.315625 0.61875 0.3125 0.61875 0.309375 0.6125 0.3109375 0.6015625 0.321875 0.590625 0.3359375 0.5875
2 0.4390625 0.58125 0.44375 0.584375 0.446875 0.5921875 0.4421875 0.5984375 0.440625 0.60625 0.4359375 0.609375 0.4328125 0.6078125 0.43125 0.603125 0.43125 0.5875 0.4375 0.58125
2 0.76875 0.66875 0.7890625 0.678125 0.7953125 0.684375 0.7984375 0.6921875 0.7984375 0.7109375 0.796875 0.7125 0.784375 0.709375 0.7796875 0.696875 0.771875 0.70625 0.7609375 0.7125 0.734375 0.7 0.7296875 0.684375 0.721875 0.6765625 0.7234375 0.6734375 0.7375 0.671875 0.7421875 0.66875 0.7515625 0.6671875 0.7671875 0.66875
2 0.553125 0.5359375 0.55625 0.534375 0.559375 0.5359375 0.559375 0.540625 0.5546875 0.5453125 0.5515625 0.5453125 0.553125 0.5375
2 0.53125 0.5578125 0.5296875 0.553125 0.5328125 0.5484375 0.5375 0.5484375 0.540625 0.5515625 0.5390625 0.5546875 0.5328125 0.5578125
2 0.4640625 0.5875 0.475 0.5921875 0.4765625 0.60625 0.4734375 0.615625 0.45 0.6140625 0.4453125 0.6125 0.44375 0.609375 0.44375 0.6015625 0.446875 0.5953125 0.4625 0.5875
2 0.459375 0.5765625 0.4609375 0.5859375 0.4484375 0.5921875 0.44375 0.5796875 0.45 0.5765625 0.4578125 0.5765625