3 0.0890625 0.7203125 0.0921875 0.7265625 0.0921875 0.7515625 0.0875 0.7546875 0.08125 0.753125 0.0640625 0.7703125 0.059375 0.7703125 0.0578125 0.7671875 0.0578125 0.759375 0.0671875 0.7296875 0.071875 0.728125 0.071875 0.7328125 0.078125 0.7390625 0.0859375 0.7296875 0.0875 0.721875
3 0.234375 0.609375 0.2328125 0.6 0.2390625 0.59375 0.2484375 0.5953125 0.25 0.60625 0.2484375 0.609375 0.2453125 0.6078125 0.2359375 0.609375
3 0.3203125 0.5953125 0.325 0.5984375 0.3265625 0.603125 0.325 0.615625 0.31875 0.615625 0.3171875 0.603125 0.3203125 0.596875
3 0.0390625 0.6625 0.0421875 0.665625 0.05625 0.6640625 0.059375 0.6671875 0.059375 0.675 0.0546875 0.68125 0.046875 0.6796875 0.0328125 0.684375 0.0296875 0.6875 0.025 0.684375 0.025 0.6765625 0.0328125 0.665625 0.0375 0.6625
3 0.6234375 0.6140625 0.6234375 0.6296875 0.6203125 0.6296875 0.61875 0.6265625 0.61875 0.615625 0.621875 0.6140625
3 0.1234375 0.609375 0.128125 0.615625 0.125 0.6265625 0.1234375 0.628125 0.115625 0.6265625 0.1125 0.6234375 0.1125 0.6140625 0.121875 0.6109375
3 0.2890625 0.6078125 0.29375 0.60625 0.3 0.6125 0.2984375 0.6203125 0.2859375 0.625 0.284375 0.6171875 0.2890625 0.609375
3 0.3140625 0.6171875 0.31875 0.6296875 0.30625 0.6359375 0.303125 0.6359375 0.303125 0.628125 0.30625 0.6203125 0.3125 0.6171875
5 0.5078125 0.6 0.03515625 0.02734375
5 0.4328125 0.56875 0.44375 0.5671875 0.453125 0.571875 0.453125 0.578125 0.440625 0.58125 0.4328125 0.5859375 0.43125 0.58125 0.4328125 0.5703125
5 0.4671875 0.5625 0.46875 0.5703125 0.4640625 0.5796875 0.4578125 0.578125 0.4546875 0.571875 0.4546875 0.565625 0.4578125 0.5625 0.465625 0.5625
5 0.196875 0.5984375 0.1984375 0.6 0.209375 0.5984375 0.2109375 0.61875 0.19375 0.63125 0.1859375 0.628125 0.1828125 0.6296875 0.175 0.628125 0.1703125 0.6328125 0.165625 0.6328125 0.159375 0.6296875 0.1578125 0.6265625 0.159375 0.6171875 0.16875 0.6046875 0.1828125 0.6 0.1953125 0.6
5 0.0578125 0.6 0.059375 0.603125 0.0546875 0.615625 0.0484375 0.6203125 0.0359375 0.61875 0.0375 0.6046875 0.040625 0.6 0.053125 0.5984375 0.05625 0.6
5 0.828125 0.68125 0.83125 0.684375 0.8421875 0.684375 0.8875 0.6984375 0.896875 0.7046875 0.8953125 0.7625 0.890625 0.759375 0.8765625 0.75625 0.8609375 0.759375 0.85 0.7484375 0.8328125 0.7421875 0.8234375 0.7359375 0.81875 0.7359375 0.815625 0.740625 0.809375 0.740625 0.80625 0.7375 0.803125 0.7265625 0.796875 0.7234375 0.7921875 0.7171875 0.79375 0.703125 0.80625 0.6828125 0.8140625 0.6796875 0.8265625 0.68125
5 0.37421875 0.58828125 0.05390625 0.02109375
5 0.4890625 0.5546875 0.490625 0.5609375 0.4859375 0.565625 0.478125 0.5640625 0.4734375 0.565625 0.4734375 0.5609375 0.4765625 0.55625 0.484375 0.553125 0.4875 0.5546875
4 0.596875 0.615625 0.6015625 0.61875 0.6078125 0.6328125 0.60625 0.659375 0.59375 0.6515625 0.5875 0.65625 0.58125 0.64375 0.58125 0.628125 0.5796875 0.6265625 0.5875 0.615625 0.5953125 0.615625
2 0.7375 0.6046875 0.7453125 0.6078125 0.7546875 0.615625 0.7484375 0.6203125 0.7453125 0.6171875 0.740625 0.6171875 0.734375 0.6234375 0.73125 0.63125 0.7265625 0.6265625 0.728125 0.61875 0.7265625 0.60625 0.7359375 0.6046875
2 0.2453125 0.634375 0.25 0.6390625 0.25 0.6484375 0.2453125 0.6578125 0.23125 0.659375 0.221875 0.6640625 0.2171875 0.6703125 0.2046875 0.671875 0.2 0.671875 0.196875 0.66875 0.1953125 0.6640625 0.196875 0.6578125 0.2140625 0.6390625 0.2328125 0.634375 0.24375 0.634375
2 0.46875 0.590625 0.4703125 0.60625 0.4640625 0.6140625 0.4390625 0.6140625 0.4328125 0.609375 0.4328125 0.6 0.4421875 0.5921875 0.453125 0.5875 0.4640625 0.5875 0.4671875 0.590625
2 0.490625 0.56875 0.49375 0.571875 0.49375 0.5765625 0.484375 0.5828125 0.4796875 0.58125 0.4796875 0.571875 0.4859375 0.5671875 0.4890625 0.56875
2 0.5703125 0.5578125 0.5765625 0.5578125 0.5796875 0.5703125 0.578125 0.575 0.56875 0.575 0.5703125 0.559375
2 0.2625 0.615625 0.2640625 0.628125 0.2609375 0.628125 0.25625 0.634375 0.2296875 0.6328125 0.21875 0.6375 0.215625 0.6359375 0.215625 0.628125 0.2265625 0.6171875 0.246875 0.609375 0.2578125 0.6125 0.2609375 0.615625
2 0.4546875 0.5796875 0.4578125 0.5828125 0.45625 0.5875 0.446875 0.5890625 0.4328125 0.5984375 0.434375 0.5859375 0.4390625 0.5828125 0.453125 0.5796875
2 0.5390625 0.603125 0.5453125 0.6046875 0.553125 0.6125 0.553125 0.6203125 0.55 0.6265625 0.540625 0.63125 0.5328125 0.625 0.5234375 0.6265625 0.51875 0.6234375 0.51875 0.6140625 0.5234375 0.6078125 0.528125 0.6046875 0.5375 0.603125
2 0.3671875 0.59375 0.36875 0.5953125 0.3671875 0.6125 0.3546875 0.6140625 0.3484375 0.6171875 0.340625 0.615625 0.3390625 0.6125 0.3421875 0.6015625 0.3578125 0.59375 0.365625 0.59375
2 0 0.6296875 0.00625 0.63125 0.009375 0.6375 0.0078125 0.6453125 0 0.6484375 0 0.63125
2 0.084375 0.5875 0.0953125 0.5890625 0.0953125 0.6 0.0921875 0.603125 0.0859375 0.603125 0.0796875 0.60625 0.06875 0.6015625 0.065625 0.5984375 0.065625 0.59375 0.0734375 0.5859375 0.0828125 0.5875
2 0.765625 0.6171875 0.7734375 0.615625 0.784375 0.61875 0.796875 0.625 0.8 0.6296875 0.790625 0.628125 0.7828125 0.6234375 0.775 0.6234375 0.765625 0.61875
2 0.578125 0.5953125 0.5859375 0.6 0.5890625 0.609375 0.5828125 0.6203125 0.578125 0.6234375 0.565625 0.6171875 0.559375 0.6171875 0.55625 0.6140625 0.55625 0.6078125 0.5609375 0.6 0.56875 0.5953125 0.5765625 0.5953125
2 0.52578125 0.55859375 0.01015625 0.01328125
2 0.5875 0.55 0.5921875 0.553125 0.5921875 0.5625 0.590625 0.5640625 0.584375 0.5625 0.5859375 0.5515625