2 0.5845949074074074 0.712962962962963 0.044178240740740726 0.05813657407407398
2 0.6254108796296296 0.792957175925926 0.06783564814814813 0.08799768518518505
2 0.6341724537037037 0.6648900462962963 0.03621527777777782 0.03776620370370374
5 0.3953530092592593 0.8412557870370371 0.15600694444444443 0.17927083333333335
2 0.5302141203703703 0.7766261574074074 0.08350694444444447 0.09436342592592588
2 0.2556481481481482 0.6105208333333334 0.05656249999999998 0.042604166666666644
2 0.5903993055555555 0.6676909722222222 0.03151620370370374 0.03616898148148131
2 0.6478761574074074 0.7134317129629629 0.04259259259259256 0.05500000000000007
2 0.5421412037037037 0.9572511574074074 0.1365972222222222 0.08549768518518519
4 0.48304976851851855 0.6043923611111112 0.04556712962962965 0.03471064814814824
2 0.6545775462962963 0.8634895833333335 0.09150462962962962 0.11942129629629647
2 0.7560416666666667 0.8775231481481482 0.08696759259259253 0.13969907407407406
2 0.698755787037037 0.7005266203703704 0.05502314814814824 0.04571759259259256
2 0.08326388888888889 0.5725231481481481 0.04247685185185186 0.03937500000000007
2 0.29877893518518517 0.5889641203703704 0.04400462962962966 0.03469907407407398
5 0.5578819444444445 0.6276041666666667 0.059791666666666646 0.05668981481481481