0 0.3 0.615625 0.3046875 0.6296875 0.3015625 0.646875 0.2953125 0.65 0.284375 0.6625 0.2734375 0.6609375 0.2640625 0.665625 0.25625 0.665625 0.253125 0.6625 0.253125 0.6328125 0.2734375 0.61875 0.2921875 0.6140625 0.2984375 0.615625
0 0.3046875 0.7890625 0.3140625 0.796875 0.3203125 0.809375 0.321875 0.81875 0.340625 0.8578125 0.340625 0.8640625 0.3484375 0.8828125 0.34375 0.90625 0.3453125 0.91875 0.34375 0.9421875 0.3484375 0.953125 0.35 0.96875 0.346875 0.978125 0.340625 0.9859375 0.3328125 0.99375 0.325 0.996875 0.3171875 0.99375 0.2953125 0.99375 0.29375 0.9921875 0.2765625 0.99375 0.275 0.9921875 0.2734375 0.9703125 0.265625 0.95 0.265625 0.940625 0.25625 0.90625 0.2578125 0.890625 0.253125 0.8734375 0.253125 0.8265625 0.2609375 0.8109375 0.271875 0.8 0.303125 0.7890625
3 0.8 0.61875 0.80625 0.6234375 0.8109375 0.6234375 0.8171875 0.6328125 0.815625 0.6390625 0.8 0.6375 0.7984375 0.6359375 0.8 0.6203125
3 0.2671875 0.58125 0.271875 0.5796875 0.275 0.5828125 0.2734375 0.5921875 0.2703125 0.59375 0.2625 0.5921875 0.2671875 0.5828125
3 0.39375 0.6 0.396875 0.603125 0.39375 0.6171875 0.390625 0.6171875 0.3875 0.60625 0.3890625 0.6015625 0.3921875 0.6
3 0.4328125 0.60625 0.4390625 0.6078125 0.440625 0.6125 0.440625 0.621875 0.4375 0.625 0.43125 0.625 0.428125 0.6140625 0.4328125 0.6078125
3 0.890625 0.6234375 0.89375 0.6234375 0.896875 0.6296875 0.89375 0.6390625 0.890625 0.6359375 0.890625 0.625
3 0.821875 0.66875 0.8265625 0.6703125 0.834375 0.684375 0.834375 0.6921875 0.83125 0.6953125 0.8265625 0.690625 0.8171875 0.690625 0.8109375 0.6859375 0.8078125 0.6671875 0.8078125 0.6625 0.8140625 0.6609375 0.8140625 0.6703125 0.8171875 0.6734375 0.821875 0.6703125
3 0.882662037037037 0.6190046296296297 0.007928240740740656 0.015682870370370326
3 0.8671875 0.6984375 0.8734375 0.6984375 0.8765625 0.703125 0.8859375 0.7 0.89375 0.7203125 0.89375 0.728125 0.884375 0.7234375 0.875 0.721875 0.86875 0.7140625 0.8671875 0.7
3 0.9578125 0.7546875 0.9625 0.75625 0.96875 0.7625 0.98125 0.784375 0.984375 0.78125 0.98125 0.75625 0.990625 0.7578125 0.996875 0.76875 0.9953125 0.7953125 0.975 0.784375 0.965625 0.7828125 0.959375 0.7765625 0.9578125 0.75625
3 0.3140625 0.73125 0.3125 0.746875 0.3078125 0.7609375 0.3046875 0.7609375 0.303125 0.75625 0.3015625 0.7375 0.303125 0.734375 0.3125 0.7328125
3 0.721875 0.621875 0.728125 0.628125 0.734375 0.640625 0.73125 0.646875 0.71875 0.640625 0.7171875 0.6234375 0.7203125 0.621875
3 0.7764583333333334 0.6244675925925925 0.009525462962962906 0.02038194444444441
3 0.7515625 0.628125 0.75 0.625 0.7515625 0.6109375 0.759375 0.6109375 0.7625 0.6171875 0.759375 0.6265625 0.75625 0.6296875 0.753125 0.628125
3 0.640625 0.5984375 0.640625 0.609375 0.6375 0.6125 0.6328125 0.6109375 0.6328125 0.6015625 0.6359375 0.596875 0.6390625 0.5984375
1 0.384375 0.596875 0.3828125 0.59375 0.384375 0.5625 0.390625 0.5609375 0.3953125 0.55625 0.40625 0.55625 0.4140625 0.553125 0.421875 0.55625 0.4234375 0.565625 0.421875 0.5875 0.4171875 0.5921875 0.4015625 0.6 0.3984375 0.6 0.390625 0.59375 0.3859375 0.596875
1 0.5484375 0.565625 0.5515625 0.5671875 0.565625 0.5640625 0.5703125 0.56875 0.5703125 0.5953125 0.5671875 0.6109375 0.5578125 0.6109375 0.5546875 0.6140625 0.5515625 0.6140625 0.546875 0.609375 0.5296875 0.609375 0.5265625 0.60625 0.5265625 0.578125 0.5296875 0.565625 0.53125 0.5640625 0.546875 0.565625
5 0.465625 0.78125 0.471875 0.7875 0.4796875 0.7875 0.4875 0.7921875 0.5296875 0.8265625 0.53125 0.8359375 0.5296875 0.9078125 0.5203125 0.9171875 0.5203125 0.928125 0.5140625 0.934375 0.503125 0.934375 0.5 0.9375 0.4921875 0.9375 0.4828125 0.9296875 0.4765625 0.934375 0.46875 0.9328125 0.4640625 0.91875 0.4640625 0.9046875 0.45625 0.8984375 0.440625 0.8796875 0.4359375 0.8796875 0.43125 0.8828125 0.4265625 0.878125 0.4234375 0.8640625 0.425 0.8546875 0.41875 0.8484375 0.4171875 0.84375 0.41875 0.8203125 0.4234375 0.8140625 0.4234375 0.809375 0.43125 0.790625 0.453125 0.778125 0.4640625 0.78125
5 0.5135243055555556 0.5639293981481481 0.020462962962962995 0.020462962962962995
2 0.053125 0.6453125 0.0671875 0.6421875 0.090625 0.6421875 0.0921875 0.646875 0.090625 0.653125 0.084375 0.653125 0.0765625 0.6578125 0.06875 0.6578125 0.05625 0.6640625 0.053125 0.6625 0.053125 0.646875
2 0.409375 0.5390625 0.4125 0.5390625 0.415625 0.54375 0.4140625 0.546875 0.4078125 0.546875 0.409375 0.540625
2 0.2734375 0.5984375 0.271875 0.603125 0.2734375 0.6171875 0.2703125 0.6203125 0.265625 0.6203125 0.2640625 0.6109375 0.259375 0.60625 0.2515625 0.60625 0.2609375 0.5984375 0.271875 0.5984375
2 0.4243287037037037 0.5453009259259259 0.00947916666666675 0.014131944444444499
2 0.38125 0.6265625 0.3890625 0.634375 0.3875 0.6375 0.3890625 0.65 0.3875 0.6546875 0.3796875 0.6625 0.3671875 0.659375 0.359375 0.6609375 0.359375 0.6421875 0.365625 0.628125 0.3796875 0.6265625
2 0.425 0.6140625 0.4296875 0.6203125 0.4296875 0.6328125 0.4203125 0.64375 0.40625 0.6421875 0.4046875 0.6359375 0.4109375 0.615625 0.4234375 0.6140625
2 0.3234375 0.63125 0.3359375 0.634375 0.340625 0.64375 0.340625 0.6578125 0.3375 0.6640625 0.3296875 0.6703125 0.328125 0.678125 0.3171875 0.675 0.3046875 0.6765625 0.3015625 0.671875 0.3015625 0.659375 0.3046875 0.646875 0.3140625 0.634375 0.321875 0.63125
2 0.4265625 0.5546875 0.43125 0.5578125 0.43125 0.5734375 0.4265625 0.575 0.4234375 0.5703125 0.425 0.55625
2 0.3640625 0.603125 0.3703125 0.6078125 0.371875 0.6125 0.3703125 0.621875 0.365625 0.625 0.353125 0.625 0.346875 0.63125 0.3359375 0.6296875 0.3296875 0.625 0.328125 0.6171875 0.33125 0.6046875 0.34375 0.5984375 0.3546875 0.5984375 0.3625 0.603125
2 0.4390625 0.5921875 0.4421875 0.5796875 0.4453125 0.5765625 0.45 0.5765625 0.4546875 0.5828125 0.453125 0.5953125 0.440625 0.5953125 0.440625 0.59375
2 0.7609375 0.6453125 0.771875 0.65 0.7765625 0.6546875 0.78125 0.653125 0.7859375 0.6546875 0.7984375 0.66875 0.80625 0.671875 0.8078125 0.6890625 0.7875 0.6921875 0.784375 0.6921875 0.778125 0.684375 0.775 0.684375 0.7671875 0.678125 0.7578125 0.6765625 0.7515625 0.671875 0.75 0.65 0.759375 0.6453125
2 0.4578125 0.540625 0.4640625 0.5453125 0.4625 0.5546875 0.4609375 0.5546875 0.4546875 0.5484375 0.4578125 0.5421875
2 0.4025810185185185 0.6677893518518518 0.02688657407407402 0.043946759259259324
2 0.3734375 0.6984375 0.38125 0.7046875 0.390625 0.71875 0.3953125 0.7390625 0.3953125 0.7625 0.3921875 0.7703125 0.3890625 0.771875 0.3625 0.7703125 0.35625 0.7765625 0.353125 0.7734375 0.353125 0.7609375 0.35 0.7546875 0.3421875 0.75 0.3375 0.7421875 0.3375 0.725 0.340625 0.7203125 0.3421875 0.7109375 0.3609375 0.6984375 0.371875 0.6984375
2 0.9921875 0.671875 0.990625 0.6609375 0.99375 0.65625 0.9984375 0.65625 0.9984375 0.675 0.9953125 0.675 0.99375 0.671875
2 0.4375 0.5890625 0.4390625 0.603125 0.4359375 0.6 0.4296875 0.6125 0.421875 0.6125 0.41875 0.609375 0.41875 0.59375 0.425 0.5859375 0.4328125 0.5859375 0.4359375 0.5890625
2 0.6578125 0.61875 0.665625 0.6234375 0.6671875 0.6359375 0.65625 0.6359375 0.6328125 0.63125 0.63125 0.6171875 0.634375 0.6125 0.640625 0.6109375 0.65 0.6125 0.65625 0.61875
2 0.234375 0.6078125 0.2375 0.609375 0.2484375 0.60625 0.25 0.6078125 0.2484375 0.615625 0.246875 0.6125 0.2390625 0.6109375 0.21875 0.615625 0.203125 0.621875 0.2015625 0.61875 0.2078125 0.6140625 0.21875 0.609375 0.2328125 0.6078125
2 0.95 0.61875 0.9515625 0.6203125 0.9546875 0.61875 0.9625 0.628125 0.9640625 0.64375 0.959375 0.646875 0.9546875 0.6328125 0.9421875 0.6203125 0.9484375 0.61875
2 0.50625 0.746875 0.5265625 0.759375 0.5359375 0.7734375 0.5359375 0.7796875 0.5390625 0.7859375 0.540625 0.815625 0.5328125 0.8265625 0.4796875 0.784375 0.46875 0.7828125 0.465625 0.778125 0.4609375 0.7765625 0.45 0.7765625 0.453125 0.7609375 0.4578125 0.7546875 0.471875 0.75 0.4859375 0.7484375 0.496875 0.74375 0.5015625 0.74375 0.5046875 0.746875
2 0.4125 0.690625 0.4203125 0.6921875 0.4359375 0.715625 0.434375 0.728125 0.4359375 0.740625 0.4296875 0.74375 0.4140625 0.74375 0.4078125 0.746875 0.396875 0.7359375 0.39375 0.728125 0.39375 0.7203125 0.3890625 0.7125 0.3890625 0.703125 0.396875 0.6953125 0.4109375 0.690625