2 0.4270428240740741 0.70078125 0.03791666666666664 0.05652777777777782
2 0.6878935185185184 0.5855324074074074 0.04714120370370374 0.03628472222222214
2 0.6060416666666667 0.8200694444444444 0.12114583333333329 0.11339120370370388
1 0.406875 0.6146990740740741 0.10533564814814814 0.08827546296296304
2 0.4469849537037037 0.6509317129629629 0.036226851851851906 0.03932870370370374
2 0.6262905092592593 0.9168721064814814 0.14497685185185177 0.16625578703703708
2 0.4575405092592592 0.5994502314814815 0.025208333333333322 0.028310185185185154
0 0.25952546296296297 0.760474537037037 0.0648842592592592 0.11141203703703724
1 0.34534722222222225 0.7454861111111111 0.09370370370370366 0.20537037037037037
2 0.4564699074074074 0.8767708333333333 0.10731481481481478 0.14453703703703696
2 0.4549594907407407 0.7783275462962964 0.07096064814814831 0.08802083333333321
3 0.9875347222222223 0.6885474537037037 0.0249305555555555 0.0783449074074074
3 0.8656365740740741 0.6407523148148149 0.03156250000000007 0.04241898148148149
2 0.9431944444444443 0.5647685185185185 0.03618055555555557 0.033078703703703735