2 0.7734375 0.6604166666666667 0.0625 0.04467592592592595
2 0.7078125 0.6168576388888889 0.046875 0.033506944444444464
2 0.5015625 0.9206944444444444 0.153125 0.14601851851851855
2 0.3828125 0.6724537037037037 0.034375 0.05207175925925931
2 0.3625 0.6180671296296296 0.0296875 0.03168981481481481
2 0.28125 0.6567708333333333 0.059375 0.04931712962962962
5 0.528125 0.8218634259259259 0.134375 0.1598032407407409
2 0.34921875 0.9112326388888888 0.115625 0.1548379629629629
5 0.82734375 0.6213368055555556 0.059375 0.04306712962962962
5 0.43984375 0.5997337962962963 0.0546875 0.04924768518518512
2 0.4140625 0.7415219907407408 0.071875 0.08387731481481478
2 0.33203125 0.6583622685185185 0.0359375 0.047407407407407474
2 0.19140625 0.7932581018518519 0.071875 0.12606481481481477
2 0.89765625 0.6242013888888889 0.0296875 0.02856481481481481
2 0.38828125 0.6317476851851852 0.028125 0.03166666666666664
5 0.48984375 0.5505555555555556 0.021875 0.019074074074074153
2 0.4328125 0.5654629629629631 0.021875 0.022199074074073975
3 0.87109375 0.6972511574074074 0.034375 0.047384259259259306
2 0.9828125 0.6151273148148148 0.0234375 0.025347222222222143
4 0.5328125 0.5811689814814816 0.059375 0.05556712962962962
2 0.90703125 0.6209374999999999 0.0390625 0.03339120370370381
2 0.12109375 0.7122685185185185 0.1171875 0.07048611111111107