3 0.2046875 0.6171875 0.2140625 0.6125 0.2203125 0.61875 0.2203125 0.6265625 0.2171875 0.63125 0.2046875 0.6265625 0.203125 0.625 0.2046875 0.61875
3 0.63125 0.659375 0.6359375 0.659375 0.640625 0.6671875 0.64375 0.6640625 0.646875 0.665625 0.646875 0.6828125 0.6453125 0.6828125 0.6296875 0.6765625 0.63125 0.6609375
3 0.625 0.70625 0.628125 0.7078125 0.6296875 0.7125 0.628125 0.73125 0.6234375 0.73125 0.6203125 0.7234375 0.6203125 0.7078125 0.6234375 0.70625
3 0.5875 0.7796875 0.5890625 0.81875 0.578125 0.8328125 0.578125 0.8359375 0.575 0.8359375 0.571875 0.8265625 0.5734375 0.796875 0.58125 0.803125 0.5875 0.8 0.5859375 0.7953125 0.5875 0.78125
3 0.709375 0.8 0.703125 0.7921875 0.703125 0.78125 0.7 0.775 0.7 0.76875 0.703125 0.765625 0.7078125 0.765625 0.7140625 0.7734375 0.715625 0.784375 0.7109375 0.7984375
3 0.2390625 0.609375 0.2421875 0.6125 0.2421875 0.6203125 0.234375 0.628125 0.2234375 0.6265625 0.2234375 0.6203125 0.2296875 0.6109375 0.2375 0.609375
3 0.490625 0.61875 0.49375 0.6265625 0.49375 0.63125 0.490625 0.634375 0.48125 0.6296875 0.4828125 0.6203125 0.4890625 0.61875
3 0.70625 0.6703125 0.7140625 0.6734375 0.7203125 0.6828125 0.721875 0.6984375 0.7171875 0.7 0.7125 0.6953125 0.7015625 0.69375 0.7 0.678125 0.7046875 0.671875
4 0.5828125 0.6046875 0.5921875 0.6109375 0.59375 0.621875 0.6109375 0.6390625 0.6109375 0.6515625 0.6078125 0.659375 0.603125 0.665625 0.596875 0.6671875 0.590625 0.6625 0.5796875 0.6625 0.571875 0.6453125 0.5703125 0.6375 0.571875 0.60625 0.58125 0.6046875
1 0.5917129629629629 0.5731018518518518 0.017442129629629655 0.034502314814814736
2 0.771875 0.628125 0.7859375 0.6265625 0.80625 0.6375 0.80625 0.640625 0.8015625 0.640625 0.79375 0.6359375 0.7734375 0.6328125 0.771875 0.6296875
2 0.634375 0.628125 0.634375 0.6125 0.640625 0.60625 0.646875 0.6046875 0.6609375 0.6078125 0.665625 0.6125 0.6671875 0.61875 0.665625 0.6328125 0.6546875 0.634375 0.6515625 0.6375 0.6484375 0.6359375 0.6453125 0.6296875 0.6359375 0.628125
2 0.6647337962962963 0.7283217592592592 0.037951388888888896 0.06121527777777782
2 0.6234375 0.796875 0.63125 0.8 0.6390625 0.8 0.6515625 0.80625 0.65625 0.8109375 0.659375 0.828125 0.6578125 0.846875 0.6515625 0.8578125 0.6484375 0.871875 0.64375 0.878125 0.6421875 0.896875 0.6390625 0.903125 0.634375 0.903125 0.6296875 0.90625 0.603125 0.896875 0.5921875 0.8890625 0.5890625 0.8640625 0.5890625 0.8546875 0.5984375 0.8359375 0.609375 0.8 0.6140625 0.796875 0.621875 0.796875
2 0.571875 0.5765625 0.5765625 0.578125 0.578125 0.58125 0.578125 0.5953125 0.575 0.5984375 0.5671875 0.5984375 0.565625 0.5953125 0.565625 0.58125 0.5703125 0.5765625
2 0.48125 0.578125 0.4859375 0.58125 0.4859375 0.590625 0.475 0.5953125 0.4671875 0.59375 0.4671875 0.5859375 0.4796875 0.578125
2 0.91875 0.6671875 0.95 0.6671875 0.9515625 0.66875 0.9546875 0.6671875 0.9578125 0.671875 0.959375 0.68125 0.959375 0.6875 0.9515625 0.6890625 0.9421875 0.6828125 0.93125 0.68125 0.9234375 0.6765625 0.9171875 0.6765625 0.91875 0.66875
2 0.590625 0.5890625 0.5953125 0.6015625 0.59375 0.6078125 0.58125 0.603125 0.5796875 0.5984375 0.5796875 0.590625 0.5890625 0.5890625
2 0.7359375 0.6140625 0.753125 0.621875 0.7578125 0.6265625 0.7578125 0.6296875 0.74375 0.6328125 0.7375 0.6421875 0.734375 0.6421875 0.73125 0.6171875 0.734375 0.615625
2 0.159375 0.6375 0.1625 0.6390625 0.1671875 0.65 0.1671875 0.6609375 0.1609375 0.6671875 0.159375 0.671875 0.15625 0.675 0.14375 0.675 0.1203125 0.68125 0.1109375 0.6890625 0.09375 0.6796875 0.0953125 0.665625 0.1140625 0.65625 0.125 0.6453125 0.1375 0.640625 0.146875 0.640625 0.15 0.6375 0.1578125 0.6375
2 0.2125 0.6296875 0.2171875 0.634375 0.2171875 0.6421875 0.209375 0.65 0.190625 0.653125 0.1828125 0.6578125 0.1703125 0.6578125 0.16875 0.6453125 0.18125 0.6328125 0.1875 0.6296875 0.1921875 0.628125 0.209375 0.628125 0.2109375 0.6296875
2 0.5578125 0.565625 0.5640625 0.565625 0.56875 0.571875 0.559375 0.584375 0.55625 0.5765625 0.5578125 0.5671875
2 0.334375 0.609375 0.3453125 0.6171875 0.3453125 0.6265625 0.3421875 0.6296875 0.325 0.634375 0.3234375 0.6375 0.309375 0.6359375 0.3078125 0.628125 0.321875 0.6109375 0.3328125 0.609375
2 0.5421875 0.5765625 0.55 0.5765625 0.553125 0.58125 0.5515625 0.5953125 0.5421875 0.596875 0.5390625 0.5921875 0.5421875 0.578125
2 0.2796875 0.6078125 0.284375 0.615625 0.284375 0.628125 0.278125 0.6359375 0.2765625 0.6359375 0.275 0.628125 0.2671875 0.621875 0.2578125 0.6234375 0.246875 0.621875 0.2578125 0.6109375 0.278125 0.6078125
2 0.159375 0.690625 0.1640625 0.696875 0.1640625 0.7015625 0.1625 0.70625 0.15625 0.7125 0.15625 0.715625 0.15 0.7203125 0.1375 0.721875 0.128125 0.7265625 0.1234375 0.73125 0.1203125 0.73125 0.1109375 0.7421875 0.1046875 0.7390625 0.103125 0.740625 0.0859375 0.7390625 0.08125 0.7359375 0.0796875 0.73125 0.08125 0.7265625 0.11875 0.6921875 0.1421875 0.6890625 0.1578125 0.690625
2 0.2671875 0.621875 0.271875 0.6234375 0.2765625 0.63125 0.2765625 0.6390625 0.2671875 0.65 0.2609375 0.640625 0.246875 0.6390625 0.2328125 0.646875 0.225 0.6546875 0.221875 0.653125 0.225 0.64375 0.2328125 0.6375 0.234375 0.6328125 0.2421875 0.625 0.2484375 0.621875 0.2515625 0.6234375 0.265625 0.621875
2 0.115625 0.6296875 0.11875 0.6328125 0.121875 0.6453125 0.115625 0.653125 0.1078125 0.65625 0.1046875 0.6546875 0.1015625 0.6578125 0.075 0.6578125 0.0703125 0.653125 0.0703125 0.646875 0.0734375 0.6421875 0.08125 0.6390625 0.0859375 0.6328125 0.0921875 0.6296875 0.0984375 0.628125 0.1140625 0.6296875
2 0.90625 0.740625 0.909375 0.74375 0.9109375 0.75625 0.909375 0.775 0.8984375 0.7703125 0.878125 0.7703125 0.871875 0.759375 0.871875 0.746875 0.875 0.740625 0.8859375 0.740625 0.8921875 0.74375 0.9046875 0.7421875
2 0.7 0.6265625 0.709375 0.6359375 0.7109375 0.65625 0.7046875 0.6609375 0.6953125 0.6625 0.690625 0.6609375 0.6828125 0.653125 0.671875 0.6515625 0.66875 0.6484375 0.66875 0.6390625 0.6796875 0.628125 0.6984375 0.6265625
2 0.25625 0.6390625 0.2640625 0.646875 0.2640625 0.6625 0.259375 0.6671875 0.2421875 0.6703125 0.234375 0.678125 0.2203125 0.6765625 0.215625 0.671875 0.2171875 0.6625 0.23125 0.6484375 0.2453125 0.640625 0.2546875 0.6390625