3 0.6015625 0.66875 0.609375 0.6703125 0.6109375 0.68125 0.6109375 0.6921875 0.60625 0.69375 0.6046875 0.6828125 0.6015625 0.6796875 0.6015625 0.6703125
3 0.5953125 0.5796875 0.596875 0.58125 0.5984375 0.5796875 0.596875 0.5921875 0.5953125 0.58125
3 0.16791666666666666 0.7324537037037037 0.025381944444444436 0.051747685185185154
3 0.2515625 0.6125 0.2578125 0.6140625 0.2609375 0.63125 0.2578125 0.634375 0.253125 0.634375 0.2515625 0.63125 0.2453125 0.628125 0.24375 0.6203125 0.25 0.6140625
3 0.740625 0.575 0.746875 0.58125 0.7484375 0.590625 0.746875 0.5921875 0.7375 0.5875 0.7390625 0.5765625
3 0.596875 0.6015625 0.5984375 0.6140625 0.5953125 0.6171875 0.5921875 0.6125 0.5921875 0.603125 0.5953125 0.6015625
3 0.612199074074074 0.5966898148148149 0.007962962962962995 0.020370370370370327
3 0.2265625 0.6703125 0.228125 0.6765625 0.234375 0.678125 0.2328125 0.690625 0.234375 0.696875 0.23125 0.7 0.2265625 0.7 0.2203125 0.70625 0.2171875 0.70625 0.2171875 0.6953125 0.2203125 0.684375 0.2203125 0.6734375 0.225 0.6703125
3 0.26875 0.6421875 0.2703125 0.64375 0.2734375 0.6421875 0.2765625 0.6484375 0.275 0.65625 0.26875 0.6609375 0.2640625 0.6609375 0.2671875 0.64375
3 0.2390625 0.6234375 0.2390625 0.634375 0.2359375 0.640625 0.2328125 0.640625 0.23125 0.6296875 0.2328125 0.6234375 0.234375 0.621875 0.2375 0.6234375
3 0.5788773148148147 0.6331597222222223 0.011122685185185156 0.025081018518518582
3 0.1125 0.6375 0.115625 0.64375 0.1140625 0.6484375 0.115625 0.653125 0.1140625 0.6546875 0.109375 0.653125 0.1078125 0.646875 0.1109375 0.6390625
3 0.634375 0.65 0.6421875 0.6515625 0.64375 0.6578125 0.6421875 0.66875 0.640625 0.66875 0.634375 0.6578125 0.634375 0.6515625
3 0.5765625 0.553125 0.5796875 0.5546875 0.5765625 0.5640625 0.5765625 0.5546875
3 0.640625 0.63125 0.64375 0.63125 0.646875 0.6359375 0.646875 0.64375 0.64375 0.6484375 0.6390625 0.634375 0.640625 0.6328125
3 0.5875 0.5640625 0.5890625 0.5765625 0.5875 0.5765625 0.5859375 0.565625
4 0.4890625 0.571875 0.4984375 0.5765625 0.496875 0.58125 0.4984375 0.596875 0.49375 0.6 0.484375 0.5984375 0.471875 0.5921875 0.4734375 0.578125 0.478125 0.5734375 0.4875 0.571875
5 0.5359375 0.803125 0.5625 0.8140625 0.5703125 0.8234375 0.5734375 0.8359375 0.5796875 0.8421875 0.58125 0.8828125 0.5828125 0.884375 0.5828125 0.8984375 0.5765625 0.9109375 0.575 0.9234375 0.5765625 0.9296875 0.5734375 0.9359375 0.5625 0.94375 0.559375 0.9546875 0.5453125 0.9828125 0.5359375 0.9953125 0.5375 0.9984375 0.4484375 0.9984375 0.4484375 0.978125 0.446875 0.9765625 0.4484375 0.9578125 0.44375 0.953125 0.44375 0.934375 0.4453125 0.9328125 0.44375 0.9234375 0.446875 0.9125 0.4453125 0.909375 0.446875 0.903125 0.5140625 0.825 0.5140625 0.821875 0.51875 0.81875 0.5265625 0.8078125 0.534375 0.803125
5 0.4609375 0.5765625 0.4640625 0.5828125 0.4625 0.5953125 0.4515625 0.596875 0.446875 0.6 0.4421875 0.5984375 0.440625 0.5921875 0.4421875 0.5796875 0.459375 0.5765625
5 0.065625 0.7171875 0.075 0.70625 0.078125 0.70625 0.090625 0.696875 0.1046875 0.690625 0.1109375 0.6890625 0.1296875 0.690625 0.1328125 0.715625 0.13125 0.7265625 0.1109375 0.7265625 0.109375 0.7296875 0.103125 0.7296875 0.0984375 0.7328125 0.0953125 0.73125 0.09375 0.725 0.0890625 0.721875 0.06875 0.7234375 0.0671875 0.71875
2 0.753125 0.596875 0.7625 0.603125 0.7625 0.609375 0.759375 0.609375 0.7578125 0.6046875 0.7515625 0.60625 0.74375 0.621875 0.7421875 0.621875 0.7390625 0.6109375 0.740625 0.60625 0.7390625 0.5953125 0.7453125 0.59375 0.7515625 0.596875
2 0.053125 0.78125 0.0640625 0.771875 0.06875 0.7609375 0.078125 0.75 0.1046875 0.73125 0.109375 0.73125 0.1125 0.728125 0.115625 0.7296875 0.1171875 0.728125 0.134375 0.728125 0.1453125 0.74375 0.1453125 0.753125 0.1375 0.7765625 0.1328125 0.78125 0.125 0.7796875 0.11875 0.7859375 0.1140625 0.7875 0.0984375 0.8015625 0.096875 0.8078125 0.0859375 0.815625 0.0796875 0.8140625 0.0640625 0.821875 0.040625 0.821875 0.0375 0.803125 0.04375 0.790625 0.053125 0.7828125
2 0.5671875 0.5375 0.56875 0.540625 0.5640625 0.5453125 0.559375 0.5453125 0.559375 0.5390625 0.5625 0.5359375 0.565625 0.5375
2 0.64375 0.7015625 0.6515625 0.709375 0.6546875 0.740625 0.6515625 0.75 0.65 0.76875 0.6375 0.7640625 0.628125 0.765625 0.615625 0.7640625 0.6140625 0.75 0.6109375 0.7453125 0.6140625 0.728125 0.6125 0.7234375 0.6171875 0.70625 0.615625 0.703125 0.625 0.6984375 0.6421875 0.7015625
2 0.5 0.5984375 0.5109375 0.6015625 0.5140625 0.6046875 0.5171875 0.615625 0.515625 0.621875 0.509375 0.625 0.5015625 0.621875 0.484375 0.621875 0.4828125 0.6203125 0.48125 0.615625 0.4828125 0.609375 0.4890625 0.603125 0.4984375 0.6
2 0.778125 0.6046875 0.8 0.60625 0.8109375 0.6109375 0.8125 0.6140625 0.809375 0.615625 0.7859375 0.6109375 0.778125 0.60625
2 0.4828125 0.596875 0.4890625 0.6015625 0.478125 0.6140625 0.4671875 0.6125 0.4671875 0.6046875 0.4640625 0.5984375 0.46875 0.5953125 0.48125 0.596875
2 0.0640625 0.6953125 0.0734375 0.6953125 0.0765625 0.6921875 0.0890625 0.690625 0.090625 0.69375 0.0671875 0.7109375 0.0640625 0.7171875 0.0640625 0.7234375 0.0515625 0.734375 0.0484375 0.74375 0.034375 0.7546875 0.0296875 0.7609375 0.0234375 0.7609375 0.0234375 0.74375 0.0203125 0.740625 0.0203125 0.728125 0.028125 0.7234375 0.0296875 0.7171875 0.0421875 0.7046875 0.0546875 0.6984375 0.0640625 0.696875
2 0.20625 0.640625 0.215625 0.646875 0.2140625 0.65 0.1953125 0.659375 0.184375 0.6609375 0.1796875 0.66875 0.16875 0.6765625 0.1671875 0.66875 0.1703125 0.6625 0.1890625 0.646875 0.2 0.640625 0.2046875 0.640625
2 0.3178125 0.6140393518518519 0.040868055555555574 0.0331134259259259
2 0.56875 0.578125 0.5765625 0.5765625 0.5796875 0.578125 0.58125 0.584375 0.58125 0.5921875 0.5796875 0.59375 0.5765625 0.5921875 0.571875 0.5953125 0.5671875 0.5875 0.56875 0.5796875
2 0.6140625 0.5578125 0.61875 0.56875 0.6171875 0.5765625 0.6078125 0.578125 0.6015625 0.56875 0.603125 0.5609375 0.6125 0.559375
2 0.2125 0.6484375 0.2265625 0.65 0.2296875 0.659375 0.228125 0.6640625 0.21875 0.671875 0.21875 0.678125 0.2140625 0.6875 0.2015625 0.6890625 0.1921875 0.7015625 0.1875 0.7 0.1859375 0.6953125 0.1796875 0.6890625 0.171875 0.6953125 0.1671875 0.690625 0.16875 0.6796875 0.18125 0.66875 0.184375 0.6625 0.196875 0.659375 0.1984375 0.65625 0.209375 0.653125 0.2125 0.65
2 0.5109375 0.5625 0.5140625 0.5609375 0.51875 0.5625 0.521875 0.56875 0.521875 0.578125 0.5171875 0.578125 0.509375 0.571875 0.5109375 0.5640625
2 0.7921875 0.6484375 0.803125 0.6515625 0.809375 0.65625 0.81875 0.675 0.81875 0.68125 0.8125 0.690625 0.8078125 0.6921875 0.8046875 0.690625 0.79375 0.696875 0.7875 0.696875 0.78125 0.6859375 0.7765625 0.6859375 0.765625 0.6796875 0.753125 0.68125 0.7453125 0.675 0.74375 0.66875 0.7453125 0.659375 0.7484375 0.65625 0.75625 0.65625 0.76875 0.646875 0.78125 0.6453125 0.790625 0.6484375
2 0.4609375 0.5984375 0.465625 0.6015625 0.4671875 0.60625 0.4671875 0.6140625 0.4609375 0.6234375 0.446875 0.621875 0.4421875 0.6109375 0.4421875 0.60625 0.446875 0.6 0.459375 0.5984375
2 0.3484375 0.6078125 0.353125 0.6140625 0.3546875 0.621875 0.35 0.63125 0.346875 0.634375 0.3328125 0.6359375 0.325 0.6421875 0.3125 0.6359375 0.3125 0.625 0.3171875 0.6234375 0.3234375 0.6140625 0.3265625 0.6140625 0.33125 0.609375 0.346875 0.6078125
2 0.3625 0.603125 0.3640625 0.6046875 0.3625 0.61875 0.3640625 0.621875 0.3578125 0.6234375 0.3546875 0.6203125 0.353125 0.6125 0.3484375 0.6078125 0.353125 0.603125 0.3609375 0.603125
2 0.015625 0.6671875 0.01875 0.66875 0.021875 0.675 0.0171875 0.684375 0.015625 0.66875
2 0.509375 0.5703125 0.515625 0.575 0.515625 0.5859375 0.5046875 0.5921875 0.5 0.590625 0.4984375 0.5796875 0.5015625 0.571875 0.5078125 0.5703125
2 0.11875 0.609375 0.1203125 0.61875 0.115625 0.621875 0.1078125 0.621875 0.10625 0.6125 0.109375 0.609375 0.1171875 0.609375
2 0.5953125 0.540625 0.6 0.55 0.596875 0.55625 0.590625 0.55 0.590625 0.5421875 0.59375 0.540625