0 0.0921875 0.64375 0.0921875 0.6640625 0.0953125 0.671875 0.0953125 0.684375 0.0921875 0.6875 0.0703125 0.690625 0.059375 0.6953125 0.040625 0.690625 0.0203125 0.690625 0.0046875 0.696875 0 0.696875 0 0.671875 0.00625 0.6703125 0.0140625 0.6640625 0.0296875 0.6609375 0.0328125 0.6578125 0.046875 0.6546875 0.0734375 0.64375 0.090625 0.64375
3 0.5609375 0.575 0.5640625 0.5765625 0.565625 0.58125 0.5640625 0.5921875 0.5609375 0.59375 0.5609375 0.5765625
3 0.234375 0.6328125 0.2328125 0.6125 0.2375 0.6078125 0.2421875 0.6078125 0.2453125 0.6125 0.2453125 0.63125 0.2359375 0.6328125
3 0.115625 0.6046875 0.11875 0.609375 0.11875 0.6234375 0.1125 0.6234375 0.1140625 0.60625
3 0.5859375 0.584375 0.5875 0.5859375 0.5859375 0.6015625 0.5828125 0.5984375 0.584375 0.5859375
5 0.1859375 0.6421875 0.1890625 0.6265625 0.2 0.6171875 0.21875 0.609375 0.2265625 0.609375 0.23125 0.615625 0.23125 0.6359375 0.228125 0.640625 0.2234375 0.6453125 0.21875 0.6453125 0.209375 0.640625 0.1875 0.6421875
5 0.35625 0.5828125 0.35625 0.6 0.346875 0.6078125 0.3453125 0.6125 0.328125 0.6109375 0.3234375 0.60625 0.3203125 0.5984375 0.321875 0.5890625 0.3265625 0.5859375 0.340625 0.5828125 0.3546875 0.5828125
5 0.146875 0.6421875 0.0671875 0.0484375
2 0.7265625 0.6046875 0.7390625 0.6046875 0.7546875 0.615625 0.7484375 0.6203125 0.7375 0.6203125 0.7296875 0.6296875 0.7265625 0.6265625 0.728125 0.6171875 0.7265625 0.60625
2 0.6 0.6046875 0.60625 0.6203125 0.6046875 0.63125 0.6 0.6296875 0.5890625 0.63125 0.5859375 0.625 0.58125 0.6234375 0.58125 0.6078125 0.590625 0.6015625 0.5984375 0.6046875
2 0.07421875 0.59375 0.02109375 0.01875
2 0.5015625 0.5609375 0.5125 0.5609375 0.5140625 0.5640625 0.5125 0.575 0.5046875 0.5796875 0.4984375 0.5796875 0.496875 0.56875 0.5015625 0.5625
2 0.0828125 0.6046875 0.0875 0.609375 0.0875 0.6203125 0.078125 0.628125 0.06875 0.628125 0.0625 0.615625 0.0671875 0.6078125 0.0734375 0.6046875 0.08125 0.6046875
2 0.2859375 0.5984375 0.29375 0.6015625 0.296875 0.60625 0.2953125 0.609375 0.2765625 0.6109375 0.259375 0.6234375 0.25625 0.621875 0.2578125 0.6125 0.2734375 0.6 0.284375 0.5984375
2 0.575 0.565625 0.5765625 0.5671875 0.575 0.5828125 0.5671875 0.58125 0.5671875 0.5671875 0.5734375 0.565625
2 0.1265625 0.6578125 0.1515625 0.6515625 0.165625 0.6515625 0.16875 0.65625 0.16875 0.6609375 0.165625 0.665625 0.15625 0.6734375 0.15 0.6828125 0.1390625 0.6875 0.13125 0.696875 0.11875 0.6984375 0.10625 0.696875 0.1015625 0.690625 0.1015625 0.6828125 0.11875 0.6640625 0.1265625 0.659375
2 0.6265625 0.971875 0.6421875 0.9796875 0.65 0.98125 0.6640625 0.9796875 0.6828125 0.9984375 0.590625 0.9984375 0.603125 0.9875 0.621875 0.9796875 0.625 0.9734375
2 0.46640625 0.5703125 0.015625 0.01484375
2 0.203125 0.6421875 0.215625 0.64375 0.2203125 0.6515625 0.2203125 0.66875 0.2171875 0.6765625 0.203125 0.6796875 0.1921875 0.6859375 0.1859375 0.696875 0.1796875 0.6953125 0.15625 0.696875 0.153125 0.6921875 0.15625 0.675 0.1703125 0.6625 0.171875 0.6578125 0.1875 0.64375 0.2015625 0.64375
2 0.0390625 0.7125 0.0546875 0.7 0.065625 0.6953125 0.0765625 0.69375 0.1015625 0.6953125 0.10625 0.7 0.109375 0.7078125 0.109375 0.7140625 0.10625 0.7203125 0.096875 0.73125 0.090625 0.73125 0.071875 0.740625 0.0671875 0.7453125 0.0640625 0.7453125 0.053125 0.759375 0.04375 0.7578125 0.03125 0.7625 0.015625 0.7609375 0.0140625 0.746875 0.0171875 0.7375 0.03125 0.7234375 0.03125 0.7203125 0.0390625 0.7140625
2 0.4125 0.80625 0.425 0.8125 0.4359375 0.809375 0.446875 0.809375 0.45625 0.8125 0.4671875 0.825 0.46875 0.853125 0.4640625 0.865625 0.4640625 0.8765625 0.459375 0.8875 0.45625 0.8890625 0.4453125 0.8875 0.4296875 0.9 0.4140625 0.9171875 0.4078125 0.9203125 0.4046875 0.9234375 0.403125 0.934375 0.396875 0.95 0.3890625 0.95625 0.3765625 0.94375 0.36875 0.940625 0.353125 0.9390625 0.3421875 0.925 0.3390625 0.915625 0.340625 0.88125 0.35 0.8484375 0.39375 0.8109375 0.4109375 0.80625
2 0.29375 0.60625 0.296875 0.6078125 0.3015625 0.621875 0.3015625 0.63125 0.296875 0.6375 0.2734375 0.64375 0.265625 0.65 0.2515625 0.6453125 0.2484375 0.6375 0.2515625 0.6296875 0.259375 0.621875 0.26875 0.61875 0.2796875 0.609375 0.2921875 0.6078125
2 0.46875 0.578125 0.4703125 0.5921875 0.45625 0.596875 0.4453125 0.596875 0.44375 0.5953125 0.4453125 0.5859375 0.4609375 0.5765625 0.4671875 0.578125
2 0.9078125 0.65625 0.9328125 0.65625 0.9453125 0.6609375 0.9453125 0.678125 0.9421875 0.678125 0.90625 0.665625 0.9078125 0.6578125
2 0.0375 0.6921875 0.0515625 0.6953125 0.053125 0.7015625 0.046875 0.703125 0.040625 0.709375 0.0265625 0.728125 0.0140625 0.7390625 0.0125 0.74375 0.0015625 0.7546875 0 0.7546875 0 0.7015625 0.0171875 0.69375 0.0359375 0.6921875
2 0.490625 0.5671875 0.4953125 0.5734375 0.4953125 0.58125 0.490625 0.5859375 0.484375 0.5875 0.4734375 0.5875 0.471875 0.5765625 0.478125 0.56875 0.4890625 0.5671875
2 0 0.6296875 0.0046875 0.6296875 0.009375 0.6359375 0.0078125 0.64375 0 0.65 0 0.63125
2 0.765625 0.6171875 0.7734375 0.615625 0.7859375 0.61875 0.7953125 0.6234375 0.8 0.6296875 0.790625 0.628125 0.7875 0.625 0.7734375 0.6234375 0.765625 0.61875
2 0.459375 0.5671875 0.4609375 0.575 0.4484375 0.58125 0.4421875 0.5890625 0.4359375 0.5890625 0.4328125 0.5859375 0.434375 0.5765625 0.4453125 0.56875 0.4578125 0.5671875
2 0.0578125 0.596875 0.059375 0.6046875 0.0546875 0.6078125 0.053125 0.6125 0.05 0.60625 0.0453125 0.6140625 0.0453125 0.6203125 0.040625 0.6234375 0.034375 0.621875 0.0359375 0.6046875 0.040625 0.5984375 0.046875 0.5953125 0.05625 0.596875
2 0.346875 0.6234375 0.346875 0.615625 0.35 0.609375 0.3609375 0.5984375 0.365625 0.596875 0.36875 0.5984375 0.3671875 0.6203125 0.3609375 0.6203125 0.3578125 0.6234375 0.3484375 0.6234375