0 0.21875 0.61875 0.21875 0.6234375 0.2125 0.628125 0.2109375 0.634375 0.2078125 0.6375 0.2 0.6390625 0.196875 0.6546875 0.184375 0.65625 0.18125 0.659375 0.1625 0.665625 0.1515625 0.6609375 0.15 0.6546875 0.1515625 0.6484375 0.16875 0.64375 0.171875 0.63125 0.1796875 0.6265625 0.1984375 0.6203125 0.2140625 0.6171875 0.2171875 0.61875
3 0.2703125 0.6296875 0.2703125 0.6171875 0.275 0.609375 0.28125 0.6171875 0.28125 0.6265625 0.2796875 0.6296875 0.271875 0.6296875
3 0.571875 0.621875 0.5765625 0.6234375 0.5796875 0.634375 0.5796875 0.65 0.5734375 0.659375 0.5671875 0.65 0.565625 0.634375 0.565625 0.6265625 0.5703125 0.621875
3 0.609375 0.6734375 0.6125 0.675 0.6171875 0.6734375 0.61875 0.678125 0.6171875 0.690625 0.615625 0.69375 0.6125 0.69375 0.609375 0.684375 0.6109375 0.6828125 0.609375 0.675
3 0.1109375 0.6265625 0.1140625 0.6296875 0.1171875 0.6453125 0.1140625 0.6484375 0.109375 0.646875 0.1078125 0.6421875 0.109375 0.628125
3 0.6125 0.5828125 0.615625 0.584375 0.61875 0.590625 0.615625 0.6 0.6125 0.6 0.6109375 0.5953125 0.6125 0.584375
3 0.578125 0.634375 0.5796875 0.65 0.5734375 0.659375 0.56875 0.6546875 0.56875 0.6359375 0.5765625 0.634375
3 0.2578125 0.6234375 0.265625 0.6265625 0.2671875 0.6296875 0.265625 0.6421875 0.2578125 0.646875 0.2515625 0.6453125 0.25 0.634375 0.2515625 0.628125 0.25625 0.625
3 0.6046875 0.575 0.60625 0.58125 0.603125 0.59375 0.5984375 0.5890625 0.5984375 0.5796875 0.603125 0.575
5 0.36875 0.5875 0.3703125 0.5984375 0.353125 0.6109375 0.346875 0.61875 0.34375 0.615625 0.34375 0.603125 0.3484375 0.59375 0.3625 0.5875 0.3671875 0.5875
5 0.6078125 0.5734375 0.60625 0.559375 0.609375 0.5546875 0.6140625 0.559375 0.6140625 0.571875 0.609375 0.5734375
5 0.21875 0.621875 0.2359375 0.615625 0.2484375 0.6171875 0.2484375 0.64375 0.24375 0.6484375 0.2296875 0.65 0.2203125 0.6578125 0.203125 0.6578125 0.2 0.6546875 0.2 0.6375 0.2046875 0.6328125 0.2046875 0.6296875 0.2046875 0.634375 0.2078125 0.6375 0.2125 0.628125 0.21875 0.6234375
5 0.1 0.625 0.103125 0.6296875 0.1046875 0.6484375 0.0984375 0.6578125 0.090625 0.6609375 0.0875 0.659375 0.0734375 0.6609375 0.0703125 0.6390625 0.075 0.6296875 0.0984375 0.625
5 0.653125 0.6953125 0.6640625 0.6984375 0.66875 0.70625 0.6734375 0.709375 0.671875 0.759375 0.665625 0.775 0.665625 0.784375 0.6625 0.790625 0.6546875 0.790625 0.64375 0.7859375 0.6328125 0.7859375 0.625 0.7796875 0.621875 0.7671875 0.6234375 0.7578125 0.621875 0.71875 0.6359375 0.69375 0.6515625 0.6953125
1 0.5890625 0.5515625 0.596875 0.5546875 0.5984375 0.5578125 0.5984375 0.58125 0.596875 0.5828125 0.5984375 0.5890625 0.5953125 0.5921875 0.5890625 0.590625 0.5828125 0.5921875 0.575 0.5796875 0.5765625 0.578125 0.575 0.55625 0.5796875 0.5515625 0.5875 0.5515625
2 0.5171875 0.565625 0.5203125 0.575 0.51875 0.58125 0.5140625 0.584375 0.5109375 0.5828125 0.509375 0.5703125 0.5109375 0.5671875 0.515625 0.565625
2 0.496875 0.565625 0.4984375 0.5703125 0.490625 0.578125 0.484375 0.578125 0.4828125 0.571875 0.4875 0.5671875 0.4953125 0.565625
2 0.5390625 0.74375 0.5609375 0.7484375 0.575 0.7578125 0.578125 0.76875 0.578125 0.7859375 0.5703125 0.8015625 0.5609375 0.8 0.5515625 0.8046875 0.54375 0.8125 0.540625 0.8359375 0.5375 0.8421875 0.5328125 0.8421875 0.5109375 0.8296875 0.4984375 0.8265625 0.4921875 0.8140625 0.4921875 0.79375 0.5015625 0.7671875 0.5234375 0.746875 0.5375 0.7453125
2 0.0690162037037037 0.61484375 0.020520833333333342 0.0140625
2 0.4875 0.5859375 0.4921875 0.5953125 0.490625 0.6015625 0.4875 0.6046875 0.471875 0.60625 0.4625 0.6046875 0.4609375 0.5984375 0.4640625 0.5921875 0.471875 0.5859375 0.4859375 0.5859375
2 0.4359375 0.5796875 0.45 0.575 0.453125 0.575 0.4546875 0.578125 0.4546875 0.58125 0.4484375 0.584375 0.446875 0.5828125 0.4359375 0.584375 0.4359375 0.58125
2 0.4859375 0.578125 0.4890625 0.5796875 0.4875 0.5859375 0.475 0.584375 0.4671875 0.5890625 0.4640625 0.5890625 0.465625 0.584375 0.471875 0.5796875 0.4765625 0.5796875 0.48125 0.5765625 0.484375 0.578125
2 0.55 0.5796875 0.5515625 0.5984375 0.540625 0.596875 0.540625 0.584375 0.54375 0.5796875 0.5484375 0.5796875
2 0.4671875 0.575 0.4703125 0.5796875 0.4640625 0.5859375 0.4609375 0.59375 0.4578125 0.59375 0.453125 0.5828125 0.4578125 0.575 0.465625 0.575
2 0.565625 0.6171875 0.565625 0.5984375 0.56875 0.5953125 0.5734375 0.5953125 0.578125 0.6 0.58125 0.6140625 0.5796875 0.621875 0.5671875 0.6171875
2 0.75 0.60625 0.759375 0.6109375 0.76875 0.6125 0.771875 0.615625 0.7625 0.621875 0.7578125 0.6171875 0.75 0.6171875 0.7484375 0.61875 0.75 0.621875 0.7453125 0.628125 0.7453125 0.634375 0.7390625 0.6296875 0.7390625 0.6078125 0.7484375 0.60625
2 0.325 0.6078125 0.328125 0.6203125 0.3234375 0.628125 0.3015625 0.63125 0.296875 0.634375 0.290625 0.6328125 0.2890625 0.6296875 0.2921875 0.61875 0.3078125 0.6078125 0.3140625 0.60625 0.3234375 0.6078125
2 0.4515625 0.5828125 0.45625 0.5921875 0.45625 0.5984375 0.4484375 0.60625 0.4359375 0.60625 0.434375 0.5875 0.4375 0.584375 0.45 0.5828125
2 0.1015625 0.6703125 0.1046875 0.671875 0.10625 0.6859375 0.103125 0.690625 0.096875 0.6921875 0.0890625 0.7 0.0796875 0.7 0.0578125 0.70625 0.05 0.70625 0.040625 0.7140625 0.0359375 0.7125 0.0265625 0.7140625 0.0234375 0.7078125 0.0265625 0.696875 0.034375 0.6890625 0.040625 0.6875 0.0640625 0.671875 0.1 0.6703125
2 0.778125 0.615625 0.790625 0.615625 0.7984375 0.6203125 0.8078125 0.621875 0.8125 0.6265625 0.8125 0.628125 0.8046875 0.628125 0.8 0.625 0.790625 0.625 0.7796875 0.6203125 0.778125 0.6171875
2 0.3596643518518518 0.61328125 0.02539351851851852 0.0265625
2 0.825 0.6890625 0.85 0.7 0.8546875 0.7046875 0.8609375 0.71875 0.8625 0.7296875 0.8609375 0.7421875 0.85 0.75 0.8359375 0.7546875 0.828125 0.753125 0.8234375 0.7453125 0.815625 0.7390625 0.80625 0.7375 0.7859375 0.728125 0.7796875 0.7296875 0.7703125 0.728125 0.7609375 0.7109375 0.7625 0.7 0.7671875 0.6921875 0.8 0.6890625 0.80625 0.6859375 0.8171875 0.6859375 0.8234375 0.6890625
2 0 0.659375 0.003125 0.6640625 0.003125 0.6703125 0 0.675 0 0.6609375
2 0.4890625 0.9296875 0.490625 0.93125 0.4953125 0.9296875 0.5015625 0.9328125 0.525 0.95 0.5328125 0.965625 0.5375 0.996875 0.5359375 0.9984375 0.4109375 0.9984375 0.41875 0.9875 0.41875 0.984375 0.425 0.9796875 0.428125 0.9734375 0.44375 0.95625 0.4515625 0.9515625 0.459375 0.953125 0.4640625 0.9515625 0.475 0.9375 0.4875 0.93125
2 0.4999710648148149 0.58203125 0.02378472222222223 0.0234375
2 0.04138310185185186 0.634375 0.025439814814814814 0.0296875