3 0.3390625 0.696875 0.3421875 0.6953125 0.346875 0.696875 0.3453125 0.7125 0.340625 0.71875 0.3390625 0.6984375
3 0.4734375 0.8234375 0.4796875 0.8296875 0.48125 0.840625 0.48125 0.853125 0.478125 0.8578125 0.475 0.8578125 0.46875 0.8515625 0.46875 0.8484375 0.45625 0.8390625 0.453125 0.83125 0.453125 0.81875 0.45625 0.8125 0.4578125 0.7984375 0.4609375 0.7953125 0.4640625 0.796875 0.4609375 0.80625 0.4640625 0.8140625 0.4640625 0.825 0.4671875 0.828125 0.471875 0.825
3 0.421875 0.58125 0.4265625 0.5828125 0.4265625 0.5875 0.4234375 0.590625 0.421875 0.590625 0.421875 0.5828125
3 0.7734375 0.6375 0.78125 0.6359375 0.7890625 0.6515625 0.7875 0.6625 0.784375 0.659375 0.7765625 0.6578125 0.771875 0.653125 0.7734375 0.6390625
3 0.6774074074074073 0.6292708333333333 0.015821759259259327 0.026678240740740745
3 0.7509432870370369 0.6165335648148147 0.014224537037037077 0.02197916666666666
3 0.8851273148148149 0.6433101851851852 0.017384259259259238 0.02668981481481474
3 0.4890625 0.6 0.490625 0.6140625 0.48125 0.6140625 0.48125 0.6046875 0.4875 0.6
3 0.3910821759259259 0.7849710648148148 0.023703703703703737 0.03611111111111116
3 0.609375 0.8875 0.6171875 0.8921875 0.6171875 0.90625 0.6125 0.9125 0.6125 0.921875 0.615625 0.9328125 0.6109375 0.9453125 0.60625 0.95 0.6015625 0.946875 0.5953125 0.9359375 0.5921875 0.9203125 0.5921875 0.903125 0.5953125 0.8984375 0.5953125 0.90625 0.5984375 0.909375 0.6015625 0.90625 0.6015625 0.8953125 0.6078125 0.8890625
0 0.43523726851851857 0.6251331018518519 0.045648148148148146 0.045648148148148146
2 0.4421875 0.9765625 0.453125 0.9875 0.4609375 0.9890625 0.4703125 0.9875 0.4734375 0.990625 0.4734375 0.9984375 0.4046875 0.9984375 0.421875 0.98125 0.434375 0.975 0.440625 0.9765625
2 0.5484375 0.5890625 0.553125 0.5984375 0.553125 0.609375 0.55 0.6140625 0.5421875 0.6140625 0.5234375 0.5984375 0.525 0.590625 0.5296875 0.5859375 0.54375 0.5859375 0.546875 0.5890625
2 0.5265625 0.5859375 0.5328125 0.5796875 0.5453125 0.58125 0.5484375 0.5859375 0.5484375 0.590625 0.528125 0.5875
2 0.396875 0.6765625 0.4015625 0.68125 0.4078125 0.6984375 0.4078125 0.7203125 0.403125 0.721875 0.4 0.71875 0.3953125 0.71875 0.3859375 0.7203125 0.3796875 0.725 0.3703125 0.7046875 0.3703125 0.6890625 0.371875 0.684375 0.378125 0.678125 0.3953125 0.6765625
2 0.553125 0.5796875 0.5578125 0.58125 0.5609375 0.5875 0.559375 0.5921875 0.553125 0.5921875 0.55 0.5890625 0.546875 0.58125 0.5515625 0.5796875
2 0.559375 0.590625 0.5625 0.596875 0.559375 0.6109375 0.55625 0.6109375 0.5546875 0.6078125 0.5546875 0.5921875 0.5578125 0.590625
2 0.546875 0.575 0.55 0.578125 0.55 0.584375 0.540625 0.5796875 0.5296875 0.58125 0.5359375 0.5734375 0.5453125 0.575
2 0.6338715277777778 0.6000405092592592 0.018842592592592577 0.012638888888888911
2 0.48724537037037036 0.5653587962962963 0.012627314814814827 0.017280092592592576
2 0.640625 0.6046875 0.65 0.6046875 0.6609375 0.6109375 0.665625 0.621875 0.6640625 0.628125 0.6578125 0.6296875 0.646875 0.6265625 0.646875 0.61875 0.640625 0.6109375 0.640625 0.60625
2 0.2328125 0.615625 0.246875 0.60625 0.259375 0.6046875 0.2609375 0.60625 0.2609375 0.6296875 0.2578125 0.63125 0.2546875 0.6234375 0.2484375 0.61875 0.240625 0.6203125 0.234375 0.6171875
2 0.7296875 0.628125 0.7359375 0.6296875 0.7375 0.6328125 0.7484375 0.634375 0.7703125 0.65625 0.76875 0.66875 0.7515625 0.671875 0.7484375 0.671875 0.7421875 0.6640625 0.7296875 0.6578125 0.7234375 0.659375 0.7171875 0.65 0.715625 0.64375 0.7171875 0.6359375 0.721875 0.6296875 0.728125 0.628125
2 0.946875 0.728125 0.975 0.7328125 0.990625 0.740625 0.9875 0.7984375 0.9828125 0.7984375 0.9765625 0.7875 0.959375 0.775 0.9453125 0.7671875 0.934375 0.7640625 0.928125 0.75625 0.928125 0.753125 0.9234375 0.75 0.921875 0.7421875 0.9265625 0.7296875 0.9328125 0.7265625 0.9453125 0.728125
2 0.21875 0.6140625 0.2234375 0.615625 0.2234375 0.61875 0.203125 0.6234375 0.19375 0.628125 0.190625 0.628125 0.19375 0.621875 0.2171875 0.6140625
2 0.521875 0.5984375 0.534375 0.6078125 0.5328125 0.621875 0.53125 0.6234375 0.5171875 0.621875 0.5078125 0.625 0.503125 0.6234375 0.4984375 0.6140625 0.4984375 0.603125 0.5078125 0.596875 0.5203125 0.5984375
2 0.075 0.6515625 0.0796875 0.65625 0.078125 0.6625 0.0546875 0.66875 0.046875 0.6734375 0.040625 0.6734375 0.040625 0.6546875 0.05625 0.6515625 0.0734375 0.6515625
2 0.9234375 0.6015625 0.9296875 0.6078125 0.9296875 0.615625 0.9203125 0.615625 0.9109375 0.6046875 0.9140625 0.6015625 0.921875 0.6015625
2 0.2578125 0.653125 0.271875 0.65625 0.2796875 0.6609375 0.2890625 0.6609375 0.2921875 0.6640625 0.29375 0.6796875 0.290625 0.6828125 0.290625 0.6875 0.2859375 0.690625 0.271875 0.6875 0.2640625 0.6921875 0.259375 0.6921875 0.25 0.7 0.25 0.7046875 0.2453125 0.709375 0.2328125 0.7046875 0.2203125 0.6953125 0.2203125 0.6828125 0.225 0.66875 0.23125 0.6609375 0.25625 0.653125
2 0.6296875 0.60625 0.6328125 0.6109375 0.64375 0.615625 0.6453125 0.6234375 0.6390625 0.6328125 0.634375 0.6328125 0.6296875 0.6296875 0.6265625 0.63125 0.6234375 0.628125 0.6234375 0.60625 0.625 0.6046875 0.628125 0.60625
2 0.4 0.5390625 0.4046875 0.5390625 0.40625 0.5453125 0.40625 0.5484375 0.4 0.5484375 0.4 0.540625
2 0.525 0.5625 0.5296875 0.56875 0.5296875 0.5796875 0.525 0.5859375 0.5125 0.5796875 0.5140625 0.5640625 0.5171875 0.5609375 0.5234375 0.5625
2 0.946875 0.6140625 0.953125 0.615625 0.9578125 0.6203125 0.959375 0.625 0.9578125 0.640625 0.9484375 0.6390625 0.9484375 0.6359375 0.9375 0.621875 0.9375 0.6171875 0.940625 0.6140625 0.9453125 0.6140625
5 0.5052488425925926 0.5608043981481481 0.017303240740740744 0.015752314814814827
5 0.825 0.6140625 0.84375 0.6171875 0.8484375 0.621875 0.8515625 0.63125 0.8515625 0.640625 0.84375 0.646875 0.8265625 0.640625 0.81875 0.6453125 0.8 0.6359375 0.7984375 0.6234375 0.8 0.6140625 0.803125 0.6109375 0.8234375 0.6140625
5 0.946875 0.690625 0.95 0.6890625 0.971875 0.690625 0.990625 0.7 0.990625 0.7375 0.9875 0.7375 0.9765625 0.73125 0.94375 0.7265625 0.9421875 0.7109375 0.94375 0.696875 0.946875 0.6921875
5 0.6828125 0.603125 0.7 0.603125 0.7078125 0.6078125 0.7140625 0.6078125 0.725 0.61875 0.725 0.6265625 0.7171875 0.6328125 0.7140625 0.640625 0.7046875 0.634375 0.6984375 0.6328125 0.6890625 0.634375 0.6859375 0.6328125 0.68125 0.6234375 0.68125 0.60625 0.6828125 0.6046875