0 0.48125 0.5875 0.4859375 0.590625 0.4859375 0.6109375 0.478125 0.6171875 0.4515625 0.615625 0.44375 0.6125 0.4375 0.6140625 0.434375 0.6125 0.434375 0.6046875 0.4375 0.5953125 0.4484375 0.5859375 0.478125 0.5859375 0.4796875 0.5875
0 0.4984375 0.621875 0.490625 0.6171875 0.4921875 0.60625 0.4984375 0.596875 0.5015625 0.59375 0.525 0.59375 0.5328125 0.5953125 0.5359375 0.5984375 0.534375 0.6265625 0.5 0.6203125
1 0.5921875 0.5359375 0.6 0.540625 0.5984375 0.5640625 0.596875 0.565625 0.5890625 0.5640625 0.5875 0.5453125 0.590625 0.5375
3 0.5921875 0.5703125 0.59375 0.5734375 0.5921875 0.5859375 0.5890625 0.5859375 0.590625 0.571875
3 0.58125 0.83125 0.5890625 0.840625 0.5890625 0.8515625 0.58125 0.8625 0.578125 0.871875 0.575 0.8734375 0.5734375 0.8640625 0.5703125 0.859375 0.5703125 0.8375 0.571875 0.834375 0.575 0.8359375 0.5796875 0.8328125
3 0.225 0.6171875 0.228125 0.6203125 0.228125 0.628125 0.215625 0.6328125 0.2109375 0.6328125 0.2109375 0.6234375 0.2140625 0.61875 0.2203125 0.615625 0.2234375 0.6171875
3 0.196875 0.6390625 0.1828125 0.6375 0.1859375 0.6265625 0.1890625 0.6234375 0.1984375 0.625 0.2 0.6265625 0.2 0.6375 0.1984375 0.6375
3 0.5421875 0.5796875 0.54375 0.5703125 0.546875 0.56875 0.546875 0.5796875 0.54375 0.58125
3 0.1171875 0.7078125 0.121875 0.70625 0.121875 0.7125 0.1171875 0.7171875 0.11875 0.728125 0.1140625 0.7390625 0.0921875 0.75625 0.0859375 0.7546875 0.0890625 0.7359375 0.096875 0.7171875 0.1 0.7171875 0.103125 0.721875 0.109375 0.721875 0.1140625 0.7171875 0.1140625 0.7125 0.1171875 0.709375
3 0.2421875 0.5984375 0.2453125 0.603125 0.2453125 0.6109375 0.2421875 0.615625 0.234375 0.6140625 0.228125 0.615625 0.2265625 0.6109375 0.2328125 0.5984375 0.240625 0.5984375
3 0.3453125 0.609375 0.35 0.6171875 0.35 0.625 0.346875 0.6265625 0.334375 0.625 0.3375 0.615625 0.34375 0.609375
3 0.3203125 0.6171875 0.31875 0.603125 0.3234375 0.596875 0.328125 0.6 0.328125 0.6140625 0.321875 0.6171875
3 0.8140625 0.928125 0.8171875 0.93125 0.8265625 0.93125 0.83125 0.9359375 0.8328125 0.94375 0.8390625 0.9515625 0.8375 0.9546875 0.8390625 0.95625 0.8390625 0.9875 0.840625 0.9890625 0.840625 0.99375 0.821875 0.99375 0.8140625 0.9828125 0.8140625 0.9625 0.8046875 0.946875 0.8140625 0.9296875
3 0.70625 0.6546875 0.7125 0.6609375 0.7125 0.6765625 0.715625 0.6828125 0.7140625 0.6890625 0.7125 0.690625 0.7078125 0.6890625 0.703125 0.678125 0.7015625 0.6609375 0.7046875 0.65625
5 0.6359375 0.5921875 0.6390625 0.596875 0.6390625 0.61875 0.6359375 0.6234375 0.6265625 0.621875 0.6171875 0.6171875 0.6109375 0.6171875 0.609375 0.609375 0.609375 0.596875 0.6125 0.5890625 0.6234375 0.5875 0.634375 0.5921875
4 0.4965914351851852 0.565625 0.022060185185185245 0.025
2 0.4484375 0.565625 0.4515625 0.56875 0.4515625 0.5734375 0.446875 0.5828125 0.4421875 0.5859375 0.434375 0.584375 0.428125 0.5765625 0.428125 0.5671875 0.4328125 0.5671875 0.4375 0.5640625 0.446875 0.565625
2 0.2859375 0.5984375 0.29375 0.5953125 0.3046875 0.5953125 0.3109375 0.6015625 0.3109375 0.6109375 0.30625 0.615625 0.3 0.609375 0.28125 0.6109375 0.278125 0.6140625 0.2765625 0.6125 0.271875 0.6140625 0.2734375 0.609375 0.2859375 0.6
2 0.15625 0.640625 0.159375 0.653125 0.159375 0.6625 0.15625 0.6671875 0.1421875 0.6703125 0.1390625 0.6734375 0.128125 0.6734375 0.1140625 0.6796875 0.1015625 0.678125 0.103125 0.6625 0.109375 0.65625 0.1140625 0.65625 0.1328125 0.6421875 0.1484375 0.6390625 0.1546875 0.640625
2 0.47463541666666664 0.5765625 0.02357638888888891 0.01875
2 0.5621238425925925 0.578125 0.014212962962962993 0.0203125
2 0.6640625 0.6421875 0.671875 0.6578125 0.671875 0.6765625 0.6703125 0.678125 0.665625 0.6734375 0.65 0.6734375 0.6421875 0.6578125 0.6421875 0.64375 0.646875 0.6375 0.6625 0.6421875
2 0.4609375 0.5578125 0.4703125 0.55625 0.4734375 0.5578125 0.475 0.5625 0.471875 0.5671875 0.4625 0.56875 0.459375 0.5671875 0.4609375 0.559375
2 0.7234375 0.6015625 0.7390625 0.6 0.746875 0.6046875 0.75 0.6078125 0.75 0.6125 0.746875 0.6140625 0.740625 0.6125 0.7296875 0.6265625 0.7265625 0.6234375 0.7265625 0.6046875 0.725 0.603125
2 0.090625 0.6296875 0.0984375 0.621875 0.10625 0.61875 0.1203125 0.61875 0.125 0.6203125 0.128125 0.625 0.128125 0.6359375 0.121875 0.640625 0.1140625 0.640625 0.1109375 0.64375 0.1046875 0.640625 0.0890625 0.64375 0.090625 0.63125
2 0.39375 0.5875 0.4 0.590625 0.3984375 0.6125 0.3953125 0.6140625 0.39375 0.5890625
2 0.259375 0.6265625 0.265625 0.625 0.2703125 0.6203125 0.2734375 0.6125 0.284375 0.609375 0.2984375 0.6078125 0.30625 0.6171875 0.30625 0.6296875 0.3015625 0.6375 0.2984375 0.6390625 0.2921875 0.6375 0.2875 0.640625 0.278125 0.6421875 0.2703125 0.6484375 0.259375 0.6453125 0.2546875 0.6359375 0.25625 0.6296875 0.259375 0.628125
2 0.578125 0.6015625 0.590625 0.5984375 0.596875 0.6046875 0.6 0.6125 0.6 0.628125 0.5890625 0.6265625 0.584375 0.6296875 0.5765625 0.6203125 0.578125 0.603125
2 0.94375 0.65 0.9484375 0.6546875 0.946875 0.6703125 0.9421875 0.6703125 0.9140625 0.659375 0.9078125 0.659375 0.909375 0.65 0.9109375 0.6484375 0.928125 0.6484375 0.9421875 0.6515625
2 0.06744791666666668 0.59765625 0.02197916666666667 0.0140625
2 0.3588425925925926 0.59921875 0.012627314814814782 0.0171875
2 0.3234375 0.5828125 0.328125 0.590625 0.328125 0.596875 0.3265625 0.5984375 0.3234375 0.596875 0.315625 0.6046875 0.3125 0.6046875 0.309375 0.5984375 0.3046875 0.5953125 0.303125 0.5890625 0.309375 0.584375 0.321875 0.5828125
2 0.6484375 0.7453125 0.6734375 0.753125 0.678125 0.7578125 0.68125 0.7671875 0.6796875 0.7953125 0.671875 0.8078125 0.6703125 0.8265625 0.665625 0.83125 0.64375 0.825 0.6265625 0.815625 0.6265625 0.7875 0.6328125 0.7703125 0.63125 0.7671875 0.6375 0.75 0.6421875 0.7453125 0.646875 0.7453125
2 0 0.6421875 0.0015625 0.64375 0 0.6515625 0 0.64375
2 0.465625 0.5671875 0.46875 0.56875 0.46875 0.571875 0.4609375 0.584375 0.45625 0.584375 0.453125 0.58125 0.453125 0.5765625 0.459375 0.5671875 0.4640625 0.5671875
2 0.49375 0.5578125 0.49375 0.578125 0.4890625 0.578125 0.4796875 0.56875 0.4828125 0.5640625 0.4921875 0.559375
2 0.428125 0.5953125 0.4265625 0.5828125 0.4296875 0.5796875 0.4328125 0.58125 0.4359375 0.590625 0.4328125 0.5953125 0.4296875 0.5953125
2 0.2078125 0.603125 0.2109375 0.6078125 0.2109375 0.621875 0.20625 0.628125 0.2015625 0.6265625 0.2015625 0.6203125 0.196875 0.6125 0.1796875 0.634375 0.175 0.634375 0.1703125 0.6375 0.1625 0.63125 0.1625 0.6234375 0.16875 0.6171875 0.1828125 0.60625 0.20625 0.603125
2 0.771875 0.60625 0.7875 0.6125 0.796875 0.61875 0.7984375 0.6234375 0.790625 0.621875 0.7875 0.61875 0.7796875 0.61875 0.7671875 0.6140625 0.7640625 0.615625 0.759375 0.6125 0.7546875 0.6125 0.7546875 0.609375 0.7578125 0.6078125 0.7703125 0.60625
2 0.0484375 0.603125 0.0515625 0.609375 0.046875 0.615625 0.046875 0.6203125 0.040625 0.628125 0.0375 0.63125 0.0328125 0.63125 0.0296875 0.628125 0.0296875 0.6109375 0.0359375 0.6046875 0.046875 0.6046875
2 0.51875 0.5515625 0.5234375 0.5515625 0.5265625 0.5546875 0.525 0.5625 0.5171875 0.5640625 0.515625 0.5578125 0.51875 0.553125
2 0.5859375 0.5359375 0.5875 0.5375 0.5859375 0.5484375 0.58125 0.546875 0.58125 0.5421875 0.584375 0.5375