1 0.5161342592592593 0.5602083333333334 0.029884259259259326 0.026782407407407404
1 0.6515625 0.553125 0.653125 0.5546875 0.6796875 0.553125 0.6859375 0.55625 0.6953125 0.5578125 0.7015625 0.55625 0.7078125 0.559375 0.7140625 0.5953125 0.7109375 0.6015625 0.7078125 0.603125 0.7046875 0.6015625 0.6875 0.603125 0.68125 0.5984375 0.6796875 0.6 0.6734375 0.59375 0.6671875 0.59375 0.6453125 0.584375 0.6265625 0.5875 0.6265625 0.58125 0.6234375 0.5765625 0.625 0.565625 0.621875 0.5625 0.6234375 0.5546875 0.625 0.553125 0.640625 0.5546875 0.65 0.553125
3 0.41204861111111113 0.5851967592592592 0.0063773148148147385 0.017233796296296244
3 0.4046875 0.734375 0.409375 0.7203125 0.4171875 0.7234375 0.41875 0.7375 0.415625 0.7390625 0.4109375 0.7484375 0.4078125 0.7453125 0.40625 0.734375
3 0.8 0.578125 0.8015625 0.5796875 0.8125 0.578125 0.8171875 0.5890625 0.8171875 0.596875 0.8140625 0.6 0.8 0.596875 0.7953125 0.5890625 0.79375 0.58125 0.7984375 0.578125
3 0.7359375 0.6109375 0.740625 0.6125 0.7453125 0.6203125 0.7453125 0.634375 0.7375 0.6328125 0.7359375 0.634375 0.73125 0.63125 0.728125 0.6171875 0.73125 0.6125 0.734375 0.6125
3 0.4828125 0.5734375 0.4875 0.578125 0.4875 0.5890625 0.484375 0.5890625 0.4828125 0.575
4 0.7578125 0.5953125 0.765625 0.596875 0.7734375 0.590625 0.79375 0.5921875 0.803125 0.6015625 0.8171875 0.6078125 0.8203125 0.6140625 0.81875 0.625 0.8078125 0.61875 0.8 0.61875 0.7921875 0.6140625 0.784375 0.615625 0.7765625 0.6125 0.7703125 0.615625 0.765625 0.625 0.7625 0.621875 0.7609375 0.6140625 0.7546875 0.6078125 0.7546875 0.596875 0.75625 0.596875
5 0.9 0.603125 0.915625 0.6015625 0.9234375 0.6046875 0.93125 0.603125 0.9484375 0.60625 0.9546875 0.6046875 0.965625 0.609375 0.9734375 0.6171875 0.99375 0.6296875 0.99375 0.65625 0.9875 0.659375 0.98125 0.6578125 0.9765625 0.653125 0.9703125 0.6515625 0.96875 0.653125 0.9515625 0.6484375 0.91875 0.65 0.9109375 0.6421875 0.9015625 0.640625 0.9 0.6375 0.9 0.621875 0.8984375 0.6203125 0.9 0.6046875
5 0.5484375 0.5875 0.55 0.5890625 0.559375 0.5875 0.5609375 0.6140625 0.5546875 0.615625 0.540625 0.6140625 0.5375 0.6109375 0.5359375 0.590625 0.5390625 0.5875 0.546875 0.5875
5 0.959375 0.5609375 0.9625 0.5625 0.965625 0.56875 0.9671875 0.5828125 0.953125 0.5828125 0.94375 0.5703125 0.9453125 0.5625 0.9578125 0.5609375
2 0.778125 0.6140625 0.7859375 0.6171875 0.79375 0.615625 0.8 0.6203125 0.8078125 0.6203125 0.815625 0.625 0.8203125 0.6328125 0.828125 0.6390625 0.83125 0.64375 0.8296875 0.65625 0.815625 0.659375 0.809375 0.6578125 0.80625 0.653125 0.7953125 0.6484375 0.7875 0.646875 0.7796875 0.6484375 0.7734375 0.64375 0.7671875 0.634375 0.7671875 0.628125 0.771875 0.6171875 0.7765625 0.6140625
2 0.5234375 0.575 0.534375 0.5859375 0.534375 0.5984375 0.525 0.6 0.5203125 0.596875 0.5171875 0.5984375 0.5109375 0.5953125 0.5046875 0.584375 0.50625 0.58125 0.521875 0.575
2 0.25625 0.634375 0.2609375 0.6359375 0.2609375 0.6515625 0.2625 0.653125 0.2578125 0.6625 0.2484375 0.65 0.2421875 0.6484375 0.2390625 0.6515625 0.2328125 0.6484375 0.2359375 0.64375 0.2453125 0.6375 0.25 0.6375 0.2546875 0.634375
2 0.49375 0.5671875 0.496875 0.5703125 0.496875 0.5828125 0.4890625 0.5828125 0.484375 0.575 0.484375 0.5703125 0.4875 0.5671875 0.4921875 0.5671875
2 0.39113425925925926 0.5611342592592592 0.011041666666666661 0.014143518518518495
2 0.73125 0.596875 0.7328125 0.5984375 0.7390625 0.596875 0.7484375 0.60625 0.753125 0.6078125 0.7578125 0.6125 0.7578125 0.621875 0.753125 0.625 0.746875 0.625 0.7421875 0.615625 0.734375 0.6109375 0.7296875 0.6109375 0.725 0.6203125 0.7171875 0.61875 0.715625 0.6203125 0.7109375 0.6109375 0.7125 0.603125 0.71875 0.5984375 0.7296875 0.5984375
2 0.55 0.5671875 0.5578125 0.575 0.559375 0.5828125 0.55625 0.584375 0.54375 0.584375 0.5359375 0.5796875 0.5375 0.56875 0.5421875 0.565625 0.5484375 0.5671875
2 0.8828125 0.5640625 0.8890625 0.55625 0.9015625 0.5546875 0.9109375 0.56875 0.909375 0.578125 0.89375 0.575 0.8921875 0.5703125 0.884375 0.5640625
2 0.0421875 0.7296875 0.040625 0.7125 0.0453125 0.709375 0.0515625 0.709375 0.05625 0.70625 0.078125 0.7046875 0.08125 0.7109375 0.0796875 0.715625 0.075 0.715625 0.06875 0.7203125 0.0609375 0.721875 0.0421875 0.73125
2 0.928125 0.5515625 0.9359375 0.559375 0.934375 0.565625 0.9296875 0.56875 0.915625 0.5578125 0.91875 0.5515625 0.9265625 0.5515625
2 0.9977141203703702 0.5980150462962962 0.004571759259259345 0.023530092592592578
2 0.2203125 0.65 0.2203125 0.653125 0.2109375 0.659375 0.2015625 0.659375 0.19375 0.665625 0.1890625 0.665625 0.1890625 0.6640625 0.2 0.6546875 0.215625 0.6484375 0.21875 0.65
2 0.8859375 0.5859375 0.8953125 0.5953125 0.8984375 0.603125 0.89375 0.6078125 0.878125 0.60625 0.875 0.609375 0.8625 0.6046875 0.859375 0.60625 0.853125 0.6015625 0.853125 0.5953125 0.85625 0.5890625 0.8625 0.584375 0.884375 0.5859375
2 0.503125 0.5640625 0.50625 0.5625 0.5171875 0.5640625 0.5234375 0.56875 0.5234375 0.575 0.50625 0.575 0.5046875 0.5765625 0.5015625 0.5671875 0.503125 0.565625
2 0.9140625 0.55625 0.921875 0.5578125 0.925 0.5609375 0.9265625 0.5703125 0.9109375 0.56875 0.9046875 0.5625 0.9046875 0.559375 0.9125 0.55625
2 0.65 0.5875 0.671875 0.603125 0.671875 0.615625 0.6625 0.61875 0.646875 0.615625 0.6375 0.6171875 0.628125 0.6078125 0.6265625 0.5953125 0.6296875 0.5890625 0.6484375 0.5875