2 0.5406886574074073 0.831105324074074 0.10555555555555571 0.11796296296296305
2 0.7672395833333333 0.6200636574074074 0.0659837962962964 0.04892361111111114
2 0.39026041666666667 0.6791030092592593 0.0347453703703704 0.050254629629629656
2 0.690931712962963 0.5862557870370371 0.04557870370370374 0.036273148148148235
4 0.4407465277777778 0.7185706018518518 0.0916666666666666 0.1412962962962963
2 0.5605150462962963 0.5801909722222222 0.023634259259259237 0.02673611111111107
2 0.8817824074074074 0.6598379629629629 0.09909722222222221 0.08979166666666671
3 0.6830844907407407 0.9073900462962964 0.06953703703703695 0.10675925925925896
2 0.6471412037037038 0.5920486111111111 0.028344907407407405 0.029895833333333323
5 0.22118055555555555 0.7248842592592593 0.12270833333333328 0.11340277777777778
2 0.3099826388888889 0.6539178240740741 0.050416666666666644 0.05662037037037031