1 0.5140625 0.9078125 0.51875 0.90625 0.525 0.9125 0.540625 0.9171875 0.571875 0.940625 0.5796875 0.9484375 0.5875 0.9609375 0.5953125 0.9625 0.5984375 0.965625 0.6 0.978125 0.60625 0.99375 0.60625 0.9984375 0.453125 0.9984375 0.4578125 0.9890625 0.465625 0.98125 0.49375 0.9390625 0.503125 0.91875 0.5140625 0.909375
1 0.0625 0.603125 0.0640625 0.6046875 0.08125 0.603125 0.0859375 0.609375 0.0890625 0.6359375 0.0875 0.659375 0.0765625 0.65 0.0578125 0.6765625 0.046875 0.678125 0.034375 0.6859375 0.028125 0.6859375 0.0203125 0.6796875 0.009375 0.684375 0.009375 0.6078125 0.025 0.6109375 0.0609375 0.6046875
3 0.578125 0.759375 0.5796875 0.759375 0.5828125 0.771875 0.5890625 0.76875 0.5890625 0.7890625 0.5859375 0.7953125 0.5875 0.8 0.5796875 0.8078125 0.575 0.7953125 0.578125 0.7609375
3 0.6625 0.7328125 0.6671875 0.734375 0.6734375 0.73125 0.6734375 0.7453125 0.6640625 0.7546875 0.6625 0.753125 0.6625 0.734375
3 0.534375 0.6203125 0.540625 0.6265625 0.540625 0.6390625 0.5390625 0.640625 0.53125 0.6390625 0.53125 0.6234375 0.5328125 0.621875
3 0.0828125 0.6578125 0.0890625 0.6609375 0.0921875 0.665625 0.090625 0.6796875 0.0859375 0.68125 0.0828125 0.678125 0.078125 0.678125 0.0734375 0.68125 0.06875 0.68125 0.0625 0.6875 0.0578125 0.684375 0.0578125 0.678125 0.0625 0.6734375 0.065625 0.665625 0.0734375 0.6578125 0.08125 0.6578125
3 0.4640625 0.6 0.471875 0.609375 0.46875 0.615625 0.4625 0.615625 0.4609375 0.603125 0.4640625 0.6015625
3 0.66875 0.9421875 0.6703125 0.9421875 0.66875 0.9515625 0.6734375 0.9578125 0.6734375 0.996875 0.671875 0.9984375 0.6578125 0.9984375 0.65625 0.9765625 0.653125 0.965625 0.6515625 0.9390625 0.6640625 0.9375 0.6671875 0.9421875
3 0.0203125 0.7 0.028125 0.7015625 0.028125 0.7078125 0.021875 0.7125 0.021875 0.715625 0.028125 0.71875 0.0375 0.71875 0.040625 0.721875 0.0390625 0.7296875 0.034375 0.73125 0.03125 0.7359375 0.0296875 0.75625 0.021875 0.7625 0.015625 0.7609375 0.0109375 0.7625 0.0109375 0.7203125 0.0171875 0.715625 0.0203125 0.7015625
3 0.5796875 0.7734375 0.5796875 0.7765625 0.5875 0.7828125 0.5859375 0.803125 0.5796875 0.8078125 0.575 0.7953125 0.578125 0.775
3 0.2515625 0.603125 0.259375 0.6109375 0.25625 0.621875 0.2359375 0.621875 0.23125 0.6265625 0.228125 0.621875 0.228125 0.615625 0.23125 0.609375 0.2359375 0.6078125 0.2390625 0.609375 0.2453125 0.603125 0.25 0.603125
3 0.121875 0.615625 0.125 0.61875 0.125 0.63125 0.1203125 0.6328125 0.1171875 0.628125 0.11875 0.6171875 0.1203125 0.6171875
3 0.6921875 0.634375 0.6984375 0.640625 0.696875 0.6640625 0.6953125 0.665625 0.6875 0.65625 0.6875 0.64375 0.690625 0.6359375
3 0.4953125 0.6125 0.5 0.6171875 0.5 0.63125 0.490625 0.63125 0.48125 0.625 0.48125 0.6203125 0.484375 0.615625 0.4890625 0.6125 0.49375 0.6125
5 0.65625 0.6328125 0.665625 0.640625 0.6671875 0.6453125 0.665625 0.671875 0.64375 0.671875 0.634375 0.6640625 0.6328125 0.653125 0.634375 0.6328125 0.6375 0.6296875 0.6484375 0.6296875 0.6546875 0.6328125
5 0.3011921296296296 0.6121412037037037 0.04890046296296293 0.03196759259259263
5 0.6875 0.7453125 0.7171875 0.759375 0.7265625 0.7796875 0.7296875 0.8015625 0.7265625 0.821875 0.71875 0.8375 0.709375 0.85 0.70625 0.8625 0.6984375 0.875 0.6859375 0.8640625 0.65 0.85 0.646875 0.8421875 0.646875 0.8046875 0.6484375 0.803125 0.646875 0.7953125 0.65 0.778125 0.6625 0.759375 0.675 0.746875 0.6859375 0.7453125
0 0.225 0.621875 0.228125 0.625 0.228125 0.653125 0.225 0.6578125 0.21875 0.6609375 0.2125 0.6609375 0.20625 0.665625 0.19375 0.6640625 0.18125 0.6671875 0.1703125 0.6671875 0.1640625 0.66875 0.15625 0.675 0.146875 0.6734375 0.1421875 0.6703125 0.140625 0.665625 0.1453125 0.65625 0.1609375 0.6453125 0.1625 0.6328125 0.2234375 0.621875
2 0.640625 0.6734375 0.659375 0.6734375 0.6640625 0.6765625 0.6671875 0.69375 0.6640625 0.7125 0.659375 0.7203125 0.659375 0.725 0.653125 0.7234375 0.6359375 0.725 0.634375 0.69375 0.640625 0.675
2 0.7421875 0.621875 0.746875 0.6203125 0.75625 0.621875 0.7640625 0.628125 0.7640625 0.634375 0.7609375 0.63125 0.7546875 0.6328125 0.753125 0.6546875 0.746875 0.6546875 0.7421875 0.646875 0.7421875 0.6234375
2 0.565625 0.5984375 0.5703125 0.6046875 0.571875 0.6171875 0.5640625 0.6234375 0.559375 0.6234375 0.5546875 0.6203125 0.5421875 0.6203125 0.5375 0.6125 0.5390625 0.60625 0.546875 0.6 0.5640625 0.5984375
2 0.5202488425925926 0.5833622685185185 0.012754629629629565 0.017372685185185154
2 0.340625 0.6125 0.3484375 0.6109375 0.3546875 0.60625 0.365625 0.60625 0.371875 0.6140625 0.3625 0.628125 0.35 0.6296875 0.3375 0.6296875 0.3359375 0.6203125 0.340625 0.6140625
2 0.309375 0.61875 0.3140625 0.6203125 0.3140625 0.6234375 0.2984375 0.6359375 0.2953125 0.64375 0.284375 0.646875 0.2796875 0.646875 0.275 0.6421875 0.2765625 0.6296875 0.2828125 0.628125 0.29375 0.61875 0.3015625 0.6171875 0.3078125 0.61875
2 0.509375 0.5765625 0.5125 0.578125 0.5140625 0.5921875 0.50625 0.5984375 0.496875 0.59375 0.4921875 0.5859375 0.4984375 0.578125 0.5078125 0.5765625
2 0.315625 0.621875 0.3328125 0.6203125 0.3359375 0.628125 0.334375 0.640625 0.3203125 0.64375 0.3109375 0.6484375 0.2984375 0.65 0.2984375 0.6375 0.30625 0.628125 0.315625 0.6234375
2 0.45 0.590625 0.4578125 0.5984375 0.4546875 0.60625 0.4484375 0.6046875 0.44375 0.60625 0.4421875 0.596875 0.44375 0.5921875 0.4484375 0.590625
2 0.59375 0.621875 0.6 0.63125 0.6 0.6453125 0.5953125 0.65 0.58125 0.65 0.5765625 0.64375 0.5625 0.640625 0.5625 0.628125 0.571875 0.6203125 0.5890625 0.61875 0.5921875 0.621875
2 0.9453125 0.675 0.9515625 0.678125 0.9578125 0.678125 0.9640625 0.6828125 0.965625 0.7 0.9609375 0.7 0.95 0.69375 0.928125 0.6875 0.925 0.684375 0.928125 0.6765625 0.94375 0.675
2 0.4765625 0.6078125 0.478125 0.6 0.4890625 0.59375 0.5 0.596875 0.503125 0.6015625 0.503125 0.6125 0.5 0.6125 0.4953125 0.60625 0.484375 0.6078125 0.4796875 0.60625 0.478125 0.6078125
2 0.5890625 0.559375 0.59375 0.5609375 0.59375 0.575 0.5890625 0.575 0.5859375 0.571875 0.5859375 0.565625 0.5890625 0.5609375