0 0.1 0.6625 0.1015625 0.665625 0.1015625 0.671875 0.0984375 0.675 0.1015625 0.69375 0.1 0.7046875 0.0890625 0.709375 0.08125 0.71875 0.078125 0.7265625 0.075 0.728125 0.0671875 0.7265625 0.0640625 0.7296875 0.0515625 0.7328125 0.028125 0.7484375 0.0125 0.753125 0.00625 0.7609375 0.0046875 0.690625 0.06875 0.6640625 0.0796875 0.6609375 0.096875 0.6609375 0.0984375 0.6625
3 0.65625 0.6734375 0.665625 0.671875 0.6625 0.6953125 0.659375 0.69375 0.65625 0.675
3 0.6375 0.7671875 0.64375 0.7671875 0.646875 0.7703125 0.6484375 0.7828125 0.653125 0.7796875 0.6515625 0.8078125 0.646875 0.815625 0.6421875 0.815625 0.6390625 0.80625 0.640625 0.7875 0.6359375 0.771875 0.6375 0.76875
3 0.6 0.796875 0.603125 0.8046875 0.5953125 0.8328125 0.584375 0.8390625 0.5796875 0.828125 0.58125 0.8 0.584375 0.803125 0.5921875 0.8046875 0.6 0.7984375
3 0.6453125 0.6375 0.646875 0.646875 0.6484375 0.6484375 0.6515625 0.6453125 0.65625 0.6515625 0.6546875 0.6640625 0.640625 0.6578125 0.6390625 0.6515625 0.640625 0.6421875 0.64375 0.6390625
3 0.6578125 0.690625 0.6609375 0.696875 0.6609375 0.7203125 0.6546875 0.7234375 0.6515625 0.715625 0.6515625 0.6953125 0.65625 0.6921875
3 0.6734375 0.6625 0.6796875 0.6640625 0.678125 0.684375 0.6734375 0.68125 0.6734375 0.6640625
3 0.5813773148148147 0.5402546296296296 0.004768518518518494 0.01097222222222225
3 0.2671875 0.5984375 0.26875 0.6015625 0.2671875 0.61875 0.2640625 0.621875 0.2578125 0.60625 0.259375 0.6015625 0.265625 0.6
3 0.3453125 0.5953125 0.3515625 0.6 0.3546875 0.6109375 0.3390625 0.6140625 0.3375 0.6109375 0.3390625 0.6046875 0.34375 0.596875
3 0.61875 0.615625 0.625 0.6171875 0.6265625 0.6265625 0.6234375 0.6359375 0.61875 0.634375 0.61875 0.6171875
3 0.5933043981481482 0.5682928240740741 0.0063773148148147385 0.017233796296296334
3 0.621875 0.5921875 0.625 0.5921875 0.634375 0.6015625 0.6328125 0.6203125 0.6296875 0.621875 0.6203125 0.603125 0.621875 0.59375
3 0.465625 0.94375 0.471875 0.9453125 0.478125 0.9515625 0.484375 0.965625 0.4859375 0.9765625 0.484375 0.9890625 0.48125 0.99375 0.4703125 0.9953125 0.4703125 0.9890625 0.4734375 0.9859375 0.475 0.96875 0.4703125 0.9640625 0.4703125 0.95625 0.465625 0.9453125
3 0.740625 0.584375 0.7453125 0.5890625 0.7453125 0.596875 0.7390625 0.6 0.734375 0.5953125 0.734375 0.5875 0.7390625 0.5859375
2 0.734375 0.6046875 0.7453125 0.603125 0.7578125 0.6125 0.7578125 0.6171875 0.7546875 0.6140625 0.75 0.6140625 0.7453125 0.61875 0.7390625 0.6328125 0.7359375 0.63125 0.734375 0.6265625 0.7359375 0.6125 0.734375 0.60625
2 0.1796875 0.6453125 0.1828125 0.6484375 0.1875 0.6484375 0.190625 0.6546875 0.190625 0.66875 0.1875 0.6765625 0.1765625 0.6796875 0.1671875 0.6859375 0.1609375 0.696875 0.1453125 0.7 0.1421875 0.6984375 0.1296875 0.7 0.128125 0.6984375 0.1265625 0.6921875 0.1296875 0.68125 0.1359375 0.6765625 0.1359375 0.6734375 0.146875 0.6578125 0.1546875 0.6515625 0.178125 0.6453125
2 0.6203125 0.6625 0.628125 0.665625 0.6328125 0.671875 0.628125 0.7046875 0.61875 0.7 0.6109375 0.7 0.60625 0.7046875 0.603125 0.7046875 0.6015625 0.7 0.6015625 0.684375 0.60625 0.66875 0.6109375 0.6625 0.61875 0.6625
2 0.5875 0.615625 0.59375 0.6203125 0.5984375 0.628125 0.5984375 0.65 0.590625 0.646875 0.58125 0.6484375 0.56875 0.6359375 0.571875 0.621875 0.5765625 0.6171875 0.5859375 0.615625
2 0.4595949074074074 0.5536574074074074 0.018831018518518584 0.01107638888888891
2 0.5296875 0.596875 0.5453125 0.5890625 0.55625 0.5890625 0.565625 0.5953125 0.5671875 0.6015625 0.565625 0.6140625 0.5546875 0.61875 0.5421875 0.6109375 0.5328125 0.615625 0.5296875 0.6125 0.5296875 0.5984375
2 0.509375 0.55625 0.515625 0.559375 0.515625 0.56875 0.509375 0.575 0.5046875 0.5765625 0.5 0.575 0.4984375 0.559375 0.503125 0.55625 0.5078125 0.55625
2 0.05625 0.6203125 0.0640625 0.6265625 0.065625 0.63125 0.0625 0.65 0.059375 0.6546875 0.0546875 0.65625 0.0390625 0.6546875 0.021875 0.6578125 0.009375 0.6609375 0.0046875 0.665625 0.0046875 0.634375 0.0109375 0.628125 0.0296875 0.6203125 0.0390625 0.61875 0.0546875 0.6203125
2 0.3578125 0.5703125 0.3640625 0.5765625 0.3609375 0.5921875 0.353125 0.59375 0.3484375 0.590625 0.346875 0.59375 0.3390625 0.596875 0.334375 0.5953125 0.3359375 0.5796875 0.3453125 0.571875 0.35625 0.5703125
2 0.6 0.578125 0.6078125 0.5828125 0.6109375 0.5875 0.609375 0.6046875 0.6046875 0.6140625 0.6 0.6109375 0.596875 0.6125 0.590625 0.6078125 0.5859375 0.6078125 0.58125 0.5953125 0.584375 0.58125 0.5921875 0.5765625 0.5984375 0.578125
2 0.1875 0.615625 0.196875 0.6203125 0.1984375 0.6421875 0.1921875 0.6484375 0.175 0.6453125 0.1625 0.646875 0.15625 0.6515625 0.1515625 0.6515625 0.153125 0.6375 0.175 0.61875 0.1859375 0.615625
2 0.2632233796296296 0.6230844907407407 0.11452546296296298 0.06334490740740736
2 0.2140625 0.59375 0.21875 0.596875 0.2171875 0.6015625 0.2140625 0.603125 0.2109375 0.6 0.20625 0.6 0.1890625 0.60625 0.184375 0.6125 0.1765625 0.615625 0.1671875 0.625 0.1640625 0.625 0.1625 0.621875 0.1625 0.6140625 0.1734375 0.6078125 0.18125 0.5984375 0.1984375 0.59375 0.2125 0.59375
2 0.771875 0.615625 0.7890625 0.6171875 0.8 0.621875 0.80625 0.628125 0.803125 0.6296875 0.79375 0.625 0.7828125 0.6234375 0.771875 0.6171875
2 0.3234375 0.578125 0.33125 0.5796875 0.3359375 0.584375 0.334375 0.5859375 0.3359375 0.596875 0.3328125 0.6046875 0.328125 0.609375 0.325 0.6078125 0.325 0.6 0.31875 0.5921875 0.315625 0.590625 0.303125 0.5921875 0.3 0.5875 0.3046875 0.5828125 0.3171875 0.58125 0.321875 0.578125
2 0.2921875 0.596875 0.296875 0.596875 0.3015625 0.59375 0.31875 0.59375 0.325 0.6078125 0.325 0.6125 0.315625 0.6203125 0.3015625 0.621875 0.2921875 0.6265625 0.2796875 0.628125 0.2765625 0.6265625 0.2765625 0.6125 0.2796875 0.6078125 0.284375 0.6078125 0.2921875 0.5984375
2 0.36460069444444443 0.5973321759259259 0.009537037037037033 0.0219444444444445
2 0.596875 0.571875 0.6109375 0.571875 0.6171875 0.5796875 0.6171875 0.5875 0.6140625 0.59375 0.6109375 0.5953125 0.609375 0.5828125 0.60625 0.5796875 0.6 0.5796875 0.596875 0.5734375
2 0.0484375 0.5734375 0.0546875 0.575 0.05625 0.5796875 0.053125 0.584375 0.0484375 0.5828125 0.0453125 0.584375 0.0390625 0.590625 0.034375 0.6015625 0.0296875 0.6 0.0296875 0.584375 0.0375 0.575 0.046875 0.5734375
4 0.2546875 0.5578125 0.259375 0.5625 0.2578125 0.590625 0.25625 0.59375 0.2359375 0.6015625 0.2328125 0.6 0.228125 0.6015625 0.221875 0.5953125 0.2109375 0.590625 0.2125 0.5875 0.209375 0.58125 0.209375 0.5671875 0.2125 0.5640625 0.2296875 0.559375 0.2375 0.5609375 0.253125 0.5578125
4 0.496875 0.5625 0.4984375 0.571875 0.496875 0.5875 0.490625 0.59375 0.4875 0.6015625 0.4796875 0.6078125 0.4625 0.6046875 0.4640625 0.5953125 0.4609375 0.5859375 0.4625 0.5703125 0.4703125 0.5625 0.4765625 0.5609375 0.4953125 0.5625
5 0.453125 0.5546875 0.4578125 0.5515625 0.46875 0.5515625 0.46875 0.5578125 0.465625 0.5609375 0.453125 0.559375 0.453125 0.55625
5 0.4390625 0.5640625 0.4515625 0.559375 0.4609375 0.5609375 0.4671875 0.559375 0.46875 0.5625 0.4609375 0.5703125 0.4609375 0.5734375 0.453125 0.5796875 0.4484375 0.5796875 0.4453125 0.575 0.4390625 0.5734375 0.4375 0.571875 0.4390625 0.565625
5 0.2109375 0.5921875 0.21875 0.5953125 0.2234375 0.6015625 0.221875 0.603125 0.20625 0.6015625 0.190625 0.60625 0.1875 0.6140625 0.178125 0.6140625 0.1671875 0.625 0.1640625 0.625 0.1625 0.6203125 0.1625 0.615625 0.165625 0.6109375 0.171875 0.609375 0.1828125 0.5984375 0.1890625 0.5953125 0.209375 0.5921875
5 0.1546875 0.6265625 0.15625 0.6265625 0.1546875 0.6328125 0.146875 0.646875 0.1453125 0.659375 0.1390625 0.66875 0.1265625 0.68125 0.115625 0.6859375 0.1078125 0.6921875 0.1015625 0.690625 0.1 0.6734375 0.103125 0.665625 0.096875 0.659375 0.078125 0.659375 0.0671875 0.6640625 0.0671875 0.6578125 0.0859375 0.64375 0.0953125 0.6421875 0.1015625 0.6375 0.10625 0.6375 0.1078125 0.634375 0.125 0.6296875 0.134375 0.63125 0.153125 0.6265625
5 0.2140625 0.59375 0.21875 0.5953125 0.225 0.6015625 0.2265625 0.6109375 0.221875 0.61875 0.2078125 0.63125 0.2046875 0.640625 0.1890625 0.6484375 0.1796875 0.6421875 0.19375 0.6328125 0.196875 0.6265625 0.1953125 0.621875 0.1875 0.615625 0.18125 0.615625 0.1765625 0.6171875 0.1671875 0.628125 0.1640625 0.625 0.1640625 0.6140625 0.175 0.609375 0.178125 0.6125 0.184375 0.60625 0.1859375 0.603125 0.184375 0.6 0.2125 0.5953125
5 0.596875 0.578125 0.60625 0.58125 0.6109375 0.5875 0.609375 0.5890625 0.609375 0.6046875 0.6046875 0.6125 0.5859375 0.6078125 0.5828125 0.6 0.58125 0.590625 0.584375 0.5859375 0.584375 0.58125 0.5921875 0.5765625 0.5953125 0.578125
3 0.45947264619136147 0.5843050364831047 0.45875019179934806 0.5829332649199424 0.45799057983748687 0.5829123708457118 0.4540253109638641 0.5888868491747512 0.4519404932099708 0.5955890014338333 0.4514120569496479 0.6009820643524451 0.45173612657580653 0.6030188276229578 0.4528198081638263 0.6050764849677014 0.45394064732169437 0.6057832648235133 0.4588781250737929 0.6059190763060126 0.46313030600372623 0.6033322387364177 0.46264318908034535 0.5934046845971062 0.4627608485252691 0.5891271310284039 0.46171432450709726 0.5857185961947284 0.45947264619136147 0.5843050364831047