2 0.4953125 0.603125 0.03671875 0.0234375
2 0.44609375 0.59375 0.03046875 0.03046875
2 0.65546875 0.73828125 0.046875 0.06796875
2 0.7921875 0.76171875 0.0625 0.0953125
2 0.2265625 0.61328125 0.04375 0.025
2 0.721875 0.68984375 0.0796875 0.053125
2 0.596875 0.67265625 0.03515625 0.046875
5 0.5828125 0.7828125 0.10078125 0.128125
4 0.096875 0.71171875 0.09453125 0.07421875
5 0.5734375 0.63125 0.04375 0.04375
2 0.5578125 0.59140625 0.0203125 0.0328125
4 0.3078125 0.60390625 0.0625 0.0578125
2 0.078125 0.60078125 0.03203125 0.02578125
2 0.61484375 0.603125 0.04609375 0.03515625
2 0.48515625 0.5671875 0.02578125 0.02109375
2 0.00546875 0.75 0.0109375 0.03671875