1 0.61875 0.7453125 0.6359375 0.7484375 0.64375 0.7546875 0.665625 0.765625 0.6703125 0.7703125 0.6765625 0.796875 0.68125 0.8 0.6859375 0.8 0.6875 0.8140625 0.6859375 0.815625 0.6859375 0.875 0.684375 0.8765625 0.6828125 0.9265625 0.68125 0.934375 0.675 0.9265625 0.6734375 0.928125 0.66875 0.9515625 0.6640625 0.9578125 0.6640625 0.9625 0.6609375 0.9640625 0.6609375 0.96875 0.65625 0.978125 0.65625 0.99375 0.653125 0.9984375 0.6203125 0.9984375 0.61875 0.996875 0.5390625 0.9984375 0.5234375 0.99375 0.48125 0.9984375 0.4765625 0.996875 0.4390625 0.9984375 0.4390625 0.99375 0.4625 0.9625 0.46875 0.95 0.525 0.8703125 0.5359375 0.8515625 0.546875 0.8390625 0.5734375 0.796875 0.590625 0.775 0.6046875 0.75 0.609375 0.7453125 0.6171875 0.7453125
1 0.0765625 0.596875 0.0828125 0.6125 0.0828125 0.6546875 0.0765625 0.659375 0.0625 0.6625 0.0609375 0.6671875 0.0578125 0.66875 0.046875 0.6703125 0.0421875 0.6703125 0.0390625 0.65625 0.0328125 0.6453125 0 0.65 0 0.6046875 0.003125 0.603125 0.025 0.6046875 0.06875 0.5953125 0.075 0.596875
0 0.29765625 0.603125 0.05234375 0.0390625
0 0.0328125 0.646875 0.0390625 0.659375 0.0390625 0.6671875 0.0328125 0.6890625 0.0296875 0.6921875 0.0109375 0.69375 0.003125 0.7 0 0.7 0 0.6515625 0.03125 0.646875
3 0.61640625 0.59765625 0.0078125 0.01953125
3 0.571875 0.5640625 0.5734375 0.553125 0.575 0.553125 0.575 0.5640625 0.5734375 0.5640625
3 0.1125 0.6234375 0.1125 0.6125 0.115625 0.6078125 0.11875 0.6109375 0.1203125 0.6203125 0.11875 0.6234375 0.115625 0.625 0.1140625 0.6234375
3 0.2 0.603125 0.203125 0.6171875 0.1984375 0.621875 0.184375 0.6203125 0.184375 0.6125 0.1984375 0.603125
3 0.6203125 0.74375 0.61875 0.740625 0.61875 0.721875 0.6203125 0.7203125 0.625 0.7203125 0.628125 0.7359375 0.628125 0.74375 0.621875 0.74375
3 0.103125 0.678125 0.103125 0.6703125 0.1078125 0.6578125 0.1109375 0.6546875 0.1171875 0.6578125 0.121875 0.653125 0.1265625 0.65625 0.1265625 0.6625 0.1234375 0.66875 0.1046875 0.678125
3 0.6015625 0.6796875 0.60625 0.68125 0.6046875 0.7 0.6015625 0.6984375 0.6 0.6890625 0.6015625 0.68125
3 0.2796875 0.6421875 0.2828125 0.625 0.2890625 0.61875 0.29375 0.61875 0.296875 0.6234375 0.296875 0.634375 0.2921875 0.640625 0.28125 0.6421875
3 0.6171875 0.6609375 0.6234375 0.6609375 0.625 0.665625 0.625 0.6796875 0.621875 0.68125 0.6171875 0.678125 0.615625 0.6734375 0.6171875 0.6625
5 0.5875 0.5828125 0.5953125 0.5875 0.596875 0.6046875 0.5921875 0.6140625 0.5765625 0.609375 0.5734375 0.6015625 0.5734375 0.584375 0.5859375 0.5828125
5 0.2234375 0.6078125 0.240625 0.6 0.2640625 0.5953125 0.2703125 0.5984375 0.271875 0.6109375 0.2703125 0.6234375 0.265625 0.6265625 0.259375 0.6203125 0.2375 0.6203125 0.2203125 0.6328125 0.2171875 0.6296875 0.2171875 0.621875 0.2234375 0.609375
5 0.6828125 0.65 0.6953125 0.653125 0.7046875 0.6671875 0.709375 0.696875 0.7078125 0.71875 0.6984375 0.71875 0.6875 0.7140625 0.675 0.715625 0.671875 0.7109375 0.671875 0.6984375 0.66875 0.6890625 0.66875 0.6640625 0.671875 0.653125 0.6765625 0.65 0.68125 0.65
2 0.7265625 0.6046875 0.7375 0.6046875 0.7484375 0.6125 0.7484375 0.615625 0.74375 0.6140625 0.7390625 0.6171875 0.7375 0.6328125 0.7359375 0.6375 0.7328125 0.6375 0.7265625 0.6296875 0.7265625 0.6140625 0.728125 0.6125 0.7265625 0.60625
2 0.534375 0.5515625 0.01171875 0.0140625
2 0.5078125 0.5875 0.5171875 0.5828125 0.534375 0.5828125 0.5375 0.5875 0.5375 0.59375 0.5234375 0.6 0.521875 0.603125 0.509375 0.6046875 0.50625 0.6015625 0.5078125 0.5890625
2 0.4671875 0.575 0.471875 0.5796875 0.4703125 0.584375 0.453125 0.5984375 0.4453125 0.590625 0.446875 0.584375 0.4546875 0.578125 0.465625 0.575
2 0.509375 0.5625 0.5125 0.571875 0.5078125 0.578125 0.5015625 0.5796875 0.4984375 0.5796875 0.4984375 0.565625 0.5015625 0.5609375 0.5078125 0.5625
2 0.2828125 0.6 0.2921875 0.60625 0.290625 0.6125 0.2828125 0.621875 0.271875 0.6203125 0.2734375 0.6015625 0.28125 0.6
2 0.4828125 0.5890625 0.4875 0.5984375 0.48125 0.60625 0.4734375 0.6078125 0.4578125 0.60625 0.45625 0.6 0.4734375 0.584375 0.48125 0.5890625
2 0.4953125 0.565625 0.4984375 0.56875 0.4984375 0.5734375 0.4921875 0.5859375 0.4828125 0.5796875 0.475 0.58125 0.475 0.578125 0.48125 0.5671875 0.4875 0.5640625 0.49375 0.565625
2 0.3515625 0.5921875 0.0359375 0.0234375
2 0.2203125 0.64375 0.228125 0.6359375 0.2390625 0.6296875 0.25625 0.6296875 0.259375 0.6328125 0.259375 0.65 0.25625 0.6546875 0.2375 0.6625 0.2296875 0.66875 0.2203125 0.6671875 0.2171875 0.66875 0.2125 0.6625 0.2140625 0.65 0.2203125 0.6453125
2 0.54375 0.5953125 0.55 0.5984375 0.5546875 0.609375 0.553125 0.61875 0.55 0.621875 0.5375 0.621875 0.53125 0.6171875 0.5234375 0.6171875 0.5203125 0.6125 0.5203125 0.60625 0.5234375 0.6015625 0.534375 0.5953125 0.5421875 0.5953125
2 0.4796875 0.8015625 0.49375 0.80625 0.5015625 0.80625 0.509375 0.8109375 0.51875 0.828125 0.51875 0.846875 0.5140625 0.8640625 0.50625 0.8671875 0.4890625 0.884375 0.48125 0.896875 0.475 0.9015625 0.4671875 0.921875 0.45625 0.921875 0.453125 0.925 0.44375 0.925 0.4328125 0.9171875 0.4203125 0.903125 0.4171875 0.8953125 0.41875 0.8609375 0.421875 0.85625 0.428125 0.83125 0.45 0.8109375 0.465625 0.8 0.471875 0.7984375 0.478125 0.8015625
2 0.9328125 0.65625 0.9453125 0.6609375 0.9453125 0.678125 0.934375 0.6765625 0.928125 0.671875 0.921875 0.671875 0.91875 0.66875 0.90625 0.665625 0.90625 0.6609375 0.9109375 0.65625 0.93125 0.65625
2 0.484375 0.58125 0.4921875 0.5890625 0.4921875 0.59375 0.4875 0.6 0.484375 0.6 0.4828125 0.5953125 0.4765625 0.5890625 0.46875 0.5890625 0.4671875 0.5921875 0.46875 0.5875 0.475 0.58125 0.4828125 0.58125
2 0.3140625 0.603125 0.321875 0.6078125 0.3234375 0.6171875 0.3203125 0.6234375 0.3078125 0.628125 0.3 0.628125 0.2953125 0.61875 0.2921875 0.6171875 0.2921875 0.6125 0.3015625 0.6046875 0.3125 0.603125
2 0.365625 0.59375 0.36875 0.5984375 0.3671875 0.6203125 0.3453125 0.625 0.33125 0.6234375 0.3296875 0.615625 0.33125 0.6046875 0.3390625 0.60625 0.3453125 0.603125 0.3484375 0.5984375 0.3640625 0.59375
2 0.2546875 0.6203125 0.2640625 0.6265625 0.2625 0.6375 0.259375 0.6375 0.2546875 0.6296875 0.2375 0.63125 0.2265625 0.6375 0.2140625 0.6515625 0.2125 0.6421875 0.2171875 0.634375 0.2234375 0.6328125 0.2375 0.621875 0.253125 0.6203125
2 0.559375 0.5421875 0.5609375 0.5359375 0.565625 0.5359375 0.565625 0.5421875 0.5640625 0.54375 0.5609375 0.5421875
2 0.5859375 0.5390625 0.590625 0.5390625 0.5921875 0.546875 0.590625 0.5515625 0.5859375 0.553125 0.584375 0.5515625 0.5859375 0.540625
2 0.60625 0.6125 0.615625 0.6109375 0.6234375 0.6140625 0.628125 0.6265625 0.628125 0.6453125 0.6265625 0.646875 0.6234375 0.6421875 0.6171875 0.6453125 0.6109375 0.6453125 0.6015625 0.6359375 0.6015625 0.6203125 0.60625 0.6140625