2 0.021875 0.6949884259259259 0.0328125 0.045798611111111144
2 0.19375 0.6908796296296297 0.0578125 0.05554398148148145
2 0.63671875 0.8999421296296296 0.11875 0.17050925925925925
2 0.653125 0.6793865740740741 0.04375 0.05846064814814813
2 0.059375 0.7733391203703703 0.103125 0.09996527777777793
2 0.69609375 0.6599999999999999 0.04375 0.05064814814814831
2 0.4640625 0.6009375 0.0515625 0.036701388888888783
2 0.6390625 0.7608449074074074 0.078125 0.09959490740740744
2 0.53125 0.5968171296296296 0.0421875 0.036562500000000143
2 0.634375 0.6163831018518519 0.04375 0.03502314814814813
2 0.3375 0.610625 0.071875 0.03700231481481477