5 0.5953125 0.5421875 0.5984375 0.5453125 0.596875 0.5609375 0.5890625 0.5609375 0.5890625 0.5453125 0.59375 0.5421875
5 0.5455960648148148 0.5527314814814815 0.0128009259259259 0.020497685185185244
5 0.2328125 0.603125 0.2328125 0.6265625 0.2296875 0.6296875 0.2265625 0.6296875 0.2140625 0.6390625 0.209375 0.6359375 0.2 0.6359375 0.1921875 0.6421875 0.1859375 0.6421875 0.18125 0.6390625 0.1796875 0.640625 0.1765625 0.6375 0.1828125 0.615625 0.1875 0.6109375 0.1984375 0.60625 0.2203125 0.6046875 0.225 0.6015625 0.23125 0.603125
5 0.1390625 0.6375 0.14375 0.6421875 0.1453125 0.6640625 0.1421875 0.6703125 0.1328125 0.6796875 0.1203125 0.68125 0.1140625 0.6859375 0.109375 0.6859375 0.103125 0.6921875 0.0921875 0.6921875 0.0875 0.6953125 0.075 0.696875 0.071875 0.69375 0.0703125 0.6828125 0.0765625 0.6671875 0.084375 0.6578125 0.1015625 0.6484375 0.1375 0.6375
5 0.3 0.5875 0.303125 0.5921875 0.3015625 0.5984375 0.2953125 0.6 0.2875 0.60625 0.28125 0.6125 0.2796875 0.61875 0.2765625 0.6203125 0.2734375 0.61875 0.2703125 0.621875 0.2625 0.6203125 0.2609375 0.615625 0.2671875 0.5984375 0.278125 0.590625 0.2984375 0.5875
5 0.5921875 0.5640625 0.596875 0.56875 0.5953125 0.590625 0.590625 0.5890625 0.58125 0.590625 0.575 0.5859375 0.5734375 0.5796875 0.5734375 0.5734375 0.5796875 0.5640625 0.584375 0.5625 0.590625 0.5640625
3 0.70625 0.6234375 0.7078125 0.625 0.70625 0.6453125 0.696875 0.6390625 0.696875 0.6265625 0.7015625 0.621875 0.7046875 0.6234375
3 0.23125 0.646875 0.2375 0.6515625 0.2390625 0.6625 0.23125 0.6703125 0.225 0.6734375 0.221875 0.671875 0.221875 0.665625 0.2296875 0.6484375
3 0.603125 0.725 0.6046875 0.75 0.6015625 0.759375 0.5953125 0.7546875 0.59375 0.746875 0.59375 0.725 0.5953125 0.7234375 0.6015625 0.725
3 0.5390625 0.58125 0.5421875 0.58125 0.54375 0.584375 0.54375 0.5921875 0.5390625 0.5953125 0.5390625 0.5828125
3 0.10706597222222222 0.628744212962963 0.009652777777777777 0.01888888888888891
3 0.327025462962963 0.5965856481481482 0.01585648148148149 0.01585648148148149
3 0.5828125 0.6765625 0.5796875 0.6640625 0.5796875 0.6484375 0.5828125 0.6453125 0.5875 0.6484375 0.5890625 0.6578125 0.5875 0.6640625 0.5890625 0.6734375 0.584375 0.6765625
3 0.7390625 0.6578125 0.7453125 0.6578125 0.746875 0.6609375 0.74375 0.66875 0.7453125 0.6734375 0.74375 0.703125 0.734375 0.703125 0.721875 0.696875 0.7171875 0.696875 0.7125 0.690625 0.7171875 0.6765625 0.725 0.6671875 0.7265625 0.6703125 0.725 0.6921875 0.7265625 0.69375 0.728125 0.6921875 0.7296875 0.6796875 0.734375 0.6703125 0.740625 0.6671875 0.7390625 0.659375
3 0.2984375 0.6234375 0.3078125 0.625 0.3078125 0.634375 0.3 0.640625 0.2921875 0.640625 0.29375 0.625 0.296875 0.6234375
3 0.5703125 0.5828125 0.571875 0.5875 0.5703125 0.5984375 0.565625 0.5953125 0.565625 0.584375 0.56875 0.5828125
1 0.6328125 0.5609375 0.65 0.5671875 0.6546875 0.5734375 0.678125 0.5859375 0.6796875 0.590625 0.6796875 0.6140625 0.678125 0.615625 0.6796875 0.6390625 0.671875 0.6421875 0.646875 0.640625 0.6171875 0.6125 0.615625 0.5703125 0.6203125 0.5640625 0.6265625 0.5640625 0.63125 0.5609375
2 0.759375 0.5984375 0.7765625 0.596875 0.790625 0.603125 0.79375 0.60625 0.790625 0.6078125 0.7609375 0.6
2 0.5703125 0.5390625 0.5734375 0.5421875 0.571875 0.5546875 0.565625 0.553125 0.565625 0.54375 0.56875 0.540625
2 0.1171875 0.584375 0.128125 0.584375 0.128125 0.5921875 0.1234375 0.59375 0.115625 0.5921875 0.1171875 0.5859375
2 0.4796875 0.56875 0.4875 0.575 0.4890625 0.5859375 0.4859375 0.5890625 0.46875 0.5890625 0.4671875 0.590625 0.4625 0.590625 0.459375 0.5828125 0.465625 0.575 0.478125 0.56875
2 0.6078125 0.6484375 0.621875 0.653125 0.625 0.6578125 0.625 0.6671875 0.628125 0.671875 0.6265625 0.6953125 0.625 0.696875 0.61875 0.69375 0.609375 0.69375 0.6046875 0.696875 0.6015625 0.6953125 0.6015625 0.675 0.603125 0.6734375 0.6015625 0.653125 0.60625 0.65
2 0.5828125 0.6125 0.5921875 0.6265625 0.59375 0.6453125 0.590625 0.6484375 0.5859375 0.6421875 0.5828125 0.6421875 0.575 0.646875 0.56875 0.6375 0.56875 0.6296875 0.565625 0.6265625 0.56875 0.6171875 0.5734375 0.6140625 0.58125 0.6140625
2 0.9359375 0.6296875 0.94375 0.6328125 0.94375 0.65 0.9421875 0.6515625 0.903125 0.6390625 0.9046875 0.63125 0.909375 0.628125 0.934375 0.6296875
2 0.0484375 0.6140625 0.05 0.61875 0.046875 0.621875 0.0453125 0.6296875 0.0375 0.6390625 0.028125 0.6375 0.028125 0.625 0.03125 0.61875 0.046875 0.6140625
2 0.471875 0.5625 0.478125 0.5671875 0.4734375 0.56875 0.459375 0.58125 0.4546875 0.5765625 0.4546875 0.571875 0.459375 0.5671875 0.4703125 0.5640625
2 0.5703125 0.5546875 0.5734375 0.5578125 0.5734375 0.5671875 0.56875 0.5734375 0.5640625 0.5734375 0.5609375 0.5703125 0.5625 0.55625 0.56875 0.5546875
2 0.7296875 0.5859375 0.740625 0.590625 0.7421875 0.5953125 0.7359375 0.59375 0.7328125 0.5953125 0.725 0.6109375 0.721875 0.609375 0.721875 0.5875 0.728125 0.5859375
2 0.35042824074074075 0.598582175925926 0.023831018518518522 0.02690972222222223
2 0.425 0.578125 0.4234375 0.575 0.425 0.5671875 0.43125 0.5640625 0.4359375 0.5640625 0.4390625 0.5671875 0.4265625 0.578125
2 0.5515625 0.5609375 0.5546875 0.5625 0.55625 0.56875 0.5546875 0.5828125 0.546875 0.5828125 0.5421875 0.5765625 0.54375 0.5640625 0.55 0.5609375
2 0.0734375 0.6 0.0765625 0.603125 0.06875 0.6078125 0.065625 0.6125 0.059375 0.6125 0.0578125 0.60625 0.0640625 0.6 0.071875 0.6
2 0.00028067129629629693 0.6577314814814814 0.0005613425925925939 0.02045138888888891
2 0.4930671296296296 0.5660069444444444 0.022199074074074066 0.022199074074074066
2 0.4413078703703704 0.5800520833333334 0.03318287037037031 0.025486111111111143
2 0.39375 0.58125 0.3953125 0.5859375 0.39375 0.5953125 0.390625 0.59375 0.3890625 0.5859375 0.3890625 0.5828125 0.3921875 0.58125
2 0.853125 0.7125 0.859375 0.7078125 0.8921875 0.70625 0.8953125 0.715625 0.89375 0.7359375 0.8921875 0.734375 0.86875 0.734375 0.8578125 0.7421875 0.8515625 0.7328125 0.8515625 0.715625 0.853125 0.7140625
2 0.5921875 0.528125 0.5953125 0.5296875 0.596875 0.540625 0.590625 0.540625 0.5890625 0.534375 0.590625 0.5296875
2 0.5734375 0.534375 0.578125 0.5328125 0.5828125 0.5359375 0.5828125 0.5421875 0.578125 0.546875 0.575 0.546875 0.5734375 0.5359375
2 0.3002662037037037 0.6102604166666666 0.042604166666666686 0.028749999999999963