2 0.36171875 0.7391724537037037 0.05 0.0757407407407408
2 0.228125 0.7630266203703704 0.06875 0.10258101851851861
2 0.32109375 0.6858680555555555 0.0875 0.06223379629629626
2 0.5265625 0.5890740740740741 0.0390625 0.02714120370370381
2 0.8484375 0.5796180555555556 0.046875 0.028819444444444463
2 0.19296875 0.7158912037037037 0.09375 0.07795138888888893
5 0.45859375 0.6111747685185185 0.0484375 0.04603009259259263
5 0.4359375 0.7802604166666667 0.109375 0.13443287037037024
5 0.42109375 0.648449074074074 0.0421875 0.05843749999999996
4 0.96640625 0.6895891203703703 0.0671875 0.11505787037037045
2 0.94140625 0.5508969907407407 0.0328125 0.025486111111111143
2 0.9984375 0.5547395833333333 0.003125 0.026608796296296332