0 0.690625 0.58125 0.6984375 0.5828125 0.70625 0.5890625 0.709375 0.5953125 0.7078125 0.6 0.7109375 0.625 0.70625 0.628125 0.6984375 0.628125 0.690625 0.625 0.6890625 0.6203125 0.68125 0.6125 0.678125 0.6015625 0.6796875 0.5875 0.6828125 0.5828125 0.6890625 0.58125
3 0.2875 0.6390625 0.290625 0.6421875 0.2890625 0.6578125 0.2796875 0.6625 0.271875 0.6625 0.278125 0.640625 0.2859375 0.640625
3 0.1703125 0.678125 0.1734375 0.678125 0.178125 0.6828125 0.1796875 0.690625 0.1765625 0.7015625 0.1703125 0.7078125 0.165625 0.7078125 0.1640625 0.7046875 0.1640625 0.6984375 0.1671875 0.6921875 0.165625 0.6875 0.1703125 0.6796875
3 0.3734375 0.60625 0.378125 0.615625 0.378125 0.621875 0.375 0.6265625 0.3625 0.6265625 0.365625 0.615625 0.3640625 0.6140625 0.371875 0.60625
3 0.3320196759259259 0.6288252314814814 0.018923611111111117 0.02357638888888891
3 0.13125 0.6234375 0.1359375 0.628125 0.1359375 0.64375 0.13125 0.64375 0.128125 0.640625 0.1296875 0.625
3 0.5640625 0.6 0.571875 0.6015625 0.5765625 0.60625 0.575 0.6203125 0.5640625 0.61875 0.5609375 0.6125 0.5640625 0.6015625
3 0.2093287037037037 0.6250462962962964 0.022048611111111095 0.02359953703703708
3 0.3453125 0.59375 0.3515625 0.6 0.35 0.6078125 0.346875 0.6109375 0.334375 0.609375 0.3375 0.6015625 0.3453125 0.5953125
3 0.265625 0.6046875 0.26875 0.6109375 0.2671875 0.615625 0.26875 0.6203125 0.2625 0.625 0.2625 0.6203125 0.2546875 0.6140625 0.2546875 0.6109375 0.2578125 0.60625 0.2640625 0.6046875
3 0.6734375 0.8890625 0.6765625 0.8890625 0.675 0.8921875 0.678125 0.90625 0.6765625 0.909375 0.678125 0.9234375 0.671875 0.9359375 0.671875 0.9421875 0.6609375 0.953125 0.6609375 0.959375 0.659375 0.959375 0.6546875 0.9546875 0.65 0.9375 0.6515625 0.93125 0.65 0.9140625 0.6546875 0.896875 0.6578125 0.9015625 0.6671875 0.90625 0.6703125 0.903125 0.6734375 0.890625
3 0.24375 0.6125 0.246875 0.6234375 0.2421875 0.6296875 0.2375 0.625 0.2390625 0.6140625 0.2421875 0.6125
4 0.5734375 0.5265625 0.58125 0.53125 0.5828125 0.540625 0.58125 0.55 0.5703125 0.5515625 0.56875 0.5328125 0.5734375 0.528125
1 0.6 0.5359375 0.6046875 0.5390625 0.6234375 0.5421875 0.625 0.5453125 0.6265625 0.5765625 0.6234375 0.58125 0.6171875 0.5828125 0.6046875 0.5828125 0.5890625 0.56875 0.5890625 0.5609375 0.5859375 0.55625 0.5859375 0.540625 0.5875 0.5375 0.5984375 0.5359375
1 0.6203125 0.5125 0.6265625 0.5203125 0.6265625 0.5328125 0.6234375 0.540625 0.6140625 0.540625 0.59375 0.5328125 0.59375 0.525 0.6015625 0.5171875 0.61875 0.5125
5 0.1046875 0.6515625 0.10625 0.66875 0.109375 0.6765625 0.1078125 0.684375 0.0953125 0.6890625 0.084375 0.6984375 0.078125 0.696875 0.065625 0.7 0.05625 0.70625 0.046875 0.70625 0.0375 0.7109375 0.0296875 0.71875 0.021875 0.71875 0.01875 0.7140625 0.0171875 0.6953125 0.0234375 0.690625 0.0328125 0.690625 0.046875 0.6734375 0.0546875 0.6703125 0.0578125 0.6640625 0.065625 0.6578125 0.0796875 0.65625 0.0921875 0.6515625 0.103125 0.6515625
5 0.2453125 0.6375 0.25 0.6484375 0.2515625 0.66875 0.24375 0.6765625 0.2359375 0.690625 0.2328125 0.6875 0.2234375 0.690625 0.2171875 0.6953125 0.215625 0.703125 0.2125 0.70625 0.20625 0.7046875 0.18125 0.70625 0.1796875 0.7046875 0.18125 0.69375 0.1796875 0.6890625 0.1875 0.665625 0.2 0.653125 0.20625 0.6515625 0.2140625 0.6453125 0.2265625 0.6390625 0.24375 0.6375
5 0.8703125 0.65 0.8953125 0.6515625 0.9078125 0.65625 0.9171875 0.65625 0.925 0.6609375 0.93125 0.6609375 0.934375 0.6640625 0.9359375 0.7 0.9375 0.7015625 0.9359375 0.721875 0.9203125 0.7171875 0.9109375 0.721875 0.8984375 0.7234375 0.890625 0.721875 0.878125 0.7140625 0.8734375 0.7125 0.8703125 0.7140625 0.8609375 0.709375 0.846875 0.7109375 0.834375 0.7015625 0.83125 0.6953125 0.8296875 0.684375 0.83125 0.675 0.8359375 0.66875 0.8484375 0.6625 0.853125 0.6625 0.8703125 0.6515625
5 0.74375 0.609375 0.75 0.6125 0.75625 0.6109375 0.7640625 0.6125 0.771875 0.6171875 0.778125 0.615625 0.7875 0.6203125 0.7890625 0.634375 0.7921875 0.6421875 0.7921875 0.6625 0.790625 0.665625 0.7671875 0.671875 0.759375 0.6703125 0.7484375 0.659375 0.7390625 0.6578125 0.7265625 0.659375 0.7171875 0.65 0.715625 0.63125 0.71875 0.6203125 0.7328125 0.6109375 0.7421875 0.609375
2 0.7921875 0.5859375 0.8046875 0.5828125 0.825 0.590625 0.828125 0.5953125 0.8203125 0.5953125 0.8125 0.5921875 0.8046875 0.5921875 0.8 0.5890625 0.79375 0.5890625 0.79375 0.5875
2 0.5058275462962963 0.5720659722222223 0.020497685185185154 0.025150462962962992
2 0.7 0.6796875 0.709375 0.6828125 0.7171875 0.690625 0.71875 0.7390625 0.7140625 0.7515625 0.7 0.7421875 0.6921875 0.74375 0.6859375 0.7421875 0.68125 0.746875 0.675 0.734375 0.6765625 0.7171875 0.6734375 0.7140625 0.68125 0.69375 0.6796875 0.690625 0.68125 0.684375 0.6859375 0.6796875 0.6921875 0.678125 0.6984375 0.6796875
2 0.590625 0.58125 0.5984375 0.584375 0.603125 0.59375 0.6015625 0.603125 0.603125 0.6046875 0.5953125 0.6109375 0.5796875 0.6078125 0.5671875 0.5984375 0.5671875 0.5921875 0.5765625 0.5828125 0.5890625 0.58125
2 0.9640625 0.6109375 0.98125 0.6171875 0.9828125 0.6328125 0.9796875 0.634375 0.9625 0.628125 0.95 0.628125 0.940625 0.6234375 0.9453125 0.6140625 0.9515625 0.6109375 0.9625 0.6109375
2 0.5546875 0.553125 0.559375 0.5515625 0.5640625 0.55625 0.5640625 0.5609375 0.5671875 0.565625 0.565625 0.5734375 0.553125 0.575 0.5515625 0.5609375 0.5546875 0.5546875
2 0.525 0.5421875 0.5296875 0.540625 0.534375 0.5484375 0.5328125 0.55625 0.5265625 0.5609375 0.5234375 0.559375 0.5203125 0.553125 0.525 0.54375
2 0.3125 0.6140625 0.31875 0.6109375 0.3328125 0.6109375 0.3390625 0.6171875 0.3390625 0.621875 0.33125 0.6234375 0.3296875 0.628125 0.325 0.63125 0.3234375 0.6375 0.3203125 0.6375 0.3171875 0.6421875 0.3046875 0.64375 0.3 0.640625 0.2984375 0.634375 0.3 0.6296875 0.30625 0.625 0.3125 0.615625
2 0.5203125 0.546875 0.521875 0.55 0.51875 0.553125 0.51875 0.559375 0.5140625 0.5640625 0.509375 0.5609375 0.509375 0.5484375 0.51875 0.546875
2 0.3859375 0.578125 0.3875 0.5921875 0.3859375 0.6046875 0.3765625 0.6046875 0.371875 0.5984375 0.36875 0.603125 0.3671875 0.6015625 0.3671875 0.5921875 0.3734375 0.5875 0.3765625 0.58125 0.384375 0.578125
2 0.0625 0.7234375 0.0671875 0.721875 0.075 0.7078125 0.090625 0.6953125 0.0953125 0.6921875 0.1046875 0.690625 0.11875 0.6828125 0.134375 0.68125 0.14375 0.696875 0.14375 0.7078125 0.1359375 0.7234375 0.121875 0.725 0.1125 0.7328125 0.0984375 0.7390625 0.0875 0.753125 0.0828125 0.75 0.0765625 0.7515625 0.06875 0.75 0.05625 0.7515625 0.0546875 0.75 0.053125 0.7359375 0.05625 0.7296875 0.0625 0.725
2 0.01875 0.65625 0.025 0.665625 0.0234375 0.675 0.0171875 0.6796875 0.015625 0.675 0.015625 0.6578125 0.0171875 0.6578125
2 0.09362268518518518 0.6149652777777778 0.02982638888888889 0.018969907407407404
2 0.5390625 0.540625 0.54375 0.540625 0.546875 0.5453125 0.5453125 0.5578125 0.5375 0.559375 0.5375 0.54375 0.5390625 0.5421875
2 0.4734375 0.5625 0.478125 0.5640625 0.4796875 0.5671875 0.46875 0.575 0.4671875 0.5859375 0.4640625 0.5875 0.45625 0.5859375 0.45625 0.5765625 0.4671875 0.5625 0.471875 0.5625
2 0.1140625 0.6 0.121875 0.5984375 0.128125 0.603125 0.121875 0.6125 0.1125 0.6125 0.1109375 0.6078125 0.1140625 0.6015625
2 0.4984375 0.553125 0.503125 0.55625 0.503125 0.5609375 0.4953125 0.5734375 0.4890625 0.5703125 0.4875 0.5609375 0.490625 0.5546875 0.496875 0.553125
2 0.4859375 0.56875 0.4921875 0.5734375 0.490625 0.584375 0.478125 0.590625 0.4703125 0.590625 0.46875 0.5875 0.471875 0.5734375 0.4765625 0.5703125 0.484375 0.5703125
2 0.5594212962962963 0.5294791666666667 0.014178240740740745 0.015729166666666662