0 0.3203125 0.5859375 0.3296875 0.5875 0.33125 0.590625 0.328125 0.59375 0.3296875 0.6046875 0.328125 0.6125 0.315625 0.621875 0.3046875 0.6203125 0.303125 0.621875 0.284375 0.621875 0.2765625 0.6265625 0.2703125 0.625 0.2703125 0.615625 0.2859375 0.5921875 0.296875 0.5890625 0.31875 0.5875
0 0.6234375 0.8265625 0.640625 0.8359375 0.6515625 0.846875 0.659375 0.875 0.659375 0.915625 0.65625 0.9234375 0.65625 0.9328125 0.65 0.95625 0.6453125 0.9625 0.6421875 0.98125 0.6359375 0.9984375 0.5515625 0.9984375 0.5546875 0.984375 0.5546875 0.9703125 0.5515625 0.9640625 0.553125 0.9203125 0.5609375 0.909375 0.5734375 0.88125 0.578125 0.8765625 0.58125 0.86875 0.584375 0.8671875 0.6 0.8359375 0.60625 0.8296875 0.615625 0.825 0.621875 0.8265625
3 0.5703125 0.7609375 0.5796875 0.7640625 0.58125 0.7671875 0.5796875 0.7796875 0.5765625 0.78125 0.5734375 0.7890625 0.5703125 0.7890625 0.5671875 0.778125 0.5703125 0.7625
3 0.09921875 0.5967824074074073 0.009375 0.02201388888888891
3 0.2140625 0.5953125 0.2203125 0.5984375 0.2203125 0.609375 0.209375 0.6125 0.2046875 0.6109375 0.2046875 0.603125 0.2078125 0.596875 0.2125 0.5953125
3 0.075 0.6265625 0.0796875 0.63125 0.0859375 0.6265625 0.090625 0.628125 0.0921875 0.6359375 0.090625 0.6390625 0.0859375 0.640625 0.08125 0.6390625 0.065625 0.6453125 0.0625 0.64375 0.0625 0.6375 0.065625 0.63125 0.0734375 0.6265625
3 0.2265625 0.5859375 0.23125 0.584375 0.2375 0.5859375 0.2390625 0.5890625 0.2375 0.6 0.23125 0.6046875 0.225 0.603125 0.221875 0.5984375 0.221875 0.5921875 0.2265625 0.5875
3 0.2640625 0.6 0.2703125 0.60625 0.2671875 0.6203125 0.2578125 0.61875 0.2625 0.6015625
3 0.48125 0.578125 0.4859375 0.578125 0.4875 0.58125 0.4875 0.590625 0.4859375 0.59375 0.48125 0.59375 0.48125 0.5796875
4 0.4609375 0.5640625 0.4625 0.575 0.4609375 0.5796875 0.4515625 0.58125 0.4390625 0.5984375 0.4265625 0.5984375 0.4234375 0.5953125 0.425 0.59375 0.425 0.5765625 0.4375 0.565625 0.453125 0.5625 0.459375 0.5640625
4 0.609375 0.5875 0.6171875 0.5921875 0.615625 0.6296875 0.6109375 0.634375 0.609375 0.6328125 0.5875 0.6328125 0.584375 0.63125 0.58125 0.6203125 0.58125 0.6078125 0.584375 0.6 0.5859375 0.5859375 0.5890625 0.584375 0.6078125 0.5875
5 0.140625 0.6203125 0.1421875 0.621875 0.1578125 0.621875 0.1609375 0.63125 0.159375 0.653125 0.1515625 0.6578125 0.15 0.6640625 0.146875 0.665625 0.1390625 0.6640625 0.1265625 0.66875 0.1109375 0.68125 0.1078125 0.678125 0.0953125 0.68125 0.0875 0.6765625 0.0796875 0.6765625 0.08125 0.6578125 0.084375 0.6484375 0.0953125 0.6359375 0.1390625 0.6203125
5 0.6109375 0.6375 0.6140625 0.646875 0.6125 0.6484375 0.6125 0.6671875 0.6140625 0.66875 0.6125 0.6890625 0.5921875 0.6875 0.590625 0.684375 0.5921875 0.6375 0.59375 0.6359375 0.609375 0.6375
2 0.7625 0.63125 0.7765625 0.6328125 0.7921875 0.6390625 0.796875 0.6453125 0.7953125 0.6484375 0.790625 0.646875 0.7875 0.6421875 0.7734375 0.640625 0.7671875 0.6375 0.7640625 0.6328125
2 0.45546875 0.5950289351851852 0.0328125 0.03329861111111106
2 0.571875 0.5983159722222222 0.0203125 0.02686342592592599
2 0.921875 0.68125 0.94375 0.6859375 0.946875 0.690625 0.9453125 0.7046875 0.940625 0.7046875 0.9296875 0.6984375 0.9234375 0.6984375 0.915625 0.69375 0.90625 0.6921875 0.9078125 0.6828125 0.9203125 0.6828125
2 0.04375 0.5890625 0.0390625 0.5875 0.0375 0.59375 0.028125 0.6015625 0.021875 0.6015625 0.01875 0.5984375 0.01875 0.5875 0.025 0.5796875 0.040625 0.578125 0.04375 0.58125 0.0421875 0.584375 0.04375 0.5875
2 0.0859375 0.5828125 0.0921875 0.5890625 0.09375 0.5984375 0.078125 0.60625 0.0640625 0.60625 0.0640625 0.5875 0.0671875 0.5828125 0.071875 0.58125 0.084375 0.5828125
2 0.146875 0.6203125 0.146875 0.615625 0.1578125 0.6078125 0.1609375 0.609375 0.178125 0.603125 0.1875 0.6046875 0.1921875 0.6171875 0.1921875 0.6265625 0.1828125 0.6375 0.1734375 0.6359375 0.1640625 0.640625 0.1609375 0.6390625 0.159375 0.6234375 0.15625 0.6203125 0.1484375 0.6203125
2 0.053125 0.5671875 0.0546875 0.56875 0.065625 0.5671875 0.0703125 0.571875 0.0609375 0.58125 0.053125 0.5828125 0.05 0.578125 0.0515625 0.56875
2 0.0265625 0.684375 0.03125 0.6875 0.0359375 0.6953125 0.0328125 0.728125 0.0296875 0.734375 0.025 0.7375 0.015625 0.734375 0.0015625 0.740625 0 0.740625 0 0.6875 0.0015625 0.6859375 0.009375 0.6890625 0.0171875 0.684375 0.025 0.684375
2 0.48828125 0.5744212962962963 0.0203125 0.0284259259259259
2 0 0.578125 0.0046875 0.5859375 0.0046875 0.590625 0 0.59375 0 0.5796875
2 0.475 0.5609375 0.4796875 0.5578125 0.4875 0.5578125 0.4796875 0.571875 0.4734375 0.56875 0.475 0.5625
2 0.7921875 0.70625 0.8109375 0.7140625 0.83125 0.73125 0.840625 0.7421875 0.8421875 0.7640625 0.8375 0.76875 0.815625 0.76875 0.8109375 0.771875 0.8046875 0.7671875 0.803125 0.759375 0.7984375 0.7546875 0.7953125 0.753125 0.790625 0.7546875 0.7890625 0.7515625 0.784375 0.7515625 0.7703125 0.74375 0.75625 0.7421875 0.746875 0.7296875 0.746875 0.7140625 0.75 0.7109375 0.7546875 0.709375 0.76875 0.7109375 0.775 0.7078125 0.790625 0.70625
2 0.5828125 0.5539467592592592 0.009375 0.014201388888888911
2 0.10078125 0.5780555555555555 0.01875 0.026840277777777734
2 0.4953125 0.559375 0.4984375 0.5640625 0.4984375 0.5703125 0.4921875 0.5671875 0.4859375 0.5671875 0.4828125 0.571875 0.48125 0.56875 0.484375 0.5671875 0.484375 0.5609375 0.4875 0.5578125 0.49375 0.559375
2 0.5140625 0.5671875 0.5140625 0.5578125 0.5171875 0.553125 0.521875 0.553125 0.525 0.5578125 0.525 0.5625 0.5203125 0.5671875 0.5171875 0.56875 0.515625 0.5671875