4 0.4640625 0.725 0.471875 0.7296875 0.490625 0.7328125 0.503125 0.740625 0.5046875 0.75 0.5171875 0.759375 0.521875 0.765625 0.525 0.7953125 0.5265625 0.83125 0.5234375 0.8390625 0.5171875 0.8453125 0.5140625 0.8609375 0.5109375 0.865625 0.5 0.8671875 0.4984375 0.8765625 0.484375 0.8890625 0.475 0.903125 0.4703125 0.9046875 0.46875 0.89375 0.4640625 0.8921875 0.459375 0.8953125 0.41875 0.9359375 0.4125 0.9453125 0.4109375 0.953125 0.4078125 0.95625 0.4 0.953125 0.3953125 0.9609375 0.3921875 0.9609375 0.3734375 0.9390625 0.3734375 0.9328125 0.3796875 0.934375 0.38125 0.928125 0.3703125 0.9078125 0.3703125 0.85 0.3671875 0.8328125 0.3703125 0.828125 0.36875 0.81875 0.371875 0.80625 0.371875 0.7859375 0.375 0.7765625 0.390625 0.765625 0.4046875 0.759375 0.409375 0.7546875 0.4125 0.7546875 0.4625 0.7265625
3 0.625 0.62109375 0.00859375 0.01953125
3 0.459375 0.5734375 0.4640625 0.5734375 0.4640625 0.5859375 0.4578125 0.584375 0.459375 0.575
3 0.015625 0.7734375 0.01875 0.775 0.0234375 0.784375 0.0203125 0.7984375 0.0171875 0.8046875 0.0125 0.8078125 0.0078125 0.8078125 0.003125 0.8046875 0.0078125 0.7890625 0.0140625 0.7828125 0.015625 0.775
3 0.1265625 0.6625 0.1375 0.6640625 0.1375 0.6796875 0.1171875 0.6921875 0.1125 0.6921875 0.1140625 0.6765625 0.1203125 0.6640625 0.125 0.6625
3 0.3546875 0.5953125 0.359375 0.5921875 0.365625 0.5953125 0.3640625 0.60625 0.353125 0.60625 0.3546875 0.596875
3 0.6125 0.6109375 0.615625 0.6125 0.615625 0.6296875 0.609375 0.63125 0.6078125 0.628125 0.6078125 0.61875 0.6109375 0.6125
3 0.1125 0.6234375 0.1125 0.609375 0.115625 0.603125 0.11875 0.6046875 0.1203125 0.6203125 0.11875 0.6234375 0.1140625 0.6234375
3 0.33671875 0.6140625 0.01484375 0.0265625
3 0.496875 0.56875 0.00703125 0.01484375
3 0.24375 0.59375 0.2453125 0.5953125 0.2484375 0.59375 0.25 0.596875 0.25 0.609375 0.2453125 0.6140625 0.234375 0.6078125 0.234375 0.6015625 0.2375 0.5953125 0.2421875 0.59375
3 0.21953125 0.60703125 0.01953125 0.02421875
3 0.059375 0.725 0.0640625 0.7234375 0.0671875 0.7296875 0.0640625 0.74375 0.0609375 0.7484375 0.04375 0.7546875 0.034375 0.7640625 0.03125 0.7625 0.0296875 0.7578125 0.0375 0.728125 0.0421875 0.7265625 0.046875 0.73125 0.05 0.7421875 0.059375 0.7265625
3 0.5609375 0.6125 0.5625 0.615625 0.5609375 0.634375 0.55625 0.6359375 0.5484375 0.63125 0.55 0.6171875 0.5578125 0.61875 0.559375 0.6140625
3 0.1484375 0.6890625 0.1578125 0.6890625 0.153125 0.7 0.15 0.71875 0.140625 0.7203125 0.1328125 0.7296875 0.1296875 0.7296875 0.1296875 0.715625 0.134375 0.70625 0.134375 0.7 0.1375 0.696875 0.146875 0.7 0.15 0.696875 0.1484375 0.690625
3 0.6625 0.690625 0.6578125 0.684375 0.65625 0.6640625 0.6578125 0.6625 0.6640625 0.6640625 0.6640625 0.6890625
3 0.2 0.6515625 0.2125 0.6546875 0.2078125 0.671875 0.203125 0.671875 0.1921875 0.6796875 0.190625 0.6765625 0.1921875 0.6703125 0.2 0.653125
3 0.4828125 0.5671875 0.4859375 0.56875 0.4875 0.575 0.4859375 0.58125 0.484375 0.5828125 0.48125 0.58125 0.4828125 0.56875
0 0.334375 0.5796875 0.3328125 0.6015625 0.3265625 0.60625 0.3140625 0.60625 0.303125 0.6109375 0.2921875 0.6109375 0.2921875 0.6 0.3 0.5921875 0.3 0.5859375 0.303125 0.5828125 0.3171875 0.58125 0.3234375 0.578125 0.3328125 0.5796875
0 0.7484375 0.746875 0.775 0.759375 0.7828125 0.7703125 0.7828125 0.79375 0.7859375 0.8140625 0.7828125 0.8859375 0.7859375 0.9078125 0.7796875 0.9109375 0.7734375 0.909375 0.76875 0.9140625 0.7671875 0.925 0.7578125 0.921875 0.7359375 0.9078125 0.7359375 0.890625 0.7234375 0.878125 0.7234375 0.8578125 0.7265625 0.84375 0.7265625 0.7921875 0.73125 0.7703125 0.73125 0.7578125 0.7359375 0.746875 0.746875 0.746875
0 0.5890625 0.5625 0.5953125 0.5625 0.5984375 0.565625 0.5984375 0.5796875 0.5875 0.58125 0.5890625 0.5640625
2 0.7265625 0.6046875 0.7375 0.6046875 0.75 0.6125 0.7484375 0.6171875 0.7421875 0.6171875 0.7375 0.6203125 0.7328125 0.63125 0.7296875 0.63125 0.7265625 0.628125 0.728125 0.6140625 0.7265625 0.60625
2 0.60625 0.659375 0.6109375 0.665625 0.6140625 0.6796875 0.6140625 0.7046875 0.6125 0.70625 0.6046875 0.7015625 0.5890625 0.703125 0.590625 0.6625 0.5953125 0.6578125 0.6046875 0.659375
2 0.09375 0.6046875 0.103125 0.60625 0.10625 0.609375 0.1078125 0.6171875 0.10625 0.6265625 0.1015625 0.628125 0.0953125 0.6234375 0.09375 0.6296875 0.0859375 0.63125 0.0828125 0.6296875 0.0828125 0.6140625 0.084375 0.6078125 0.0875 0.6046875 0.0921875 0.6046875
2 0.6203125 0.6328125 0.6234375 0.6359375 0.6265625 0.646875 0.6265625 0.6671875 0.6125 0.6640625 0.6046875 0.6546875 0.6046875 0.6359375 0.609375 0.63125 0.61875 0.6328125
2 0.603125 0.709375 0.6140625 0.7125 0.6265625 0.7203125 0.6296875 0.725 0.6296875 0.74375 0.6265625 0.7578125 0.61875 0.7609375 0.609375 0.7703125 0.6046875 0.7796875 0.6 0.7828125 0.58125 0.775 0.571875 0.7734375 0.5671875 0.7625 0.5671875 0.7453125 0.5703125 0.7296875 0.5796875 0.7171875 0.5890625 0.7078125 0.6015625 0.709375
2 0.5921875 0.61875 0.58125 0.6171875 0.578125 0.6140625 0.578125 0.596875 0.5828125 0.5921875 0.5875 0.5921875 0.590625 0.5953125 0.59375 0.603125 0.59375 0.6171875
2 0.53125 0.54375 0.5359375 0.5421875 0.5390625 0.5453125 0.5390625 0.5515625 0.5328125 0.5578125 0.5296875 0.553125 0.53125 0.5453125
2 0.2015625 0.6015625 0.2109375 0.6125 0.2109375 0.6171875 0.20625 0.6234375 0.203125 0.6234375 0.1984375 0.628125 0.190625 0.6265625 0.1765625 0.628125 0.16875 0.6328125 0.165625 0.6328125 0.1625 0.628125 0.1640625 0.6171875 0.1890625 0.6015625 0.2 0.6015625
2 0.9078125 0.65625 0.93125 0.65625 0.9453125 0.6609375 0.9453125 0.678125 0.9390625 0.678125 0.928125 0.671875 0.9078125 0.6671875 0.90625 0.665625 0.9078125 0.6578125
2 0.5484375 0.5359375 0.5546875 0.5375 0.5546875 0.5421875 0.5515625 0.5453125 0.5484375 0.5453125 0.5484375 0.5375
2 0.58203125 0.54375 0.00859375 0.0140625
2 0.5625 0.5578125 0.01171875 0.01875
2 0.765625 0.6171875 0.7703125 0.615625 0.78125 0.6171875 0.796875 0.625 0.8 0.6296875 0.7890625 0.628125 0.7796875 0.6234375 0.7734375 0.6234375 0.765625 0.61875
2 0.56875 0.5609375 0.571875 0.559375 0.578125 0.5609375 0.5765625 0.5734375 0.56875 0.571875 0.56875 0.5625
2 0.56328125 0.53828125 0.009375 0.01015625
2 0.59375 0.5359375 0.6 0.5375 0.5984375 0.54375 0.5921875 0.540625 0.59375 0.5375