2 0.9041898148148148 0.5859548611111111 0.05207175925925931 0.03513888888888879
2 0.3900810185185185 0.8014293981481482 0.07326388888888893 0.09481481481481495
5 0.6362847222222222 0.8579513888888888 0.16222222222222218 0.1945486111111112
2 0.4332928240740741 0.7117071759259259 0.04619212962962962 0.0600462962962963
2 0.4185590277777778 0.6666030092592592 0.02856481481481481 0.030104166666666644
2 0.7027430555555555 0.5967534722222222 0.0522337962962963 0.046076388888888785
2 0.4930324074074074 0.7881828703703704 0.0905439814814816 0.10131944444444443
2 0.37918981481481484 0.9102083333333333 0.10824074074074072 0.13594907407407392
4 0.5153472222222222 0.6065625 0.047407407407407474 0.03663194444444447
2 0.9225462962962963 0.5591145833333334 0.02537037037037031 0.02537037037037031
5 0.7893229166666667 0.5860937500000001 0.0600462962962963 0.04619212962962962
2 0.2970891203703704 0.6957523148148148 0.04589120370370372 0.039733796296296295
2 0.3654340277777778 0.6673900462962963 0.03171296296296298 0.03171296296296298
5 0.4374305555555555 0.6217824074074074 0.06333333333333328 0.05717592592592595
2 0.9545891203703704 0.5594212962962963 0.030034722222222143 0.02387731481481481