0 0.3109375 0.703125 0.31875 0.7296875 0.321875 0.7328125 0.3234375 0.74375 0.31875 0.7828125 0.3203125 0.803125 0.315625 0.8125 0.3109375 0.815625 0.309375 0.825 0.30625 0.828125 0.296875 0.8296875 0.2890625 0.834375 0.2828125 0.8328125 0.2796875 0.8265625 0.26875 0.825 0.2671875 0.821875 0.271875 0.8 0.26875 0.7828125 0.2703125 0.778125 0.2640625 0.765625 0.265625 0.7578125 0.26875 0.7546875 0.26875 0.734375 0.2703125 0.7328125 0.26875 0.7234375 0.271875 0.71875 0.271875 0.7140625 0.2796875 0.7046875 0.2859375 0.7046875 0.290625 0.7015625 0.29375 0.703125 0.3078125 0.7015625 0.309375 0.703125
3 0.3421875 0.675 0.35 0.6765625 0.3484375 0.6953125 0.34375 0.6984375 0.340625 0.69375 0.340625 0.6765625
3 0.3046875 0.6546875 0.309375 0.65625 0.309375 0.66875 0.30625 0.6703125 0.303125 0.6765625 0.3 0.675 0.3 0.66875 0.3046875 0.65625
3 0.80625 0.61875 0.809375 0.628125 0.80625 0.6390625 0.803125 0.6375 0.7921875 0.6390625 0.790625 0.6359375 0.7921875 0.6203125 0.7953125 0.6171875 0.8046875 0.61875
3 0.8234375 0.628125 0.8265625 0.634375 0.8265625 0.6453125 0.8109375 0.6421875 0.8109375 0.634375 0.8140625 0.6296875 0.81875 0.6265625 0.821875 0.628125
3 0.74375 0.6078125 0.7515625 0.60625 0.7546875 0.6078125 0.75625 0.6125 0.7546875 0.6203125 0.7515625 0.6203125 0.746875 0.625 0.7421875 0.625 0.740625 0.615625 0.74375 0.609375
3 0.91875 0.66875 0.9234375 0.6671875 0.9296875 0.6765625 0.9265625 0.6921875 0.9125 0.69375 0.9109375 0.6828125 0.91875 0.6703125
3 0.3078125 0.640625 0.3078125 0.6453125 0.3109375 0.65 0.3109375 0.6625 0.3046875 0.675 0.303125 0.6765625 0.3 0.675 0.303125 0.6609375 0.303125 0.6484375 0.3078125 0.6421875
3 0.7640625 0.615625 0.76875 0.615625 0.7703125 0.61875 0.7703125 0.6296875 0.7671875 0.6328125 0.7625 0.6234375 0.7640625 0.6171875
3 0.4296875 0.5828125 0.434375 0.584375 0.434375 0.596875 0.4296875 0.5953125 0.4296875 0.584375
5 0.94609375 0.6320775462962963 0.0265625 0.028518518518518565
5 0.559375 0.5671875 0.5609375 0.56875 0.5609375 0.584375 0.5578125 0.5921875 0.5515625 0.5890625 0.5515625 0.56875 0.5578125 0.5671875
5 0.7390625 0.628125 0.74375 0.63125 0.7609375 0.6328125 0.7796875 0.6421875 0.784375 0.646875 0.7875 0.653125 0.796875 0.6625 0.7984375 0.678125 0.7921875 0.684375 0.784375 0.6828125 0.7734375 0.684375 0.7671875 0.678125 0.7640625 0.678125 0.75 0.66875 0.7375 0.6671875 0.728125 0.6578125 0.7296875 0.634375 0.7375 0.628125
4 0.434375 0.5537210648148149 0.01875 0.02840277777777773
2 0.0515625 0.63125 0.0703125 0.63125 0.075 0.634375 0.0765625 0.6390625 0.071875 0.64375 0.0625 0.64375 0.059375 0.646875 0.0546875 0.646875 0.053125 0.65 0.0359375 0.653125 0.034375 0.646875 0.0375 0.6359375 0.04375 0.6328125 0.05 0.634375 0.0515625 0.6328125
2 0.3890625 0.571875 0.3953125 0.5734375 0.396875 0.5796875 0.39375 0.584375 0.3875 0.5875 0.3828125 0.596875 0.3734375 0.5953125 0.3734375 0.5828125 0.38125 0.571875 0.384375 0.5703125 0.3875 0.571875
2 0.3484375 0.6265625 0.3578125 0.634375 0.35625 0.6546875 0.353125 0.659375 0.346875 0.659375 0.3390625 0.665625 0.3359375 0.6640625 0.3296875 0.665625 0.328125 0.6515625 0.3359375 0.63125 0.3421875 0.6265625 0.346875 0.6265625
2 0.4046875 0.5875 0.409375 0.596875 0.4078125 0.603125 0.396875 0.609375 0.3859375 0.609375 0.3828125 0.60625 0.384375 0.596875 0.390625 0.5875 0.39375 0.5859375 0.403125 0.5875
2 0.25 0.590625 0.2609375 0.5921875 0.259375 0.615625 0.2546875 0.61875 0.25 0.60625 0.2453125 0.6015625 0.2359375 0.6015625 0.2453125 0.5921875 0.2484375 0.5921875
2 0.315625 0.609375 0.328125 0.603125 0.3390625 0.603125 0.346875 0.6078125 0.35 0.615625 0.3484375 0.625 0.3421875 0.625 0.328125 0.63125 0.3171875 0.63125 0.309375 0.628125 0.3109375 0.615625 0.315625 0.6109375
2 0.559375 0.5671875 0.5609375 0.56875 0.5609375 0.584375 0.5578125 0.5921875 0.553125 0.590625 0.55 0.584375 0.5515625 0.56875 0.5578125 0.5671875
2 0.9421875 0.6671875 0.96875 0.6734375 0.9875 0.6828125 0.9859375 0.684375 0.984375 0.7171875 0.9640625 0.7140625 0.9609375 0.7109375 0.9484375 0.715625 0.94375 0.7125 0.9390625 0.703125 0.928125 0.6953125 0.9296875 0.68125 0.934375 0.678125 0.9359375 0.6703125 0.940625 0.6671875
2 0.409375 0.70625 0.4171875 0.7125 0.421875 0.7234375 0.4234375 0.759375 0.4203125 0.765625 0.4171875 0.7640625 0.40625 0.765625 0.4015625 0.76875 0.4 0.7671875 0.390625 0.76875 0.3890625 0.7578125 0.375 0.7421875 0.3765625 0.7203125 0.384375 0.7109375 0.39375 0.70625 0.3984375 0.7046875 0.4078125 0.70625
2 0.6515625 0.609375 0.6609375 0.621875 0.6609375 0.63125 0.6578125 0.634375 0.6359375 0.628125 0.625 0.61875 0.625 0.6125 0.6328125 0.60625 0.646875 0.60625 0.65 0.609375
2 0.4 0.615625 0.40625 0.6203125 0.4078125 0.625 0.4046875 0.640625 0.3984375 0.6484375 0.38125 0.646875 0.38125 0.6328125 0.3875 0.61875 0.3984375 0.615625
2 0.9125 0.60625 0.9203125 0.60625 0.9265625 0.6109375 0.928125 0.61875 0.925 0.6234375 0.915625 0.621875 0.9109375 0.6140625 0.9125 0.6078125
2 0.1578125 0.66875 0.159375 0.6703125 0.1640625 0.6671875 0.18125 0.6671875 0.1875 0.671875 0.2015625 0.6734375 0.2046875 0.6765625 0.209375 0.6765625 0.215625 0.6828125 0.2140625 0.6984375 0.2078125 0.70625 0.203125 0.709375 0.1921875 0.7078125 0.1765625 0.7109375 0.15625 0.721875 0.1484375 0.7328125 0.1421875 0.7328125 0.1328125 0.7265625 0.1296875 0.728125 0.115625 0.721875 0.1140625 0.71875 0.1171875 0.709375 0.1171875 0.6984375 0.1203125 0.6875 0.128125 0.678125 0.140625 0.6765625 0.1578125 0.6703125
2 0.8953125 0.6171875 0.9 0.6328125 0.896875 0.6390625 0.88125 0.6390625 0.8765625 0.6296875 0.8765625 0.6234375 0.88125 0.61875 0.8875 0.6171875 0.89375 0.61875
2 0.90859375 0.6193518518518518 0.0234375 0.020659722222222232
2 0.1859375 0.6125 0.190625 0.60625 0.20625 0.6 0.2203125 0.6 0.2203125 0.603125 0.209375 0.6078125 0.2 0.6078125 0.1875 0.6125