5 0.3140625 0.584375 0.3265625 0.5859375 0.328125 0.5921875 0.3109375 0.5984375 0.296875 0.6140625 0.2875 0.60625 0.2890625 0.596875 0.2953125 0.5890625 0.3125 0.584375
5 0.603125 0.6328125 0.6078125 0.634375 0.609375 0.6390625 0.609375 0.6671875 0.6109375 0.66875 0.609375 0.675 0.5890625 0.6734375 0.5875 0.66875 0.5875 0.653125 0.590625 0.6359375 0.59375 0.6328125 0.6015625 0.6328125
5 0.3 0.625 0.2984375 0.615625 0.3046875 0.60625 0.3140625 0.596875 0.3265625 0.59375 0.334375 0.59375 0.3359375 0.596875 0.3375 0.6234375 0.334375 0.6265625 0.328125 0.625 0.3171875 0.628125 0.3109375 0.6328125 0.3015625 0.625
5 0.575 0.6109375 0.5890625 0.6171875 0.590625 0.625 0.5890625 0.6421875 0.5765625 0.6484375 0.5703125 0.6421875 0.5546875 0.6421875 0.5515625 0.6375 0.5515625 0.6265625 0.5578125 0.6140625 0.565625 0.6109375 0.5734375 0.6109375
0 0.5040914351851852 0.6115798611111112 0.04559027777777773 0.037835648148148146
0 0.1078125 0.6390625 0.1109375 0.640625 0.1109375 0.659375 0.1125 0.6609375 0.1125 0.6734375 0.109375 0.6765625 0.096875 0.678125 0.090625 0.6890625 0.0796875 0.6890625 0.0515625 0.7015625 0.0375 0.703125 0.0296875 0.7171875 0.0265625 0.71875 0.021875 0.71875 0.0171875 0.7140625 0 0.7140625 0 0.7015625 0.003125 0.6921875 0.0078125 0.6875 0.0171875 0.684375 0.0203125 0.6796875 0.0203125 0.6640625 0.0234375 0.6578125 0.0296875 0.6578125 0.04375 0.6515625 0.0625 0.65 0.075 0.64375 0.10625 0.6390625
3 0.565625 0.95625 0.5703125 0.95625 0.578125 0.9640625 0.5875 0.9921875 0.5875 0.9984375 0.5765625 0.9984375 0.578125 0.9921875 0.5765625 0.98125 0.56875 0.9734375 0.5640625 0.9640625 0.565625 0.9578125
3 0.6077604166666667 0.855329861111111 0.025532407407407386 0.07206018518518516
3 0.5703125 0.696875 0.575 0.696875 0.5765625 0.7 0.575 0.7203125 0.571875 0.721875 0.56875 0.7046875 0.5703125 0.6984375
3 0.1921875 0.6015625 0.1953125 0.60625 0.1953125 0.61875 0.1921875 0.621875 0.184375 0.6234375 0.178125 0.6234375 0.175 0.6171875 0.178125 0.609375 0.190625 0.6015625
3 0.6171875 0.75 0.615625 0.7765625 0.6078125 0.7796875 0.6046875 0.778125 0.603125 0.7671875 0.6046875 0.7515625 0.615625 0.75
3 0.3549363425925926 0.6018807870370371 0.014201388888888866 0.01885416666666666
3 0.1265625 0.66875 0.128125 0.6703125 0.13125 0.6671875 0.1375 0.66875 0.1375 0.684375 0.1265625 0.6859375 0.1203125 0.69375 0.11875 0.6796875 0.121875 0.6703125 0.125 0.66875
3 0.5462615740740742 0.6142361111111111 0.01576388888888891 0.018865740740740745
3 0.7140625 0.9421875 0.71875 0.94375 0.71875 0.95625 0.7125 0.984375 0.709375 0.984375 0.7046875 0.9890625 0.7015625 0.9984375 0.6859375 0.9984375 0.684375 0.9875 0.6875 0.953125 0.69375 0.9609375 0.703125 0.9625 0.7046875 0.975 0.709375 0.9765625 0.7125 0.9703125 0.7140625 0.94375
3 0.465625 0.6 0.4703125 0.6046875 0.46875 0.6171875 0.45625 0.615625 0.45 0.6109375 0.453125 0.603125 0.4640625 0.6
3 0.4078125 0.8765625 0.415625 0.8796875 0.4234375 0.8796875 0.425 0.890625 0.4328125 0.89375 0.4328125 0.8984375 0.421875 0.9046875 0.4140625 0.9171875 0.409375 0.9171875 0.409375 0.9140625 0.4046875 0.909375 0.4078125 0.878125
4 0.7234375 0.73125 0.734375 0.7359375 0.7453125 0.746875 0.740625 0.75625 0.7421875 0.825 0.7390625 0.8296875 0.73125 0.8296875 0.728125 0.8265625 0.715625 0.8234375 0.703125 0.8171875 0.696875 0.8171875 0.6921875 0.80625 0.6921875 0.784375 0.6953125 0.7796875 0.696875 0.7609375 0.7015625 0.740625 0.7078125 0.728125 0.721875 0.73125
4 0.5765625 0.5484375 0.578125 0.56875 0.575 0.5734375 0.56875 0.571875 0.5671875 0.5609375 0.56875 0.55 0.575 0.5484375
2 0.940625 0.6671875 0.9421875 0.66875 0.9421875 0.684375 0.9296875 0.6828125 0.915625 0.675 0.9109375 0.675 0.9015625 0.6703125 0.9046875 0.6625 0.93125 0.6625 0.9390625 0.6671875
2 0.771875 0.621875 0.790625 0.628125 0.7953125 0.6359375 0.7828125 0.6296875 0.7703125 0.6296875 0.7578125 0.6234375 0.75 0.6234375 0.746875 0.6265625 0.7453125 0.6234375 0.746875 0.61875 0.7703125 0.621875
2 0.1984375 0.659375 0.1953125 0.6546875 0.1953125 0.64375 0.2015625 0.6296875 0.2109375 0.6234375 0.221875 0.6234375 0.2390625 0.61875 0.2453125 0.6203125 0.246875 0.6234375 0.2453125 0.6453125 0.240625 0.6484375 0.221875 0.653125 0.215625 0.659375 0.20625 0.6578125 0.2 0.659375
2 0.628125 0.6828125 0.6265625 0.6578125 0.6296875 0.6484375 0.64375 0.6484375 0.6484375 0.653125 0.6546875 0.6703125 0.6546875 0.6828125 0.6453125 0.6796875 0.6375 0.6796875 0.63125 0.684375 0.6296875 0.6828125
2 0.6609375 0.740625 0.675 0.7484375 0.68125 0.7609375 0.6796875 0.7875 0.6765625 0.7953125 0.6765625 0.80625 0.6703125 0.834375 0.6484375 0.8296875 0.628125 0.8203125 0.625 0.8078125 0.625 0.784375 0.6375 0.74375 0.6484375 0.7375 0.659375 0.740625
2 0.65 0.68125 0.6546875 0.6859375 0.6578125 0.696875 0.65625 0.7359375 0.6421875 0.7375 0.63125 0.7359375 0.628125 0.7421875 0.6265625 0.7421875 0.628125 0.7390625 0.625 0.734375 0.6234375 0.725 0.6296875 0.6875 0.634375 0.68125 0.6484375 0.68125
2 0.4890625 0.5609375 0.49375 0.5640625 0.4921875 0.5765625 0.4875 0.5765625 0.484375 0.5734375 0.478125 0.575 0.4765625 0.5734375 0.48125 0.5640625 0.4875 0.5609375
2 0.7421875 0.6140625 0.74375 0.621875 0.7421875 0.6203125 0.7328125 0.621875 0.7296875 0.640625 0.725 0.6390625 0.721875 0.634375 0.721875 0.609375 0.73125 0.6078125 0.740625 0.6140625
2 0.54375 0.5359375 0.5484375 0.5359375 0.55 0.5421875 0.5484375 0.546875 0.54375 0.5484375 0.5421875 0.546875 0.54375 0.5375
2 0.55625 0.559375 0.5546875 0.5734375 0.55 0.5734375 0.5453125 0.56875 0.546875 0.5609375 0.5515625 0.5578125 0.5546875 0.559375
2 0.459375 0.575 0.4640625 0.5796875 0.465625 0.5859375 0.4578125 0.5890625 0.45 0.596875 0.446875 0.596875 0.4453125 0.59375 0.4453125 0.5796875 0.4578125 0.575
2 0.50125 0.5732754629629631 0.01578703703703699 0.021990740740740745
2 0.2719039351851852 0.6309548611111111 0.051863425925925945 0.041006944444444485
2 0.4765625 0.575 0.484375 0.5734375 0.4890625 0.5796875 0.4859375 0.5921875 0.471875 0.59375 0.4703125 0.584375 0.4765625 0.5765625
2 0.5875 0.675 0.596875 0.6734375 0.60625 0.675 0.6109375 0.678125 0.6171875 0.6890625 0.6171875 0.70625 0.6140625 0.7203125 0.609375 0.7171875 0.6046875 0.7296875 0.6015625 0.73125 0.59375 0.728125 0.578125 0.7296875 0.5765625 0.7078125 0.58125 0.6875 0.5875 0.6765625
2 0.5453125 0.7859375 0.5640625 0.790625 0.578125 0.7984375 0.58125 0.8015625 0.584375 0.8125 0.58125 0.84375 0.571875 0.8484375 0.5609375 0.859375 0.5546875 0.871875 0.5515625 0.8875 0.5453125 0.89375 0.54375 0.8921875 0.53125 0.89375 0.525 0.890625 0.5046875 0.8765625 0.5 0.8640625 0.5015625 0.840625 0.5078125 0.828125 0.5125 0.8234375 0.521875 0.8015625 0.53125 0.790625 0.5390625 0.7859375 0.54375 0.7859375
2 0.0734375 0.584375 0.0765625 0.5890625 0.0703125 0.5921875 0.065625 0.5984375 0.059375 0.596875 0.0578125 0.590625 0.0640625 0.584375 0.071875 0.584375
2 0.0004079861111111114 0.638287037037037 0.0008159722222222228 0.0203819444444445
2 0.684375 0.665625 0.6890625 0.6609375 0.7078125 0.6625 0.7125 0.665625 0.721875 0.690625 0.721875 0.7140625 0.7125 0.7109375 0.6921875 0.7109375 0.6890625 0.7 0.6828125 0.6890625 0.684375 0.6671875
2 0.4578125 0.5734375 0.4640625 0.5671875 0.471875 0.5671875 0.475 0.5703125 0.475 0.575 0.4671875 0.5859375 0.4640625 0.584375 0.459375 0.575
2 0.64375 0.63125 0.653125 0.634375 0.659375 0.64375 0.6609375 0.6484375 0.659375 0.6640625 0.65625 0.665625 0.65 0.653125 0.640625 0.646875 0.63125 0.646875 0.6265625 0.65625 0.6203125 0.6546875 0.61875 0.65 0.6203125 0.6390625 0.634375 0.63125 0.6421875 0.63125
2 0.5441550925925925 0.5821875000000001 0.012685185185185244 0.025092592592592576
2 0.04375 0.596875 0.0484375 0.5984375 0.0484375 0.603125 0.04375 0.615625 0.0359375 0.621875 0.028125 0.61875 0.028125 0.6046875 0.03125 0.6 0.0421875 0.596875
2 0.5910127314814815 0.5848784722222222 0.017337962962962992 0.020439814814814827