0 0.5203125 0.5875 0.5265625 0.590625 0.5265625 0.6125 0.5140625 0.6203125 0.509375 0.6203125 0.5015625 0.6125 0.4921875 0.6109375 0.4875 0.60625 0.4875 0.6 0.4921875 0.5890625 0.496875 0.5859375 0.51875 0.5875
3 0.584375 0.590625 0.5828125 0.5796875 0.5859375 0.578125 0.5859375 0.5890625
3 0.5875 0.65 0.5921875 0.653125 0.5921875 0.68125 0.5890625 0.6828125 0.5859375 0.678125 0.5859375 0.653125 0.5875 0.6515625
3 0.11640625 0.615625 0.00859375 0.01953125
3 0.2203125 0.5953125 0.228125 0.6 0.2265625 0.615625 0.2171875 0.6140625 0.203125 0.615625 0.203125 0.60625 0.21875 0.5953125
3 0.171875 0.6984375 0.171875 0.6859375 0.175 0.675 0.1875 0.6703125 0.190625 0.671875 0.1890625 0.6875 0.1859375 0.6921875 0.1734375 0.6984375
3 0.1015625 0.7125 0.109375 0.715625 0.1125 0.7234375 0.115625 0.7203125 0.1171875 0.709375 0.1203125 0.7078125 0.1234375 0.7109375 0.1203125 0.728125 0.1125 0.7359375 0.103125 0.7390625 0.0984375 0.7453125 0.09375 0.74375 0.09375 0.7328125 0.096875 0.7203125 0.1015625 0.7140625
3 0.0265625 0.690625 0.03125 0.6984375 0.03125 0.703125 0.0359375 0.7078125 0.0390625 0.70625 0.040625 0.6984375 0.0421875 0.696875 0.0453125 0.6984375 0.04375 0.7109375 0.0390625 0.7140625 0.0328125 0.7140625 0.01875 0.7234375 0.015625 0.7234375 0.0140625 0.7203125 0.015625 0.70625 0.025 0.6921875
3 0.6859375 0.6609375 0.6921875 0.6609375 0.69375 0.6640625 0.6921875 0.6828125 0.6890625 0.684375 0.684375 0.671875 0.6859375 0.6625
3 0.1984375 0.6015625 0.2015625 0.60625 0.2015625 0.61875 0.1921875 0.6234375 0.1859375 0.6234375 0.1828125 0.6203125 0.1828125 0.6125 0.1890625 0.6046875 0.196875 0.6015625
4 0.61875 0.6890625 0.628125 0.703125 0.628125 0.7234375 0.6234375 0.7359375 0.6171875 0.7421875 0.6125 0.7578125 0.6046875 0.753125 0.5953125 0.7515625 0.5921875 0.7484375 0.58125 0.753125 0.5765625 0.74375 0.5765625 0.7234375 0.58125 0.7171875 0.5859375 0.696875 0.59375 0.6859375 0.603125 0.684375 0.6171875 0.6890625
5 0.4703125 0.5546875 0.475 0.55625 0.478125 0.5609375 0.4703125 0.5765625 0.465625 0.578125 0.4609375 0.578125 0.45625 0.571875 0.45625 0.5609375 0.459375 0.55625 0.46875 0.5546875
5 0.1609375 0.6328125 0.165625 0.6359375 0.1671875 0.64375 0.165625 0.6703125 0.1578125 0.6796875 0.146875 0.6796875 0.1328125 0.6859375 0.1234375 0.696875 0.1171875 0.6953125 0.1125 0.690625 0.109375 0.690625 0.103125 0.696875 0.0921875 0.6953125 0.090625 0.678125 0.096875 0.6625 0.1046875 0.653125 0.115625 0.646875 0.134375 0.640625 0.1453125 0.634375 0.159375 0.6328125
5 0.0953125 0.5921875 0.096875 0.5984375 0.0953125 0.628125 0.078125 0.628125 0.078125 0.6046875 0.0765625 0.603125 0.0765625 0.596875 0.0796875 0.59375 0.09375 0.5921875
2 0.78125 0.6171875 0.796875 0.625 0.7984375 0.6296875 0.765625 0.6203125 0.7671875 0.615625 0.7796875 0.6171875
2 0.25625 0.6203125 0.2625 0.621875 0.265625 0.6265625 0.2671875 0.6390625 0.2640625 0.65 0.2578125 0.6546875 0.2546875 0.653125 0.240625 0.659375 0.2359375 0.659375 0.23125 0.665625 0.2234375 0.6640625 0.2140625 0.665625 0.2109375 0.6625 0.2109375 0.6484375 0.2171875 0.6375 0.234375 0.6234375 0.2546875 0.6203125
2 0.4828125 0.5609375 0.4859375 0.55625 0.49375 0.55625 0.496875 0.559375 0.4953125 0.56875 0.4875 0.5625 0.484375 0.5625
2 0.06875 0.5875 0.071875 0.5859375 0.084375 0.5875 0.0734375 0.5984375 0.065625 0.5953125 0.06875 0.5890625
2 0.4390625 0.5640625 0.4421875 0.56875 0.434375 0.5765625 0.43125 0.575 0.43125 0.565625 0.4375 0.5640625
2 0.4875 0.5609375 0.49375 0.5671875 0.49375 0.5765625 0.490625 0.5796875 0.4828125 0.58125 0.4734375 0.58125 0.471875 0.578125 0.4765625 0.565625 0.4859375 0.5609375
2 0.571875 0.6171875 0.58125 0.6265625 0.5828125 0.6375 0.5796875 0.64375 0.56875 0.6453125 0.5625 0.6453125 0.559375 0.640625 0.553125 0.640625 0.5484375 0.634375 0.5484375 0.625 0.55625 0.6171875 0.5609375 0.615625 0.5703125 0.6171875
2 0.925 0.653125 0.928125 0.65625 0.934375 0.65625 0.9453125 0.6609375 0.9453125 0.678125 0.934375 0.6765625 0.9296875 0.671875 0.9234375 0.671875 0.90625 0.665625 0.9078125 0.65625 0.915625 0.65625 0.9234375 0.653125
2 0.2734375 0.6078125 0.2796875 0.6125 0.28125 0.6203125 0.271875 0.6296875 0.2671875 0.6296875 0.265625 0.625 0.253125 0.615625 0.2609375 0.6078125 0.271875 0.6078125
2 0.475 0.5625 0.4765625 0.5640625 0.475 0.56875 0.46875 0.5796875 0.4609375 0.5796875 0.4578125 0.571875 0.4625 0.5640625 0.4734375 0.5625
2 0.5609375 0.5328125 0.565625 0.5328125 0.5671875 0.5359375 0.5640625 0.540625 0.5609375 0.540625 0.559375 0.5390625 0.5609375 0.534375
2 0.6609375 0.628125 0.665625 0.6296875 0.671875 0.6390625 0.6734375 0.659375 0.66875 0.6640625 0.6609375 0.6640625 0.6578125 0.66875 0.6515625 0.6671875 0.646875 0.659375 0.6328125 0.65625 0.625 0.6578125 0.621875 0.6515625 0.621875 0.640625 0.625 0.634375 0.63125 0.634375 0.64375 0.6265625 0.659375 0.628125
2 0.45 0.56875 0.45625 0.5734375 0.4578125 0.584375 0.453125 0.5890625 0.44375 0.590625 0.4390625 0.584375 0.4375 0.575 0.4421875 0.56875 0.4453125 0.5671875 0.4484375 0.56875
2 0.703125 0.7375 0.70625 0.740625 0.7203125 0.74375 0.728125 0.753125 0.728125 0.778125 0.7171875 0.8140625 0.709375 0.8140625 0.6875 0.8046875 0.6828125 0.8046875 0.6765625 0.7984375 0.6765625 0.7703125 0.6828125 0.7578125 0.6859375 0.7390625 0.7015625 0.7375
2 0.2890625 0.609375 0.2984375 0.6046875 0.3015625 0.6 0.3125 0.5953125 0.3265625 0.5953125 0.3328125 0.6046875 0.3328125 0.609375 0.3234375 0.6234375 0.3109375 0.6234375 0.3015625 0.6296875 0.290625 0.6296875 0.2875 0.6265625 0.2859375 0.6140625 0.2890625 0.6109375
2 0.4359375 0.578125 0.440625 0.5890625 0.4390625 0.6046875 0.4328125 0.6046875 0.43125 0.5984375 0.43125 0.5796875 0.434375 0.578125
2 0.4703125 0.5890625 0.4765625 0.590625 0.4796875 0.6 0.478125 0.6109375 0.471875 0.615625 0.4640625 0.6140625 0.453125 0.615625 0.4421875 0.6109375 0.44375 0.6 0.45625 0.590625 0.46875 0.5890625
2 0 0.6296875 0.0046875 0.6296875 0.009375 0.6375 0.009375 0.6421875 0.003125 0.6484375 0 0.6484375 0 0.63125
2 0.8625 0.6890625 0.8796875 0.6953125 0.8859375 0.6953125 0.8921875 0.6984375 0.896875 0.7046875 0.896875 0.73125 0.8953125 0.7328125 0.896875 0.740625 0.89375 0.759375 0.8890625 0.7546875 0.8703125 0.7578125 0.865625 0.7546875 0.859375 0.7453125 0.8296875 0.73125 0.821875 0.73125 0.81875 0.734375 0.8140625 0.734375 0.8046875 0.71875 0.8046875 0.7078125 0.8109375 0.6984375 0.8296875 0.696875 0.8375 0.6921875 0.85 0.6890625 0.8609375 0.6890625
2 0.359375 0.61875 0.3578125 0.609375 0.359375 0.6046875 0.365625 0.6 0.36875 0.6015625 0.36875 0.61875 0.3671875 0.6203125 0.3609375 0.61875
2 0.0984375 0.5828125 0.10625 0.578125 0.1140625 0.58125 0.1125 0.5890625 0.103125 0.59375 0.0984375 0.5921875 0.096875 0.5890625 0.0984375 0.584375
2 0.05 0.5953125 0.0578125 0.596875 0.059375 0.6 0.053125 0.6046875 0.046875 0.6203125 0.0375 0.6203125 0.0359375 0.609375 0.0390625 0.6015625 0.0484375 0.5953125
2 0.4234375 0.8828125 0.4328125 0.8859375 0.446875 0.896875 0.453125 0.90625 0.45625 0.9171875 0.4578125 0.953125 0.453125 0.965625 0.4515625 0.99375 0.4484375 0.9984375 0.4015625 0.9984375 0.4 0.996875 0.3953125 0.9984375 0.390625 0.996875 0.375 0.996875 0.3734375 0.9984375 0.371875 0.996875 0.3671875 0.9984375 0.3109375 0.9984375 0.30625 0.996875 0.3 0.9984375 0.3125 0.9859375 0.3171875 0.978125 0.3171875 0.9703125 0.325 0.9453125 0.3453125 0.9234375 0.3703125 0.903125 0.378125 0.9 0.3921875 0.9015625 0.4109375 0.8859375 0.421875 0.8828125