0 0.46875 0.5796875 0.503125 0.5796875 0.5078125 0.5828125 0.5046875 0.6 0.5015625 0.6046875 0.4921875 0.609375 0.48125 0.603125 0.4671875 0.6015625 0.465625 0.5875 0.46875 0.58125
4 0.61875 0.6359375 0.628125 0.6453125 0.6296875 0.678125 0.63125 0.6796875 0.6296875 0.6875 0.6203125 0.684375 0.60625 0.6859375 0.603125 0.6796875 0.60625 0.6625 0.60625 0.64375 0.609375 0.6375 0.6171875 0.6359375
4 0.596875 0.6859375 0.6125 0.69375 0.6171875 0.69375 0.621875 0.7 0.621875 0.7203125 0.61875 0.7234375 0.61875 0.7328125 0.6046875 0.7453125 0.6046875 0.7546875 0.5984375 0.7640625 0.5921875 0.75625 0.584375 0.7578125 0.5796875 0.753125 0.571875 0.753125 0.56875 0.75625 0.5625 0.746875 0.5609375 0.7375 0.5625 0.7203125 0.5734375 0.709375 0.578125 0.69375 0.584375 0.6859375 0.5953125 0.6859375
3 0.6 0.5921875 0.6046875 0.5921875 0.60625 0.6 0.60625 0.60625 0.6046875 0.609375 0.6015625 0.609375 0.5984375 0.603125 0.6 0.59375
3 0.565625 0.5921875 0.56875 0.59375 0.56875 0.6078125 0.565625 0.6078125 0.565625 0.59375
3 0.6547453703703704 0.7374189814814814 0.014502314814814898 0.02979166666666666
3 0.190625 0.5890625 0.196875 0.59375 0.196875 0.60625 0.1875 0.6109375 0.18125 0.609375 0.178125 0.603125 0.18125 0.5921875 0.1890625 0.5890625
3 0.08918981481481482 0.6408159722222223 0.023692129629629632 0.01736111111111116
3 0.5296875 0.8734375 0.5328125 0.8765625 0.534375 0.890625 0.5375 0.89375 0.534375 0.915625 0.5109375 0.9375 0.5015625 0.953125 0.496875 0.953125 0.49375 0.946875 0.496875 0.9078125 0.4921875 0.9 0.490625 0.884375 0.4953125 0.878125 0.5015625 0.878125 0.50625 0.8875 0.509375 0.9015625 0.515625 0.903125 0.5234375 0.9140625 0.5296875 0.8984375 0.528125 0.890625 0.5234375 0.884375 0.525 0.875 0.528125 0.8734375
3 0.5078125 0.5890625 0.5125 0.5890625 0.515625 0.5953125 0.5125 0.6078125 0.5078125 0.6078125 0.5046875 0.603125 0.5078125 0.590625
3 0.1078125 0.59375 0.1109375 0.59375 0.1140625 0.603125 0.1125 0.609375 0.10625 0.6109375 0.1078125 0.5953125
3 0.234375 0.5828125 0.2453125 0.584375 0.246875 0.5890625 0.2453125 0.6015625 0.2390625 0.6046875 0.23125 0.5984375 0.228125 0.5984375 0.228125 0.5921875 0.234375 0.584375
5 0.346875 0.5828125 0.346875 0.5796875 0.3578125 0.571875 0.365625 0.571875 0.36875 0.5765625 0.36875 0.58125 0.3671875 0.5828125 0.3484375 0.5828125
5 0.3390625 0.5703125 0.34375 0.5796875 0.3390625 0.584375 0.3359375 0.584375 0.325 0.596875 0.3234375 0.596875 0.3203125 0.584375 0.3125 0.58125 0.3109375 0.578125 0.3234375 0.5703125 0.3375 0.5703125
2 0.93125 0.665625 0.9484375 0.66875 0.9515625 0.671875 0.953125 0.6796875 0.9484375 0.6890625 0.9125 0.675 0.9125 0.6671875 0.9296875 0.665625
2 0.2875 0.590625 0.290625 0.5953125 0.2890625 0.5984375 0.2859375 0.6015625 0.2796875 0.6015625 0.275 0.6046875 0.265625 0.6140625 0.2609375 0.615625 0.2515625 0.6265625 0.2453125 0.625 0.24375 0.615625 0.2484375 0.609375 0.25625 0.6046875 0.2640625 0.5921875 0.2703125 0.5921875 0.2765625 0.5890625 0.2859375 0.590625
2 0.7703125 0.61875 0.7828125 0.6203125 0.803125 0.63125 0.803125 0.634375 0.796875 0.634375 0.7921875 0.63125 0.778125 0.628125 0.7703125 0.6234375 0.7703125 0.6203125
2 0.640625 0.6109375 0.64375 0.6140625 0.6515625 0.615625 0.65625 0.621875 0.65625 0.640625 0.6515625 0.646875 0.646875 0.6484375 0.634375 0.646875 0.61875 0.634375 0.6203125 0.63125 0.61875 0.6234375 0.621875 0.615625 0.63125 0.6109375 0.6390625 0.6109375
2 0.4734375 0.5609375 0.4765625 0.5640625 0.4734375 0.575 0.4671875 0.575 0.4640625 0.571875 0.4625 0.5640625 0.4671875 0.5609375 0.471875 0.5609375
2 0.5421875 0.6015625 0.553125 0.609375 0.5546875 0.6203125 0.5515625 0.6265625 0.54375 0.6265625 0.540625 0.6296875 0.5265625 0.6265625 0.5203125 0.621875 0.5203125 0.6109375 0.528125 0.6046875 0.540625 0.6015625
2 0.7296875 0.609375 0.7421875 0.609375 0.75625 0.61875 0.759375 0.61875 0.75 0.625 0.7484375 0.6234375 0.740625 0.625 0.7359375 0.6296875 0.7359375 0.6328125 0.73125 0.634375 0.7296875 0.628125 0.73125 0.6109375
2 0.190625 0.615625 0.19375 0.621875 0.1828125 0.6296875 0.171875 0.6296875 0.1546875 0.65 0.1453125 0.6546875 0.1421875 0.6484375 0.1421875 0.640625 0.146875 0.6359375 0.1546875 0.63125 0.1609375 0.6234375 0.1703125 0.61875 0.1890625 0.615625
2 0.596875 0.6109375 0.5984375 0.6140625 0.6109375 0.615625 0.6171875 0.621875 0.61875 0.6328125 0.6109375 0.634375 0.60625 0.6390625 0.6015625 0.65 0.5953125 0.6421875 0.590625 0.640625 0.58125 0.6390625 0.575 0.6421875 0.571875 0.6390625 0.5734375 0.6234375 0.584375 0.6171875 0.5859375 0.6140625 0.5953125 0.6125
2 0.6890625 0.684375 0.7078125 0.6875 0.715625 0.69375 0.7234375 0.721875 0.7203125 0.740625 0.7 0.7359375 0.6921875 0.7375 0.6890625 0.7296875 0.6875 0.715625 0.6890625 0.6859375
2 0.3625 0.5828125 0.365625 0.5859375 0.3640625 0.6078125 0.3609375 0.6109375 0.3453125 0.6109375 0.3390625 0.615625 0.3265625 0.6140625 0.325 0.6 0.3375 0.5875 0.34375 0.584375 0.3609375 0.5828125
2 0.1953125 0.6234375 0.196875 0.625 0.2046875 0.6234375 0.2078125 0.6265625 0.2078125 0.6328125 0.2109375 0.6375 0.2109375 0.6484375 0.2046875 0.6625 0.2015625 0.665625 0.1953125 0.6625 0.1828125 0.66875 0.175 0.68125 0.1671875 0.678125 0.1578125 0.678125 0.1515625 0.6828125 0.14375 0.675 0.146875 0.65625 0.1609375 0.6453125 0.1609375 0.6421875 0.16875 0.6328125 0.184375 0.6296875 0.19375 0.6234375
2 0.43125 0.5734375 0.4375 0.5734375 0.4421875 0.578125 0.4421875 0.584375 0.4359375 0.590625 0.43125 0.5921875 0.4296875 0.5859375 0.43125 0.575
2 0.1046875 0.659375 0.1125 0.6640625 0.1125 0.671875 0.1078125 0.678125 0.1046875 0.6890625 0.1 0.6921875 0.0921875 0.690625 0.0828125 0.69375 0.06875 0.7015625 0.0609375 0.7109375 0.028125 0.709375 0.025 0.6984375 0.0296875 0.6890625 0.0515625 0.66875 0.059375 0.6640625 0.0890625 0.65625 0.096875 0.65625 0.103125 0.659375
2 0.5328125 0.7515625 0.5453125 0.75625 0.5515625 0.75625 0.5546875 0.759375 0.559375 0.759375 0.56875 0.7640625 0.575 0.778125 0.5765625 0.7953125 0.5734375 0.8109375 0.5703125 0.815625 0.56875 0.8171875 0.5609375 0.815625 0.540625 0.8296875 0.521875 0.85625 0.5140625 0.8484375 0.5078125 0.8515625 0.5 0.8515625 0.4796875 0.83125 0.48125 0.7890625 0.4890625 0.7703125 0.5125 0.7546875 0.5203125 0.7515625 0.53125 0.7515625
2 0.290625 0.6015625 0.2984375 0.603125 0.3046875 0.6078125 0.30625 0.621875 0.303125 0.6265625 0.296875 0.6296875 0.29375 0.628125 0.2859375 0.63125 0.2828125 0.6296875 0.2703125 0.6375 0.25625 0.634375 0.253125 0.63125 0.2546875 0.6234375 0.259375 0.6171875 0.2640625 0.615625 0.278125 0.603125 0.2890625 0.6015625
2 0.06791666666666667 0.5761226851851852 0.02212962962962962 0.01734953703703699
2 0.0859375 0.65 0.09375 0.6515625 0.09375 0.6546875 0.0890625 0.6546875 0.084375 0.6578125 0.0734375 0.6578125 0.059375 0.665625 0.0546875 0.665625 0.0265625 0.6921875 0.021875 0.7 0.0171875 0.7 0.0125 0.6953125 0.0109375 0.6859375 0.0265625 0.6671875 0.0296875 0.6671875 0.0390625 0.6578125 0.0546875 0.6484375 0.0625 0.65 0.0703125 0.646875 0.078125 0.646875 0.084375 0.65
2 0.7234375 0.653125 0.7375 0.659375 0.7484375 0.659375 0.7546875 0.6671875 0.7578125 0.6796875 0.7578125 0.69375 0.746875 0.7015625 0.7375 0.703125 0.7328125 0.70625 0.728125 0.7046875 0.725 0.6984375 0.71875 0.6953125 0.7125 0.6875 0.6921875 0.6828125 0.6875 0.6765625 0.6890625 0.6609375 0.7078125 0.653125 0.721875 0.653125
2 0.459375 0.5859375 0.4640625 0.590625 0.4640625 0.6015625 0.45625 0.609375 0.434375 0.609375 0.43125 0.60625 0.43125 0.59375 0.440625 0.5859375 0.4484375 0.584375 0.4578125 0.5859375
2 0.3171875 0.5828125 0.321875 0.5875 0.3234375 0.596875 0.315625 0.60625 0.3109375 0.6078125 0.2984375 0.6015625 0.29375 0.6015625 0.2921875 0.5890625 0.3 0.584375 0.315625 0.5828125
2 0.009375 0.6 0.0109375 0.596875 0.009375 0.6171875 0.009375 0.6015625
2 0.509375 0.5515625 0.5125 0.553125 0.5109375 0.56875 0.5 0.565625 0.5 0.5578125 0.5078125 0.5515625
2 0.039241898148148144 0.5919618055555556 0.02539351851851852 0.026747685185185156
2 0.4734375 0.5625 0.4796875 0.559375 0.4875 0.559375 0.490625 0.565625 0.4890625 0.5703125 0.490625 0.575 0.4875 0.578125 0.4828125 0.578125 0.471875 0.5765625 0.46875 0.5734375 0.4734375 0.5640625
2 0.55625 0.5328125 0.5578125 0.5375 0.55625 0.54375 0.55 0.54375 0.55 0.5328125 0.5515625 0.53125 0.5546875 0.5328125