3 0.73125 0.5640625 0.7390625 0.565625 0.740625 0.56875 0.7390625 0.5765625 0.734375 0.578125 0.728125 0.5734375 0.728125 0.56875 0.73125 0.565625
3 0.6359375 0.58125 0.6390625 0.584375 0.6390625 0.590625 0.6359375 0.59375 0.63125 0.59375 0.63125 0.5828125 0.634375 0.58125
3 0.35356481481481483 0.5977546296296297 0.019004629629629656 0.017465277777777823
3 0.3609375 0.9921875 0.3609375 0.9640625 0.3546875 0.94375 0.3640625 0.93125 0.375 0.946875 0.38125 0.98125 0.378125 0.9921875 0.3625 0.9921875
3 0.3 0.596875 0.30625 0.60625 0.3078125 0.6171875 0.3046875 0.6203125 0.2953125 0.621875 0.290625 0.621875 0.290625 0.6125 0.29375 0.6078125 0.2953125 0.5984375 0.2984375 0.596875
3 0 0.6203125 0.0046875 0.625 0.0046875 0.6375 0 0.6421875 0 0.621875
3 0.6984375 0.61875 0.6890625 0.6140625 0.6875 0.609375 0.6890625 0.6046875 0.6984375 0.6015625 0.7 0.6171875
3 0.3609375 0.9921875 0.359375 0.9640625 0.353125 0.9421875 0.359375 0.9390625 0.3640625 0.93125 0.375 0.946875 0.3765625 0.9625 0.38125 0.971875 0.38125 0.98125 0.378125 0.9921875 0.3625 0.9921875
0 0.2734375 0.603125 0.275 0.60625 0.2734375 0.634375 0.2625 0.6421875 0.25625 0.6421875 0.2390625 0.65 0.225 0.6609375 0.20625 0.65625 0.20625 0.6515625 0.2140625 0.640625 0.228125 0.628125 0.2265625 0.621875 0.2390625 0.6125 0.24375 0.6125 0.2546875 0.60625 0.271875 0.603125
4 0.1421875 0.5875 0.1453125 0.590625 0.146875 0.603125 0.1453125 0.61875 0.134375 0.6296875 0.1171875 0.6296875 0.1 0.634375 0.096875 0.6296875 0.103125 0.6171875 0.103125 0.5953125 0.10625 0.5921875 0.140625 0.5875
5 0.24403935185185185 0.6095312500000001 0.056921296296296296 0.04614583333333337
5 0.5546875 0.540625 0.55625 0.553125 0.55 0.559375 0.546875 0.559375 0.546875 0.5421875 0.553125 0.540625
5 0.6484375 0.59375 0.659375 0.596875 0.665625 0.603125 0.6671875 0.6078125 0.6671875 0.6328125 0.659375 0.640625 0.65 0.6375 0.6453125 0.6390625 0.6421875 0.63125 0.6375 0.628125 0.634375 0.6296875 0.6328125 0.6265625 0.63125 0.61875 0.6328125 0.596875 0.6359375 0.59375 0.646875 0.59375
5 0.5832349537037038 0.5428009259259259 0.012824074074074066 0.022060185185185245
2 0.7375 0.58125 0.7484375 0.5875 0.7484375 0.590625 0.740625 0.5921875 0.7390625 0.615625 0.7359375 0.615625 0.73125 0.609375 0.7296875 0.5828125 0.7359375 0.58125
2 0.6516956018518518 0.6667592592592593 0.030451388888888875 0.05200231481481481
2 0.5716898148148148 0.531255787037037 0.011168981481481488 0.01578703703703699
2 0.5653298611111112 0.5914930555555555 0.03947916666666664 0.02870370370370372
2 0.76875 0.59375 0.784375 0.5921875 0.7984375 0.5984375 0.803125 0.603125 0.8015625 0.60625 0.79375 0.6015625 0.7796875 0.6 0.7703125 0.5953125
2 0.5796875 0.634375 0.5734375 0.6296875 0.571875 0.625 0.5703125 0.603125 0.578125 0.596875 0.5875 0.5953125 0.5953125 0.6046875 0.5984375 0.6140625 0.5984375 0.6296875 0.596875 0.6328125 0.5921875 0.63125 0.58125 0.6328125
2 0.471875 0.55 0.475 0.5484375 0.4875 0.55 0.4859375 0.5609375 0.4796875 0.5625 0.46875 0.5625 0.46875 0.55625 0.471875 0.5515625
2 0.653125 0.684375 0.675 0.6828125 0.6859375 0.6921875 0.6859375 0.7296875 0.6828125 0.75 0.68125 0.7515625 0.671875 0.7515625 0.665625 0.7484375 0.6484375 0.75 0.6453125 0.746875 0.6453125 0.7203125 0.653125 0.6859375
2 0.328125 0.578125 0.33125 0.5796875 0.334375 0.5859375 0.334375 0.59375 0.33125 0.6015625 0.315625 0.603125 0.3078125 0.6078125 0.3 0.5984375 0.3 0.5921875 0.3140625 0.5796875 0.3265625 0.578125
2 0.4984375 0.578125 0.50625 0.5828125 0.5109375 0.5890625 0.5109375 0.596875 0.5078125 0.6015625 0.5 0.6046875 0.49375 0.6015625 0.490625 0.603125 0.478125 0.6 0.478125 0.590625 0.484375 0.584375 0.496875 0.578125
2 0.5765625 0.6984375 0.590625 0.7 0.6046875 0.7140625 0.60625 0.71875 0.60625 0.7484375 0.6 0.759375 0.5953125 0.78125 0.5921875 0.7859375 0.559375 0.78125 0.5546875 0.7765625 0.553125 0.7703125 0.5515625 0.7609375 0.553125 0.740625 0.56875 0.703125 0.575 0.6984375
2 0.8 0.646875 0.825 0.6578125 0.8328125 0.6734375 0.83125 0.675 0.83125 0.696875 0.8078125 0.70625 0.7984375 0.7046875 0.7875 0.690625 0.771875 0.6890625 0.765625 0.6859375 0.7546875 0.6859375 0.7484375 0.678125 0.746875 0.6734375 0.7484375 0.66875 0.7453125 0.665625 0.746875 0.6578125 0.7546875 0.6515625 0.775 0.6484375 0.7796875 0.6453125 0.7984375 0.646875
2 0.5671875 0.55 0.5703125 0.5640625 0.5671875 0.5703125 0.55625 0.56875 0.5578125 0.55 0.559375 0.5484375 0.565625 0.55
2 0.09375 0.6046875 0.096875 0.603125 0.103125 0.6046875 0.1015625 0.6203125 0.0953125 0.6296875 0.0921875 0.6296875 0.090625 0.625 0.09375 0.60625
2 0.434392361111111 0.57234375 0.015949074074074067 0.022106481481481487
2 0.5921875 0.5328125 0.603125 0.5359375 0.6046875 0.540625 0.603125 0.5484375 0.5984375 0.5484375 0.596875 0.5421875 0.5921875 0.540625 0.590625 0.5375 0.5921875 0.534375
2 0.540625 0.9640625 0.55 0.9734375 0.571875 0.9890625 0.565625 0.990625 0.515625 0.990625 0.5203125 0.9828125 0.5203125 0.9765625 0.534375 0.9640625 0.5390625 0.9640625
2 0.03474537037037037 0.6071643518518519 0.025416666666666664 0.0284953703703704
2 0.503125 0.790625 0.5203125 0.796875 0.525 0.803125 0.528125 0.8140625 0.5265625 0.859375 0.521875 0.8640625 0.515625 0.8625 0.49375 0.890625 0.4828125 0.9109375 0.4796875 0.9265625 0.4734375 0.934375 0.4640625 0.9296875 0.4546875 0.9328125 0.425 0.9109375 0.421875 0.9046875 0.425 0.8625 0.4328125 0.8359375 0.4578125 0.80625 0.471875 0.7953125 0.5015625 0.790625