3 0.1921875 0.61171875 0.01953125 0.0234375
3 0.6328125 0.6765625 0.634375 0.6921875 0.63125 0.696875 0.628125 0.6953125 0.625 0.6859375 0.625 0.678125 0.63125 0.6765625
3 0.6546875 0.6734375 0.6578125 0.678125 0.6546875 0.6953125 0.65 0.6859375 0.65 0.675 0.653125 0.6734375
3 0.1234375 0.6078125 0.128125 0.6125 0.128125 0.6203125 0.125 0.6265625 0.1171875 0.6265625 0.1125 0.6234375 0.1140625 0.6109375 0.1171875 0.6078125 0.121875 0.6078125
3 0.225 0.596875 0.228125 0.6 0.228125 0.6125 0.2234375 0.6171875 0.21875 0.6140625 0.2046875 0.6125 0.2046875 0.60625 0.2125 0.5984375 0.2171875 0.5953125 0.2234375 0.596875
3 0.1640625 0.6390625 0.1765625 0.64375 0.175 0.6546875 0.171875 0.6578125 0.1578125 0.6625 0.1578125 0.6546875 0.1640625 0.640625
3 0.134375 0.6703125 0.1421875 0.6734375 0.1453125 0.6796875 0.14375 0.684375 0.1375 0.6859375 0.128125 0.69375 0.1234375 0.6921875 0.1234375 0.6859375 0.1296875 0.671875 0.1328125 0.6703125
3 0.5984375 0.59140625 0.00703125 0.01953125
5 0.4796875 0.5578125 0.4828125 0.5609375 0.4734375 0.575 0.4671875 0.575 0.4625 0.571875 0.4640625 0.5625 0.46875 0.559375 0.478125 0.5578125
5 0.253125 0.6046875 0.2609375 0.6 0.278125 0.5953125 0.2921875 0.5953125 0.2953125 0.5984375 0.2953125 0.609375 0.2828125 0.615625 0.2671875 0.6328125 0.2625 0.63125 0.25625 0.6375 0.24375 0.6359375 0.240625 0.6328125 0.2421875 0.6171875 0.253125 0.60625
5 0.0921875 0.5921875 0.096875 0.5953125 0.0953125 0.596875 0.096875 0.6140625 0.09375 0.6234375 0.090625 0.625 0.078125 0.625 0.075 0.6171875 0.078125 0.5953125 0.090625 0.5921875
5 0.5859375 0.6046875 0.60625 0.6078125 0.609375 0.6171875 0.6078125 0.61875 0.609375 0.621875 0.6078125 0.640625 0.59375 0.6421875 0.590625 0.6453125 0.5875 0.64375 0.584375 0.6375 0.578125 0.6359375 0.5703125 0.6390625 0.565625 0.6265625 0.5671875 0.609375 0.5734375 0.6046875 0.584375 0.6046875
5 0.05 0.6078125 0.02890625 0.028125
4 0.55 0.59375 0.5484375 0.578125 0.553125 0.5703125 0.5609375 0.5703125 0.5625 0.5734375 0.5640625 0.59375 0.5609375 0.5953125 0.5515625 0.59375
4 0 0.7640625 0.0125 0.7640625 0.0171875 0.76875 0.0171875 0.7890625 0.0140625 0.7953125 0.0046875 0.803125 0.0046875 0.809375 0 0.8140625 0 0.765625
2 0.7265625 0.6046875 0.7375 0.6046875 0.7453125 0.6078125 0.7515625 0.6140625 0.7515625 0.6171875 0.7484375 0.61875 0.7453125 0.6171875 0.7390625 0.61875 0.734375 0.6234375 0.73125 0.6328125 0.7265625 0.6265625 0.728125 0.615625 0.7265625 0.60625
2 0.9296875 0.65625 0.9453125 0.6609375 0.9453125 0.678125 0.934375 0.6765625 0.928125 0.671875 0.921875 0.671875 0.9140625 0.6671875 0.90625 0.665625 0.90625 0.6609375 0.9109375 0.65625 0.928125 0.65625
2 0.08125 0.5859375 0.0828125 0.590625 0.075 0.5953125 0.0703125 0.5953125 0.06875 0.5890625 0.0765625 0.584375 0.0796875 0.5859375
2 0.47734375 0.6 0.0359375 0.02734375
2 0.4640625 0.5734375 0.4734375 0.578125 0.475 0.5859375 0.459375 0.5984375 0.453125 0.596875 0.453125 0.5890625 0.4578125 0.5765625 0.4625 0.5734375
2 0.4515625 0.5765625 0.4546875 0.578125 0.4546875 0.5859375 0.45 0.5984375 0.44375 0.5953125 0.4359375 0.5859375 0.4328125 0.5859375 0.440625 0.578125 0.45 0.5765625
2 0.521875 0.584375 0.5234375 0.5875 0.521875 0.6 0.5125 0.596875 0.4984375 0.5984375 0.4953125 0.59375 0.4953125 0.5890625 0.4984375 0.5890625 0.503125 0.584375 0.5078125 0.5828125 0.5203125 0.584375
2 0.4328125 0.5875 0.440625 0.590625 0.4453125 0.5953125 0.45 0.5953125 0.4515625 0.6 0.4515625 0.60625 0.446875 0.6125 0.4421875 0.6140625 0.434375 0.6109375 0.43125 0.603125 0.4328125 0.5890625
2 0.509375 0.5703125 0.01171875 0.01640625
2 0.3359375 0.596875 0.3390625 0.6 0.3375 0.61875 0.33125 0.6234375 0.315625 0.628125 0.3109375 0.625 0.309375 0.6203125 0.309375 0.6046875 0.3203125 0.5984375 0.334375 0.596875
2 0.303125 0.6125 0.309375 0.6171875 0.309375 0.6328125 0.303125 0.6375 0.296875 0.6375 0.2796875 0.6453125 0.26875 0.6453125 0.2703125 0.63125 0.284375 0.6171875 0.3015625 0.6125
2 0.4328125 0.5734375 0.4375 0.571875 0.4484375 0.5734375 0.4484375 0.5765625 0.4421875 0.5796875 0.4375 0.5859375 0.4328125 0.5859375 0.43125 0.58125 0.4328125 0.575
2 0.090625 0.6453125 0.10625 0.646875 0.1078125 0.653125 0.10625 0.6671875 0.1 0.6671875 0.0921875 0.6765625 0.0796875 0.675 0.053125 0.6796875 0.046875 0.6859375 0.0421875 0.6875 0.0265625 0.684375 0.0265625 0.6734375 0.03125 0.66875 0.0421875 0.6640625 0.05 0.65625 0.0671875 0.646875 0.0890625 0.6453125
2 0.35703125 0.6015625 0.025 0.034375
2 0.5140625 0.5984375 0.5234375 0.60625 0.525 0.6125 0.5234375 0.61875 0.51875 0.6234375 0.5125 0.6234375 0.509375 0.6203125 0.4953125 0.6203125 0.490625 0.615625 0.490625 0.6109375 0.4984375 0.6 0.5125 0.5984375
2 0.33125 0.58125 0.334375 0.5859375 0.334375 0.5953125 0.3203125 0.596875 0.3046875 0.60625 0.2984375 0.6046875 0.2984375 0.5984375 0.3046875 0.5953125 0.3140625 0.584375 0.321875 0.58125 0.3296875 0.58125
2 0.8453125 0.6953125 0.8796875 0.7078125 0.8953125 0.715625 0.896875 0.7203125 0.8953125 0.7375 0.8921875 0.7421875 0.8921875 0.75625 0.8875 0.759375 0.8734375 0.75625 0.86875 0.7578125 0.8609375 0.7671875 0.8578125 0.7671875 0.8484375 0.75625 0.8328125 0.7484375 0.828125 0.7484375 0.81875 0.7421875 0.8140625 0.740625 0.8078125 0.740625 0.803125 0.74375 0.796875 0.7421875 0.7859375 0.721875 0.7859375 0.709375 0.7890625 0.703125 0.796875 0.6984375 0.8109375 0.6984375 0.8171875 0.7015625 0.8328125 0.6953125 0.84375 0.6953125
2 0.6046875 0.553125 0.6078125 0.553125 0.60625 0.5640625 0.603125 0.5609375 0.6046875 0.5546875
2 0.4984375 0.565625 0.503125 0.5703125 0.5015625 0.5859375 0.49375 0.5890625 0.4890625 0.58125 0.496875 0.5671875
2 0.6625 0.621875 0.6796875 0.6296875 0.684375 0.6390625 0.6828125 0.6578125 0.678125 0.6609375 0.665625 0.6625 0.6609375 0.6625 0.653125 0.653125 0.6390625 0.653125 0.6359375 0.646875 0.6359375 0.6328125 0.646875 0.625 0.6609375 0.621875
2 0.484375 0.57109375 0.01953125 0.0171875
5 0.578125 0.6953125 0.596875 0.703125 0.6078125 0.7203125 0.609375 0.7359375 0.60625 0.7515625 0.5984375 0.753125 0.5859375 0.76875 0.584375 0.784375 0.5609375 0.778125 0.55 0.778125 0.5421875 0.7703125 0.5421875 0.734375 0.5453125 0.71875 0.565625 0.6984375 0.5765625 0.6953125
2 0.771875 0.615625 0.784375 0.61875 0.796875 0.625 0.7984375 0.6296875 0.7859375 0.625 0.7734375 0.6234375 0.765625 0.61875 0.765625 0.6171875 0.7703125 0.6171875