0 0.409375 0.653125 0.41875 0.6625 0.4265625 0.675 0.425 0.678125 0.4265625 0.6796875 0.425 0.725 0.4203125 0.7296875 0.421875 0.7359375 0.415625 0.7390625 0.40625 0.7390625 0.403125 0.7359375 0.403125 0.7328125 0.3921875 0.721875 0.384375 0.7015625 0.384375 0.675 0.3875 0.671875 0.3875 0.659375 0.39375 0.653125 0.4078125 0.653125
0 0.821875 0.6125 0.8296875 0.6140625 0.8359375 0.61875 0.84375 0.61875 0.85 0.621875 0.8609375 0.63125 0.8625 0.640625 0.865625 0.64375 0.8703125 0.6421875 0.871875 0.646875 0.86875 0.6484375 0.859375 0.6421875 0.8359375 0.634375 0.825 0.634375 0.8203125 0.640625 0.81875 0.6546875 0.815625 0.6578125 0.80625 0.6515625 0.80625 0.64375 0.8 0.6359375 0.7984375 0.6171875 0.803125 0.6125 0.8203125 0.6125
0 0.6375 0.871875 0.6625 0.8921875 0.665625 0.8921875 0.684375 0.9109375 0.6890625 0.9125 0.6984375 0.921875 0.7125 0.93125 0.7296875 0.9453125 0.7375 0.9546875 0.74375 0.9578125 0.7765625 0.9859375 0.778125 0.990625 0.78125 0.9921875 0.75 0.9921875 0.7484375 0.99375 0.6015625 0.99375 0.596875 0.9890625 0.596875 0.9859375 0.5921875 0.9828125 0.575 0.9828125 0.5734375 0.98125 0.5671875 0.965625 0.5671875 0.95 0.565625 0.9484375 0.5671875 0.9390625 0.5640625 0.934375 0.5640625 0.9296875 0.5734375 0.915625 0.5734375 0.909375 0.5796875 0.896875 0.584375 0.890625 0.596875 0.8859375 0.6171875 0.865625 0.6234375 0.8640625 0.6296875 0.871875 0.6359375 0.871875
1 0.415625 0.5421875 0.4203125 0.54375 0.4265625 0.553125 0.425 0.5734375 0.4203125 0.58125 0.40625 0.5921875 0.403125 0.5921875 0.4 0.5875 0.3890625 0.5890625 0.390625 0.559375 0.3921875 0.55625 0.4015625 0.5515625 0.40625 0.5515625 0.409375 0.5453125 0.4140625 0.5421875
1 0.94375 0.5953125 0.9453125 0.596875 0.9515625 0.5953125 0.9546875 0.5984375 0.971875 0.6 0.9890625 0.6046875 0.99375 0.6046875 0.9984375 0.6015625 0.9984375 0.66875 0.98125 0.6625 0.959375 0.659375 0.953125 0.6640625 0.9265625 0.6546875 0.9265625 0.609375 0.934375 0.5953125 0.9421875 0.5953125
1 0.2810243055555556 0.7057696759259259 0.06194444444444445 0.1363888888888889
5 0.8359375 0.6359375 0.8515625 0.640625 0.865625 0.65 0.8796875 0.6546875 0.8890625 0.6609375 0.896875 0.678125 0.8953125 0.6796875 0.8984375 0.6984375 0.8953125 0.7046875 0.875 0.7046875 0.871875 0.7015625 0.8640625 0.703125 0.8546875 0.6890625 0.8359375 0.68125 0.83125 0.684375 0.8265625 0.6796875 0.825 0.671875 0.8203125 0.665625 0.8203125 0.6453125 0.825 0.634375 0.834375 0.6359375
3 0.4131076388888889 0.6063483796296296 0.007962962962962995 0.020370370370370417
3 0.49375 0.765625 0.496875 0.76875 0.4984375 0.7796875 0.5015625 0.7828125 0.5046875 0.78125 0.5125 0.7890625 0.5140625 0.8125 0.509375 0.8203125 0.496875 0.80625 0.4875 0.8015625 0.4859375 0.7984375 0.4859375 0.7765625 0.4890625 0.7671875 0.4921875 0.765625
3 0.446875 0.6140625 0.453125 0.61875 0.4546875 0.6234375 0.4546875 0.6296875 0.4515625 0.6359375 0.446875 0.6359375 0.4453125 0.6328125 0.446875 0.615625
3 0.671875 0.6015625 0.6765625 0.609375 0.6765625 0.615625 0.6734375 0.6171875 0.6625 0.6140625 0.6640625 0.6046875 0.6703125 0.6015625
3 0.446875 0.609375 0.4578125 0.6046875 0.4578125 0.609375 0.4609375 0.6140625 0.459375 0.625 0.45 0.6359375 0.446875 0.6359375 0.446875 0.6109375
3 0.7842245370370371 0.6067245370370371 0.009525462962962994 0.02038194444444441
3 0.7796875 0.61875 0.7859375 0.63125 0.7859375 0.646875 0.7828125 0.65 0.7765625 0.6484375 0.7734375 0.64375 0.775 0.6203125 0.778125 0.61875
3 0.759375 0.5953125 0.7625 0.6015625 0.7609375 0.615625 0.75625 0.615625 0.753125 0.6125 0.753125 0.60625 0.7578125 0.596875
3 0.3984375 0.596875 0.4 0.6125 0.3984375 0.6140625 0.3953125 0.6125 0.396875 0.5984375
3 0.902181712962963 0.6042881944444444 0.007962962962962904 0.020370370370370327
3 0.8936516203703704 0.6129456018518519 0.009537037037037167 0.0219444444444445
3 0.45625 0.6015625 0.4609375 0.609375 0.4609375 0.6234375 0.45625 0.625 0.45625 0.61875 0.453125 0.6125 0.4546875 0.603125
3 0.6889814814814814 0.6168055555555556 0.018923611111111162 0.02357638888888891
3 0.646875 0.6015625 0.653125 0.6015625 0.659375 0.6125 0.6578125 0.6203125 0.646875 0.61875 0.64375 0.615625 0.64375 0.609375 0.646875 0.603125
3 0.7875 0.625 0.79375 0.628125 0.8046875 0.6453125 0.8046875 0.6609375 0.7984375 0.6625 0.7921875 0.659375 0.7875 0.6453125 0.7875 0.6265625
2 0.2765625 0.5984375 0.275 0.6234375 0.2703125 0.6296875 0.2671875 0.6296875 0.265625 0.6265625 0.2671875 0.625 0.265625 0.609375 0.2625 0.60625 0.25625 0.60625 0.25625 0.603125 0.2609375 0.5984375 0.26875 0.596875 0.275 0.5984375
2 0.053125 0.66875 0.0546875 0.6515625 0.06875 0.6484375 0.0921875 0.6484375 0.09375 0.6578125 0.0765625 0.6640625 0.0703125 0.6640625 0.0640625 0.66875 0.0578125 0.6703125 0.0546875 0.66875
2 0.45430555555555563 0.5779166666666666 0.014247685185185243 0.02510416666666666
2 0.5359375 0.5640625 0.5421875 0.5703125 0.53125 0.58125 0.5265625 0.58125 0.5234375 0.578125 0.5234375 0.565625 0.528125 0.5625 0.534375 0.5640625
2 0.371875 0.6265625 0.378125 0.6296875 0.38125 0.6359375 0.38125 0.6546875 0.375 0.66875 0.371875 0.6703125 0.3703125 0.665625 0.3625 0.6640625 0.35 0.665625 0.35 0.646875 0.3546875 0.634375 0.3625 0.628125 0.3703125 0.628125
2 0.5265625 0.55625 0.53125 0.5578125 0.5328125 0.5625 0.525 0.565625 0.5203125 0.565625 0.5171875 0.5625 0.5203125 0.55625 0.525 0.55625
2 0.496875 0.55625 0.5015625 0.559375 0.503125 0.5640625 0.5 0.5703125 0.4921875 0.5703125 0.4921875 0.5578125 0.4953125 0.55625
2 0.428587962962963 0.5867013888888889 0.023634259259259237 0.02673611111111107
2 0.9984375 0.7984375 0.9953125 0.790625 0.984375 0.7796875 0.9875 0.7484375 0.990625 0.7453125 0.99375 0.7328125 0.9984375 0.7296875 0.9984375 0.796875
2 0.984375 0.665625 0.9984375 0.671875 0.9984375 0.7234375 0.96875 0.7109375 0.9625 0.7140625 0.9578125 0.7125 0.9515625 0.703125 0.9515625 0.6984375 0.9453125 0.6921875 0.9453125 0.6796875 0.9515625 0.6671875 0.95625 0.6625 0.9703125 0.6625 0.9828125 0.665625
2 0.73125 0.6140625 0.7328125 0.6171875 0.7390625 0.61875 0.7453125 0.625 0.7515625 0.625 0.7609375 0.6328125 0.7609375 0.6453125 0.7453125 0.65 0.7390625 0.64375 0.7171875 0.6390625 0.7125 0.6359375 0.709375 0.6296875 0.709375 0.621875 0.7140625 0.6125 0.7296875 0.6140625
2 0.571875 0.590625 0.5734375 0.59375 0.571875 0.609375 0.5640625 0.6109375 0.55625 0.6078125 0.5546875 0.596875 0.55625 0.5921875 0.559375 0.596875 0.565625 0.590625 0.5703125 0.590625
2 0.503125 0.5515625 0.515625 0.5578125 0.5125 0.5625 0.5046875 0.5625 0.503125 0.553125
2 0.553125 0.575 0.5578125 0.578125 0.5578125 0.584375 0.5515625 0.5921875 0.540625 0.5921875 0.5328125 0.584375 0.5328125 0.578125 0.5375 0.571875 0.5484375 0.571875 0.5515625 0.575
2 0.4265625 0.5484375 0.4296875 0.546875 0.434375 0.5484375 0.434375 0.5625 0.428125 0.5625 0.4265625 0.55
2 0.5703125 0.58125 0.575 0.5875 0.5734375 0.5953125 0.5671875 0.59375 0.55625 0.603125 0.553125 0.59375 0.5546875 0.5875 0.5609375 0.58125 0.56875 0.58125
2 0.5046875 0.5609375 0.5140625 0.5625 0.521875 0.56875 0.5234375 0.5734375 0.5171875 0.58125 0.5078125 0.5796875 0.5046875 0.5765625 0.5046875 0.5625
2 0.3234375 0.609375 0.3265625 0.6125 0.33125 0.6125 0.3375 0.61875 0.3390625 0.6296875 0.334375 0.6359375 0.3234375 0.6375 0.3140625 0.6484375 0.3078125 0.6390625 0.2921875 0.6375 0.2921875 0.6234375 0.2953125 0.6171875 0.303125 0.6125 0.31875 0.6078125 0.321875 0.609375
2 0.83125 0.6125 0.846875 0.6171875 0.853125 0.621875 0.871875 0.640625 0.8703125 0.6484375 0.859375 0.6421875 0.8578125 0.6390625 0.859375 0.634375 0.8546875 0.6296875 0.821875 0.615625 0.8171875 0.615625 0.815625 0.6140625 0.8171875 0.6109375 0.8296875 0.6125
2 0.528125 0.5828125 0.5390625 0.590625 0.5390625 0.5984375 0.534375 0.603125 0.521875 0.603125 0.5171875 0.60625 0.5109375 0.6046875 0.50625 0.6 0.50625 0.5859375 0.509375 0.5828125 0.5265625 0.5828125