1 0.4380266203703703 0.568269675925926 0.03454861111111116 0.02394675925925922
1 0.28125 0.58125 0.2859375 0.5859375 0.2875 0.596875 0.2875 0.6203125 0.284375 0.6234375 0.2796875 0.61875 0.2484375 0.6171875 0.240625 0.621875 0.2375 0.6265625 0.23125 0.628125 0.2234375 0.6359375 0.221875 0.6421875 0.21875 0.6453125 0.2140625 0.6453125 0.20625 0.653125 0.1984375 0.6515625 0.1796875 0.653125 0.171875 0.6484375 0.1703125 0.64375 0.171875 0.6140625 0.178125 0.596875 0.203125 0.59375 0.21875 0.5875 0.2265625 0.5875 0.2296875 0.584375 0.2796875 0.58125
0 0.5864525462962963 0.57203125 0.014247685185185243 0.025208333333333322
4 0.35625 0.5734375 0.359375 0.6015625 0.3359375 0.603125 0.31875 0.61875 0.315625 0.6171875 0.3140625 0.609375 0.325 0.5890625 0.3359375 0.5765625 0.3546875 0.5734375
4 0.00625 0.7140625 0.0078125 0.734375 0 0.740625 0 0.7140625 0.0015625 0.7125 0.0046875 0.7140625
4 0.4375 0.584375 0.4421875 0.5859375 0.45 0.596875 0.4421875 0.6078125 0.4390625 0.60625 0.425 0.6078125 0.4234375 0.6046875 0.4234375 0.590625 0.428125 0.5859375 0.4359375 0.584375
3 0.4620601851851852 0.5936284722222223 0.009502314814814738 0.017326388888888822
3 0.5640625 0.5734375 0.565625 0.5734375 0.565625 0.5859375 0.5625 0.5828125 0.5640625 0.575
3 0.5734375 0.6125 0.5765625 0.615625 0.575 0.63125 0.571875 0.628125 0.571875 0.6140625
3 0.2977372685185185 0.6263541666666667 0.01894675925925928 0.02684027777777782
5 0.471875 0.5625 0.4859375 0.5609375 0.4875 0.5625 0.4859375 0.5734375 0.4890625 0.5765625 0.4890625 0.58125 0.484375 0.5828125 0.478125 0.575 0.471875 0.571875 0.471875 0.5640625
5 0.0265625 0.6078125 0.040625 0.60625 0.0453125 0.609375 0.0453125 0.615625 0.040625 0.61875 0.0390625 0.6265625 0.0265625 0.63125 0.021875 0.6296875 0.021875 0.61875 0.0265625 0.609375
5 0.3578125 0.6015625 0.359375 0.603125 0.359375 0.628125 0.3515625 0.63125 0.340625 0.63125 0.3359375 0.634375 0.3265625 0.63125 0.325 0.628125 0.325 0.61875 0.334375 0.60625 0.35625 0.603125
5 0.5015625 0.559375 0.503125 0.575 0.496875 0.58125 0.490625 0.5828125 0.4875 0.5828125 0.4828125 0.578125 0.4859375 0.5625 0.5 0.559375
2 0.5952372685185185 0.5463773148148148 0.0063310185185184945 0.011030092592592577
2 0.6046875 0.6359375 0.6078125 0.640625 0.6109375 0.6640625 0.6109375 0.6875 0.609375 0.6890625 0.6046875 0.684375 0.5953125 0.6828125 0.5859375 0.684375 0.584375 0.68125 0.584375 0.659375 0.5859375 0.6578125 0.584375 0.6390625 0.5875 0.634375 0.603125 0.6359375
2 0.4640625 0.5890625 0.465625 0.578125 0.4734375 0.571875 0.48125 0.575 0.4828125 0.5828125 0.4796875 0.5890625 0.4734375 0.5921875 0.46875 0.5921875 0.465625 0.5890625
2 0.7390625 0.6140625 0.7484375 0.621875 0.7484375 0.625 0.734375 0.6265625 0.728125 0.6375 0.7234375 0.6359375 0.725 0.6203125 0.7234375 0.6140625 0.725 0.6125 0.7375 0.6140625
2 0.4296875 0.578125 0.43125 0.58125 0.425 0.5890625 0.421875 0.5875 0.421875 0.5796875 0.425 0.5765625 0.428125 0.578125
2 0.5140625 0.5625 0.51875 0.5640625 0.5203125 0.56875 0.5078125 0.5796875 0.50625 0.575 0.5078125 0.5671875 0.509375 0.5640625 0.5125 0.5640625
2 0.078125 0.6 0.084375 0.6046875 0.0828125 0.6140625 0.08125 0.615625 0.075 0.6140625 0.0703125 0.6171875 0.0640625 0.6125 0.0640625 0.60625 0.0671875 0.6015625 0.0765625 0.6
2 0.1546875 0.6546875 0.1765625 0.6609375 0.1796875 0.6640625 0.178125 0.6765625 0.171875 0.684375 0.1625 0.684375 0.1515625 0.690625 0.15 0.6890625 0.1390625 0.7 0.1234375 0.7015625 0.11875 0.7015625 0.115625 0.6953125 0.1171875 0.690625 0.115625 0.6859375 0.11875 0.6796875 0.140625 0.659375 0.153125 0.6546875
2 0.065625 0.5953125 0.0703125 0.6 0.0578125 0.6125 0.053125 0.6109375 0.0515625 0.60625 0.053125 0.6 0.059375 0.5953125 0.0640625 0.5953125
2 0.775 0.6234375 0.7875 0.628125 0.796875 0.6375 0.790625 0.6375 0.7828125 0.63125 0.765625 0.628125 0.7640625 0.625 0.7671875 0.621875 0.7734375 0.6234375
2 0.45 0.5765625 0.453125 0.5828125 0.453125 0.5890625 0.4484375 0.5953125 0.44375 0.5890625 0.434375 0.5859375 0.434375 0.5828125 0.440625 0.5765625 0.4484375 0.5765625
2 0.07504050925925926 0.6285243055555556 0.028344907407407405 0.03010416666666673
2 0.259375 0.6171875 0.2625 0.61875 0.2609375 0.621875 0.25 0.6265625 0.2421875 0.6359375 0.2375 0.6375 0.23125 0.64375 0.228125 0.653125 0.2234375 0.6484375 0.225 0.634375 0.234375 0.6296875 0.24375 0.6203125 0.2578125 0.6171875
2 0.2796875 0.621875 0.284375 0.63125 0.284375 0.64375 0.2796875 0.65 0.2765625 0.653125 0.2671875 0.6515625 0.2546875 0.6546875 0.25 0.6609375 0.234375 0.659375 0.23125 0.65625 0.2328125 0.64375 0.2375 0.6390625 0.240625 0.6390625 0.25 0.628125 0.2625 0.621875 0.271875 0.6203125 0.278125 0.621875