5 0.459375 0.5640625 0.4546875 0.5578125 0.4546875 0.553125 0.459375 0.55 0.46875 0.5515625 0.4671875 0.5578125 0.4609375 0.5640625
5 0.296875 0.5953125 0.2984375 0.596875 0.2984375 0.6234375 0.2890625 0.6296875 0.2859375 0.634375 0.2734375 0.634375 0.26875 0.6375 0.2640625 0.6375 0.2578125 0.6453125 0.2515625 0.64375 0.24375 0.6453125 0.2359375 0.6421875 0.234375 0.6265625 0.2390625 0.6078125 0.2578125 0.6 0.265625 0.6 0.278125 0.5953125 0.2859375 0.59375 0.2953125 0.5953125
5 0 0.703125 0 0.678125 0.0078125 0.671875 0.0375 0.6609375 0.0546875 0.6609375 0.05625 0.6625 0.0625 0.6796875 0.0640625 0.6875 0.0625 0.6921875 0.0359375 0.7125 0.021875 0.71875 0.0171875 0.71875 0.0125 0.709375 0.00625 0.703125 0.0015625 0.703125
5 0.5359375 0.815625 0.5515625 0.825 0.5609375 0.8359375 0.5703125 0.8703125 0.571875 0.9234375 0.5703125 0.928125 0.5625 0.9359375 0.5625 0.9515625 0.559375 0.9546875 0.55625 0.96875 0.5484375 0.975 0.5453125 0.971875 0.5421875 0.9734375 0.5328125 0.984375 0.525 0.9984375 0.40625 0.9984375 0.4046875 0.996875 0.40625 0.984375 0.4046875 0.978125 0.40625 0.9765625 0.40625 0.946875 0.409375 0.93125 0.4078125 0.9109375 0.415625 0.9 0.49375 0.828125 0.4984375 0.8265625 0.5046875 0.8296875 0.5109375 0.821875 0.5234375 0.8125 0.534375 0.815625
5 0.6265625 0.5953125 0.6375 0.59375 0.6421875 0.5953125 0.6484375 0.6015625 0.6515625 0.6078125 0.6515625 0.6296875 0.653125 0.63125 0.6515625 0.6390625 0.640625 0.6375 0.634375 0.640625 0.63125 0.6375 0.625 0.6234375 0.6265625 0.596875
5 0.465625 0.5625 0.465625 0.5578125 0.475 0.553125 0.4796875 0.553125 0.4828125 0.55625 0.484375 0.5625 0.4828125 0.565625 0.478125 0.5671875 0.4734375 0.5609375 0.4671875 0.5625
4 0.3140625 0.5640625 0.315625 0.565625 0.315625 0.5921875 0.3140625 0.596875 0.30625 0.6015625 0.3015625 0.6015625 0.2984375 0.5953125 0.29375 0.5921875 0.2828125 0.5921875 0.2734375 0.5953125 0.2703125 0.5953125 0.2703125 0.5921875 0.2734375 0.5828125 0.2828125 0.575 0.2859375 0.56875 0.29375 0.565625 0.3125 0.5640625
3 0.5625 0.7078125 0.565625 0.709375 0.5734375 0.7078125 0.5765625 0.7125 0.5765625 0.721875 0.565625 0.734375 0.5625 0.734375 0.559375 0.7265625 0.559375 0.7125 0.5625 0.709375
3 0.5921875 0.5453125 0.59375 0.5453125 0.59375 0.5578125 0.5921875 0.546875
3 0.5984375 0.6 0.6015625 0.6015625 0.603125 0.6125 0.6015625 0.621875 0.5984375 0.6203125 0.596875 0.615625 0.5984375 0.6015625
3 0.559375 0.6234375 0.565625 0.625 0.5671875 0.634375 0.565625 0.640625 0.559375 0.6390625 0.5578125 0.6359375 0.559375 0.625
3 0.7359375 0.5765625 0.7421875 0.584375 0.7421875 0.5921875 0.7328125 0.590625 0.7328125 0.578125 0.734375 0.578125
3 0.215625 0.6109375 0.215625 0.5953125 0.21875 0.5921875 0.2234375 0.5953125 0.2234375 0.6046875 0.2171875 0.6109375
3 0.3171875 0.5984375 0.3203125 0.60625 0.3203125 0.61875 0.3140625 0.6203125 0.3046875 0.6203125 0.3046875 0.6109375 0.3078125 0.603125 0.315625 0.5984375
3 0.346875 0.6125 0.346875 0.6015625 0.3515625 0.5953125 0.35625 0.5953125 0.3578125 0.5984375 0.3578125 0.609375 0.3546875 0.6125 0.3484375 0.6125
3 0.565625 0.55 0.5671875 0.553125 0.565625 0.5625 0.5640625 0.5515625
3 0.1578125 0.68125 0.159375 0.6828125 0.1578125 0.6859375 0.159375 0.7 0.1546875 0.7140625 0.1453125 0.7171875 0.1375 0.7265625 0.134375 0.725 0.1359375 0.7 0.140625 0.69375 0.1484375 0.696875 0.153125 0.6890625 0.153125 0.6828125 0.15625 0.68125
3 0.634375 0.73125 0.6421875 0.7328125 0.646875 0.7375 0.64375 0.7609375 0.6390625 0.765625 0.6359375 0.7625 0.6359375 0.7578125 0.63125 0.7484375 0.63125 0.7359375 0.634375 0.7328125
3 0.5765625 0.5453125 0.5796875 0.546875 0.578125 0.55625 0.5765625 0.546875
3 0.19375 0.5953125 0.196875 0.6078125 0.19375 0.6140625 0.178125 0.6125 0.18125 0.6015625 0.1921875 0.5953125
2 0.73125 0.5984375 0.74375 0.596875 0.7515625 0.603125 0.7421875 0.609375 0.740625 0.6171875 0.7359375 0.6234375 0.7328125 0.6234375 0.7328125 0.6
2 0.06416087962962962 0.725 0.1084837962962963 0.090625
2 0.771875 0.609375 0.784375 0.609375 0.8 0.615625 0.8046875 0.6203125 0.8046875 0.621875 0.8 0.621875 0.7953125 0.61875 0.775 0.6140625 0.7734375 0.6109375
2 0.540625 0.534375 0.5453125 0.5328125 0.55 0.5359375 0.546875 0.5421875 0.540625 0.5421875 0.540625 0.5359375
2 0.534375 0.5359375 0.5390625 0.5375 0.540625 0.540625 0.540625 0.54375 0.5359375 0.5484375 0.5328125 0.5484375 0.53125 0.540625 0.534375 0.5375
2 0.4721354166666667 0.59765625 0.037696759259259235 0.0265625
2 0.4765625 0.5640625 0.478125 0.56875 0.471875 0.578125 0.471875 0.5828125 0.4671875 0.5859375 0.4640625 0.5859375 0.459375 0.58125 0.459375 0.5703125 0.4671875 0.5625 0.475 0.5640625
2 0.5328125 0.584375 0.5359375 0.5875 0.5359375 0.6046875 0.534375 0.6078125 0.5234375 0.609375 0.51875 0.6046875 0.50625 0.6046875 0.5046875 0.590625 0.515625 0.5828125 0.53125 0.584375
2 0.5734375 0.5859375 0.5921875 0.5859375 0.596875 0.59375 0.5953125 0.609375 0.5828125 0.6109375 0.56875 0.6078125 0.5640625 0.6015625 0.5640625 0.596875 0.5734375 0.5875
2 0.1375 0.6453125 0.1453125 0.640625 0.1515625 0.640625 0.1578125 0.6375 0.175 0.6375 0.1796875 0.6390625 0.1828125 0.64375 0.1796875 0.6609375 0.175 0.665625 0.1625 0.6671875 0.1515625 0.675 0.15 0.66875 0.146875 0.6671875 0.1421875 0.6734375 0.1421875 0.678125 0.1328125 0.68125 0.1203125 0.6796875 0.11875 0.6703125 0.121875 0.6609375 0.128125 0.6578125 0.1375 0.646875
2 0 0.6109375 0.0046875 0.6109375 0.0078125 0.615625 0.0078125 0.628125 0.00625 0.63125 0.0015625 0.6328125 0 0.63125 0 0.6125
2 0.1703125 0.6171875 0.175 0.6203125 0.1796875 0.628125 0.18125 0.634375 0.1796875 0.6375 0.1625 0.634375 0.1515625 0.6390625 0.14375 0.6390625 0.134375 0.646875 0.128125 0.65625 0.1234375 0.65625 0.125 0.640625 0.13125 0.6375 0.1484375 0.6203125 0.16875 0.6171875
2 0.353125 0.5734375 0.3578125 0.5765625 0.359375 0.58125 0.3515625 0.5890625 0.35 0.5890625 0.3484375 0.58125 0.34375 0.5765625 0.346875 0.5734375 0.3515625 0.5734375
2 0.6046875 0.6359375 0.609375 0.6515625 0.609375 0.6734375 0.6078125 0.675 0.6015625 0.671875 0.590625 0.6734375 0.5875 0.66875 0.5890625 0.659375 0.5875 0.640625 0.59375 0.634375 0.603125 0.6359375
2 0.34375 0.575 0.35 0.584375 0.35 0.590625 0.34375 0.5984375 0.3359375 0.5984375 0.328125 0.6015625 0.321875 0.6015625 0.31875 0.5984375 0.3171875 0.5953125 0.31875 0.584375 0.3296875 0.5765625 0.3421875 0.575
2 0.6375 0.640625 0.640625 0.6390625 0.6546875 0.640625 0.6609375 0.6484375 0.6609375 0.6953125 0.653125 0.6890625 0.6453125 0.6890625 0.6375 0.6921875 0.634375 0.690625 0.634375 0.675 0.6328125 0.6734375 0.6375 0.6421875
2 0.359375 0.5984375 0.3546875 0.5875 0.3640625 0.5796875 0.3671875 0.58125 0.3671875 0.5953125 0.365625 0.5984375 0.3609375 0.5984375
2 0 0.7046875 0.009375 0.70625 0.01875 0.7234375 0.01875 0.7328125 0.0078125 0.746875 0.0078125 0.7625 0 0.76875 0 0.70625
2 0.4953125 0.546875 0.496875 0.5546875 0.49375 0.5609375 0.4921875 0.5625 0.4890625 0.559375 0.4890625 0.5515625 0.49375 0.5484375
2 0.4546875 0.58125 0.4609375 0.5875 0.4515625 0.6 0.43125 0.6 0.43125 0.5890625 0.4453125 0.58125 0.453125 0.58125
2 0.396875 0.575 0.4015625 0.5796875 0.4015625 0.5921875 0.3984375 0.5984375 0.396875 0.5765625
2 0.490625 0.56875 0.4921875 0.5703125 0.4921875 0.5859375 0.4875 0.5890625 0.4796875 0.584375 0.4734375 0.584375 0.4734375 0.575 0.478125 0.56875 0.4828125 0.5671875 0.4890625 0.56875
2 0.5 0.5421875 0.5046875 0.540625 0.509375 0.5421875 0.509375 0.5515625 0.4984375 0.55 0.496875 0.5453125 0.5 0.54375
2 0.05 0.5859375 0.0546875 0.5875 0.05625 0.5890625 0.0546875 0.590625 0.0609375 0.5953125 0.0609375 0.603125 0.0546875 0.6078125 0.0515625 0.603125 0.0515625 0.596875 0.0453125 0.59375 0.0359375 0.603125 0.034375 0.6140625 0.028125 0.6140625 0.0265625 0.6 0.0375 0.5859375 0.0484375 0.5859375
2 0.4984375 0.553125 0.5078125 0.553125 0.5109375 0.55625 0.5109375 0.5703125 0.5078125 0.5734375 0.4953125 0.5734375 0.49375 0.5640625 0.4984375 0.5546875
2 0.5953125 0.53125 0.5984375 0.5359375 0.5984375 0.5421875 0.59375 0.54375 0.5890625 0.540625 0.5890625 0.534375 0.59375 0.53125