0 0.6109375 0.671875 0.6171875 0.6765625 0.6203125 0.6828125 0.61875 0.6890625 0.621875 0.69375 0.621875 0.721875 0.6109375 0.7453125 0.6015625 0.7515625 0.6 0.759375 0.5875 0.7578125 0.584375 0.7546875 0.584375 0.746875 0.5796875 0.740625 0.58125 0.7390625 0.5796875 0.6984375 0.5859375 0.684375 0.5953125 0.6734375 0.609375 0.671875
0 0.153125 0.640625 0.159375 0.6375 0.16875 0.6375 0.1734375 0.6328125 0.184375 0.63125 0.1984375 0.63125 0.203125 0.6328125 0.20625 0.6375 0.2046875 0.6546875 0.1984375 0.6625 0.1984375 0.66875 0.190625 0.6765625 0.1859375 0.675 0.184375 0.6625 0.1765625 0.653125 0.1640625 0.6546875 0.1515625 0.6609375 0.1453125 0.6609375 0.1390625 0.6640625 0.1375 0.6671875 0.134375 0.6671875 0.1328125 0.6609375 0.1375 0.6640625 0.140625 0.6609375 0.140625 0.6546875 0.153125 0.6421875
0 0.3890625 0.8875 0.396875 0.8921875 0.409375 0.90625 0.421875 0.9125 0.4296875 0.9234375 0.43125 0.934375 0.4421875 0.953125 0.4375 0.9625 0.4390625 0.98125 0.4328125 0.9984375 0.2359375 0.9984375 0.278125 0.9640625 0.28125 0.9640625 0.29375 0.95 0.2984375 0.9484375 0.3578125 0.8984375 0.3671875 0.8921875 0.3765625 0.8921875 0.3828125 0.884375 0.3875 0.8875
1 0.59375 0.5609375 0.6 0.5703125 0.6078125 0.571875 0.615625 0.578125 0.6171875 0.6078125 0.60625 0.6078125 0.603125 0.6109375 0.590625 0.6046875 0.5796875 0.5890625 0.5796875 0.5671875 0.5875 0.5609375 0.5921875 0.5609375
1 0.0703125 0.6125 0.0765625 0.625 0.0765625 0.646875 0.078125 0.6484375 0.0765625 0.6734375 0.0546875 0.68125 0.046875 0.6796875 0.025 0.68125 0 0.690625 0 0.6203125 0.0140625 0.6234375 0.025 0.6203125 0.034375 0.6203125 0.0390625 0.6171875 0.046875 0.6171875 0.05 0.6140625 0.06875 0.6125
1 0.6984375 0.659375 0.7234375 0.6609375 0.734375 0.66875 0.7515625 0.7046875 0.75625 0.7328125 0.753125 0.7484375 0.753125 0.7703125 0.7546875 0.771875 0.7546875 0.7921875 0.753125 0.79375 0.70625 0.7796875 0.703125 0.7734375 0.703125 0.7609375 0.7 0.7484375 0.7015625 0.7328125 0.6984375 0.71875 0.6984375 0.684375 0.696875 0.6828125 0.696875 0.6625 0.6984375 0.6609375
5 0.178125 0.653125 0.1828125 0.6609375 0.1859375 0.6828125 0.1765625 0.7 0.1734375 0.703125 0.165625 0.7015625 0.1625 0.7046875 0.15625 0.7046875 0.146875 0.709375 0.14375 0.7171875 0.1375 0.7234375 0.13125 0.721875 0.125 0.725 0.109375 0.725 0.10625 0.721875 0.10625 0.703125 0.115625 0.678125 0.1234375 0.6734375 0.1359375 0.6703125 0.153125 0.659375 0.1765625 0.653125
3 0.59375 0.6171875 0.596875 0.6203125 0.596875 0.6328125 0.5953125 0.634375 0.5921875 0.6328125 0.5921875 0.61875
3 0.51875 0.7890625 0.5203125 0.8 0.51875 0.821875 0.50625 0.8265625 0.4984375 0.8375 0.4953125 0.8375 0.4921875 0.8328125 0.4921875 0.809375 0.4953125 0.8046875 0.5078125 0.7984375 0.509375 0.7890625 0.5125 0.784375 0.5171875 0.7890625
3 0.5546412037037036 0.6432060185185186 0.011122685185185244 0.025081018518518582
3 0.334375 0.6203125 0.340625 0.621875 0.3421875 0.6328125 0.3359375 0.6359375 0.3296875 0.6359375 0.328125 0.628125 0.3328125 0.621875
3 0.5484375 0.6234375 0.559375 0.6296875 0.559375 0.6546875 0.5546875 0.6546875 0.5453125 0.6421875 0.5453125 0.63125 0.5484375 0.625
3 0.21875 0.61875 0.225 0.6203125 0.225 0.628125 0.221875 0.6359375 0.2171875 0.634375 0.21875 0.6203125
3 0.22330439814814812 0.6524710648148148 0.014305555555555526 0.032916666666666664
3 0.24375 0.615625 0.2484375 0.6171875 0.2515625 0.6265625 0.2515625 0.63125 0.246875 0.6359375 0.24375 0.6359375 0.2421875 0.6328125 0.24375 0.6171875
3 0.60625 0.6328125 0.60625 0.6171875 0.6078125 0.615625 0.6109375 0.6171875 0.6109375 0.6328125 0.6078125 0.6328125
3 0.103125 0.6140625 0.10625 0.61875 0.1046875 0.6328125 0.1 0.63125 0.1015625 0.615625
3 0.1101736111111111 0.6313194444444445 0.009537037037037033 0.021944444444444412
3 0.5484375 0.6203125 0.553125 0.625 0.55 0.64375 0.5484375 0.6453125 0.5453125 0.64375 0.5453125 0.6265625 0.5484375 0.621875
3 0.315625 0.6351851851851851 0.01892361111111107 0.02357638888888891
3 0.3515625 0.6203125 0.3578125 0.6203125 0.3609375 0.628125 0.3609375 0.634375 0.3578125 0.6375 0.346875 0.6390625 0.3453125 0.6328125 0.3515625 0.621875
3 0.209375 0.6484375 0.2171875 0.6453125 0.2171875 0.6625 0.2140625 0.675 0.2078125 0.68125 0.2015625 0.68125 0.1984375 0.6765625 0.2 0.6625 0.209375 0.65
2 0.74375 0.6171875 0.7484375 0.61875 0.7515625 0.625 0.7453125 0.625 0.740625 0.6296875 0.7421875 0.63125 0.740625 0.646875 0.7375 0.65 0.73125 0.6421875 0.73125 0.6171875 0.734375 0.6140625 0.7421875 0.6171875
2 0.934375 0.665625 0.946875 0.6671875 0.953125 0.6703125 0.95625 0.6828125 0.953125 0.6890625 0.9421875 0.6875 0.9375 0.6828125 0.928125 0.68125 0.9140625 0.675 0.915625 0.6671875 0.9328125 0.665625
2 0.546875 0.5875 0.5546875 0.5859375 0.559375 0.5953125 0.5578125 0.6078125 0.5484375 0.609375 0.5453125 0.59375 0.546875 0.5890625
2 0.48125 0.5828125 0.4828125 0.5953125 0.4765625 0.6 0.4734375 0.6 0.4640625 0.5859375 0.4734375 0.58125 0.4796875 0.5828125
2 0.646875 0.6484375 0.65625 0.6640625 0.6578125 0.684375 0.65625 0.6859375 0.6390625 0.684375 0.6359375 0.6890625 0.6296875 0.684375 0.6265625 0.678125 0.625 0.671875 0.6265625 0.6515625 0.6328125 0.646875 0.6453125 0.6484375
2 0.4875 0.575 0.4875 0.58125 0.484375 0.5828125 0.471875 0.58125 0.471875 0.578125 0.4796875 0.5734375 0.4859375 0.575
2 0.5109375 0.5734375 0.5140625 0.578125 0.5140625 0.5875 0.503125 0.5859375 0.503125 0.58125 0.509375 0.575
2 0.5775752314814815 0.6058738425925926 0.023634259259259237 0.026736111111111162
2 0 0.7484375 0.0078125 0.75 0.009375 0.7578125 0.01875 0.7765625 0.01875 0.7984375 0.0109375 0.8046875 0.0078125 0.8140625 0 0.821875 0 0.75
2 0.05 0.6828125 0.05625 0.6921875 0.0578125 0.7125 0.0515625 0.71875 0.0484375 0.728125 0.04375 0.7328125 0.0328125 0.73125 0 0.7453125 0 0.6921875 0.0078125 0.690625 0.0234375 0.6828125 0.0390625 0.68125 0.0484375 0.6828125
2 0.2921875 0.63125 0.2953125 0.640625 0.2953125 0.6484375 0.2921875 0.653125 0.2671875 0.6625 0.259375 0.66875 0.2515625 0.665625 0.2484375 0.6671875 0.24375 0.6640625 0.2421875 0.659375 0.24375 0.6515625 0.253125 0.64375 0.25625 0.6453125 0.2734375 0.63125 0.278125 0.6296875 0.290625 0.63125
2 0.440625 0.609375 0.446875 0.615625 0.45 0.609375 0.45 0.6265625 0.4421875 0.6296875 0.4328125 0.628125 0.4328125 0.6109375 0.4390625 0.609375
2 0.503125 0.56875 0.503125 0.5765625 0.4953125 0.58125 0.490625 0.5796875 0.490625 0.575 0.5015625 0.56875
2 0.4640625 0.5890625 0.4734375 0.5953125 0.4734375 0.6 0.4625 0.6109375 0.453125 0.6109375 0.4484375 0.6015625 0.453125 0.5921875 0.4625 0.5890625
2 0.578125 0.565625 0.5796875 0.56875 0.578125 0.58125 0.571875 0.58125 0.5703125 0.578125 0.571875 0.5671875 0.5765625 0.565625
2 0.4484375 0.6015625 0.4515625 0.6078125 0.45 0.621875 0.440625 0.6140625 0.4359375 0.6125 0.4328125 0.6140625 0.43125 0.609375 0.434375 0.6015625 0.4375 0.6 0.446875 0.6015625
2 0.4925462962962963 0.5880555555555556 0.02047453703703699 0.022025462962962906
2 0.6953125 0.6265625 0.7078125 0.6328125 0.7140625 0.6390625 0.7140625 0.6546875 0.7 0.65625 0.6953125 0.6609375 0.6953125 0.6671875 0.684375 0.65625 0.68125 0.6546875 0.6734375 0.65625 0.66875 0.653125 0.66875 0.6390625 0.678125 0.6296875 0.6859375 0.6265625 0.69375 0.6265625
2 0.1859375 0.6296875 0.1890625 0.6328125 0.1734375 0.6375 0.16875 0.6421875 0.1640625 0.6421875 0.15 0.6484375 0.1453125 0.653125 0.1453125 0.65625 0.15 0.6578125 0.1375 0.6671875 0.1328125 0.6671875 0.13125 0.6609375 0.14375 0.65 0.146875 0.64375 0.1625 0.634375 0.184375 0.6296875
2 0.4921875 0.6 0.496875 0.6015625 0.5 0.60625 0.4984375 0.61875 0.49375 0.6234375 0.4859375 0.6234375 0.4828125 0.6203125 0.4703125 0.621875 0.465625 0.6140625 0.465625 0.6109375 0.475 0.6015625 0.490625 0.6