3 0.2453125 0.5953125 0.2484375 0.6 0.2484375 0.60625 0.2453125 0.6125 0.2390625 0.6140625 0.2328125 0.6125 0.2296875 0.609375 0.2296875 0.6046875 0.2359375 0.5953125 0.24375 0.5953125
3 0.225 0.5984375 0.228125 0.6046875 0.228125 0.6125 0.2234375 0.6171875 0.2203125 0.6140625 0.2140625 0.615625 0.2046875 0.6109375 0.20625 0.6046875 0.2125 0.5984375 0.2171875 0.5953125 0.221875 0.5953125 0.2234375 0.5984375
3 0.1171875 0.603125 0.1265625 0.6078125 0.128125 0.6125 0.1265625 0.6234375 0.1234375 0.6265625 0.115625 0.6265625 0.1125 0.6234375 0.1125 0.609375 0.115625 0.6046875
3 0.3 0.6078125 0.3109375 0.609375 0.3109375 0.6265625 0.309375 0.628125 0.2984375 0.6265625 0.296875 0.615625 0.3 0.609375
3 0.1984375 0.6015625 0.2015625 0.6171875 0.2 0.6203125 0.190625 0.6234375 0.1859375 0.6234375 0.1828125 0.61875 0.1828125 0.60625 0.1859375 0.6015625 0.196875 0.6015625
3 0.2890625 0.63203125 0.01875 0.02578125
3 0.640625 0.771875 0.653125 0.778125 0.653125 0.784375 0.6578125 0.790625 0.6578125 0.796875 0.6546875 0.7984375 0.6546875 0.8046875 0.6484375 0.8171875 0.64375 0.80625 0.64375 0.79375 0.640625 0.7890625 0.640625 0.7734375
4 0.4921875 0.56875 0.4953125 0.565625 0.5015625 0.5703125 0.50625 0.5671875 0.5140625 0.571875 0.5203125 0.5796875 0.5203125 0.5859375 0.50625 0.5984375 0.5046875 0.6046875 0.5015625 0.60625 0.4984375 0.603125 0.4984375 0.5984375 0.49375 0.59375 0.490625 0.59375 0.484375 0.5859375 0.4859375 0.575 0.4921875 0.5734375 0.49375 0.5703125
4 0.6109375 0.6828125 0.609375 0.6796875 0.603125 0.678125 0.5953125 0.68125 0.5921875 0.6796875 0.590625 0.640625 0.5984375 0.6328125 0.6078125 0.634375 0.6125 0.640625 0.6171875 0.6640625 0.615625 0.6828125 0.6125 0.6828125
4 0.4859375 0.5921875 0.4890625 0.5953125 0.4953125 0.5953125 0.4984375 0.6015625 0.496875 0.609375 0.4890625 0.6171875 0.4796875 0.6140625 0.459375 0.6140625 0.45625 0.6109375 0.45625 0.6 0.4625 0.5921875 0.4734375 0.5890625 0.48125 0.5890625 0.484375 0.5921875
5 0.4609375 0.5734375 0.015625 0.0203125
5 0.0484375 0.596875 0.0578125 0.5984375 0.0578125 0.609375 0.0546875 0.615625 0.0484375 0.6203125 0.0375 0.6203125 0.0359375 0.6171875 0.0390625 0.6 0.046875 0.596875
5 0.29375 0.5921875 0.2953125 0.5984375 0.29375 0.615625 0.2828125 0.6234375 0.278125 0.6203125 0.2546875 0.6234375 0.25 0.6203125 0.2484375 0.609375 0.25 0.6046875 0.259375 0.5953125 0.2828125 0.590625 0.2921875 0.5921875
5 0.48125 0.5640625 0.01875 0.015625
2 0.3671875 0.6015625 0.36875 0.6203125 0.365625 0.621875 0.3546875 0.6203125 0.359375 0.6046875 0.365625 0.6015625
2 0.5921875 0.5890625 0.5984375 0.590625 0.603125 0.5953125 0.6046875 0.6 0.6046875 0.6171875 0.603125 0.61875 0.6 0.6171875 0.5890625 0.61875 0.5859375 0.6171875 0.58125 0.6078125 0.58125 0.596875 0.5859375 0.590625 0.590625 0.5890625
2 0.5703125 0.6125 0.5765625 0.621875 0.578125 0.63125 0.575 0.6390625 0.5671875 0.6375 0.5609375 0.640625 0.5546875 0.6328125 0.546875 0.6328125 0.546875 0.61875 0.553125 0.6125 0.5609375 0.609375 0.565625 0.609375 0.56875 0.6125
2 0.4453125 0.5671875 0.44375 0.571875 0.4328125 0.5796875 0.43125 0.5703125 0.4375 0.565625 0.44375 0.5671875
2 0.584375 0.5765625 0.01328125 0.01953125
2 0.5328125 0.5875 0.5375 0.5890625 0.540625 0.59375 0.5390625 0.609375 0.534375 0.615625 0.5234375 0.6109375 0.5078125 0.609375 0.5078125 0.5984375 0.5109375 0.5953125 0.5234375 0.5875 0.53125 0.5875
2 0.3546875 0.5875 0.3640625 0.578125 0.36875 0.578125 0.36875 0.5890625 0.365625 0.5953125 0.3578125 0.5984375 0.353125 0.596875 0.3515625 0.5921875 0.3546875 0.5890625
2 0.459375 0.5875 0.4546875 0.5828125 0.4421875 0.584375 0.4390625 0.5828125 0.4421875 0.575 0.446875 0.5703125 0.45625 0.571875 0.4625 0.5828125 0.4609375 0.5875
2 0.525 0.5515625 0.5296875 0.55625 0.5296875 0.5625 0.521875 0.5640625 0.5203125 0.5546875 0.5234375 0.553125
2 0.334375 0.5953125 0.35 0.5953125 0.35625 0.6 0.35625 0.6109375 0.353125 0.615625 0.3234375 0.6203125 0.31875 0.615625 0.31875 0.609375 0.325 0.6015625 0.334375 0.596875
2 0.478125 0.571875 0.4828125 0.5734375 0.484375 0.584375 0.4765625 0.5875 0.4703125 0.5875 0.4671875 0.584375 0.46875 0.578125 0.4765625 0.571875
2 0.215625 0.625 0.2203125 0.634375 0.2203125 0.6421875 0.2125 0.6546875 0.203125 0.653125 0.1875 0.6546875 0.1796875 0.6578125 0.175 0.6625 0.1671875 0.6625 0.1609375 0.6578125 0.159375 0.6484375 0.165625 0.640625 0.171875 0.6390625 0.1890625 0.625 0.1953125 0.6234375 0.2125 0.6234375 0.2140625 0.625
2 0 0.6171875 0.0046875 0.6203125 0.0140625 0.6203125 0.0171875 0.625 0.015625 0.6375 0.0125 0.640625 0.0078125 0.640625 0.0078125 0.634375 0 0.628125 0 0.61875
2 0.05 0.6484375 0.0640625 0.6515625 0.0671875 0.6578125 0.0671875 0.6625 0.0640625 0.6671875 0.0578125 0.66875 0.05 0.6765625 0.0359375 0.675 0.009375 0.6828125 0.0046875 0.6875 0 0.6875 0 0.6671875 0.0109375 0.6609375 0.0203125 0.6515625 0.0296875 0.646875 0.046875 0.646875 0.0484375 0.6484375
2 0.3984375 0.578125 0.4015625 0.578125 0.4046875 0.584375 0.403125 0.60625 0.4 0.609375 0.3984375 0.6078125 0.3984375 0.5796875
2 0.7375 0.6046875 0.746875 0.609375 0.7515625 0.6140625 0.7515625 0.6171875 0.7484375 0.6203125 0.7375 0.621875 0.73125 0.63125 0.728125 0.6296875 0.7265625 0.60625 0.7359375 0.6046875
2 0 0.603125 0.009375 0.596875 0.0140625 0.596875 0.0203125 0.603125 0.021875 0.6078125 0.0171875 0.6171875 0.009375 0.615625 0 0.6171875 0 0.6046875
2 0.45625 0.5828125 0.459375 0.5859375 0.4578125 0.5921875 0.45 0.5984375 0.4390625 0.603125 0.434375 0.603125 0.4328125 0.6 0.4328125 0.5875 0.4421875 0.58125 0.4546875 0.5828125
2 0.084375 0.5875 0.0953125 0.5890625 0.0953125 0.5984375 0.0921875 0.603125 0.078125 0.603125 0.0734375 0.5984375 0.065625 0.5953125 0.0671875 0.590625 0.0734375 0.5859375 0.0828125 0.5875
2 0.659375 0.6234375 0.6671875 0.63125 0.66875 0.6515625 0.6640625 0.6546875 0.653125 0.65625 0.6484375 0.65625 0.64375 0.65 0.6265625 0.646875 0.6234375 0.6421875 0.6234375 0.6359375 0.625 0.6296875 0.634375 0.621875 0.6515625 0.6203125 0.6578125 0.6234375
2 0.4609375 0.5875 0.4671875 0.5875 0.46875 0.5890625 0.4671875 0.59375 0.4546875 0.60625 0.45 0.60625 0.45 0.5984375 0.4609375 0.5890625
2 0 0.6296875 0.00625 0.63125 0.009375 0.6375 0.0078125 0.6453125 0.0046875 0.6484375 0 0.6484375 0 0.63125
2 0.7734375 0.615625 0.7921875 0.621875 0.7984375 0.6265625 0.7984375 0.6296875 0.7671875 0.6203125 0.765625 0.6171875 0.771875 0.615625
2 0.5015625 0.565625 0.5046875 0.56875 0.5046875 0.5765625 0.5015625 0.5796875 0.4875 0.58125 0.484375 0.584375 0.4828125 0.575 0.4921875 0.565625 0.5 0.565625