0 0.1046875 0.678125 0.1078125 0.68125 0.109375 0.71875 0.09375 0.7296875 0.0890625 0.740625 0.084375 0.7453125 0.0796875 0.7421875 0.0703125 0.7453125 0.0546875 0.753125 0.0390625 0.765625 0.0234375 0.7703125 0.0171875 0.7796875 0.0078125 0.7875 0 0.7875 0 0.7421875 0.0078125 0.7359375 0.0078125 0.7171875 0.0234375 0.7046875 0.04375 0.6953125 0.0484375 0.6953125 0.0546875 0.690625 0.0625 0.6890625 0.075 0.68125 0.0859375 0.678125 0.103125 0.678125
3 0.6609375 0.6734375 0.6609375 0.69375 0.6578125 0.696875 0.6515625 0.675 0.659375 0.6734375
3 0.640625 0.7671875 0.6453125 0.771875 0.6453125 0.7796875 0.6484375 0.7828125 0.6515625 0.7796875 0.65 0.8078125 0.646875 0.8140625 0.64375 0.815625 0.640625 0.8140625 0.6375 0.803125 0.6390625 0.7859375 0.6359375 0.7796875 0.6359375 0.76875 0.6390625 0.7671875
3 0.5984375 0.7984375 0.6015625 0.8015625 0.6 0.8234375 0.596875 0.83125 0.5890625 0.8390625 0.5859375 0.840625 0.5828125 0.8359375 0.5796875 0.8078125 0.58125 0.8015625 0.5859375 0.8046875 0.5921875 0.8046875 0.596875 0.803125 0.5984375 0.8
3 0.640625 0.640625 0.6421875 0.6484375 0.6453125 0.65 0.646875 0.646875 0.6515625 0.653125 0.65 0.665625 0.6359375 0.659375 0.6359375 0.6453125 0.6390625 0.6421875
3 0.6546875 0.690625 0.6578125 0.6984375 0.65625 0.7234375 0.6546875 0.725 0.6515625 0.7234375 0.6484375 0.7171875 0.6484375 0.696875 0.653125 0.6921875
3 0.66875 0.6640625 0.675 0.665625 0.675 0.684375 0.6703125 0.6828125 0.66875 0.665625
3 0.575 0.54375 0.5765625 0.54375 0.5765625 0.5515625 0.575 0.553125 0.575 0.5453125
3 0.259375 0.6203125 0.2640625 0.6140625 0.26875 0.6125 0.2703125 0.615625 0.26875 0.6328125 0.265625 0.634375 0.2609375 0.621875
3 0.3484375 0.6078125 0.353125 0.6140625 0.3546875 0.6234375 0.34375 0.6265625 0.3390625 0.625 0.3390625 0.6171875 0.3421875 0.6109375 0.346875 0.6078125
3 0.6171875 0.6203125 0.6203125 0.6234375 0.61875 0.6390625 0.6140625 0.6375 0.6125 0.63125 0.6125 0.621875 0.615625 0.6203125
3 0.5875 0.5671875 0.5890625 0.58125 0.5859375 0.58125 0.5859375 0.56875
3 0.61875 0.5953125 0.628125 0.6046875 0.6265625 0.625 0.621875 0.6234375 0.615625 0.609375 0.6171875 0.596875
3 0.4734375 0.9453125 0.4765625 0.9453125 0.484375 0.9515625 0.490625 0.9640625 0.4921875 0.975 0.4921875 0.984375 0.4875 0.996875 0.4828125 0.9984375 0.478125 0.9953125 0.48125 0.9671875 0.4765625 0.9640625 0.4765625 0.953125 0.4734375 0.946875
3 0.73125 0.5859375 0.7359375 0.590625 0.7375 0.5953125 0.7359375 0.6 0.7265625 0.5984375 0.7265625 0.5875 0.7296875 0.5859375
2 0.74375 0.6078125 0.7484375 0.6125 0.7484375 0.6203125 0.746875 0.615625 0.740625 0.615625 0.73125 0.6328125 0.7265625 0.628125 0.728125 0.6125 0.7265625 0.60625 0.7390625 0.6046875 0.7421875 0.6078125
2 0.165625 0.6890625 0.0625 0.05625
2 0.6203125 0.6671875 0.628125 0.671875 0.6265625 0.70625 0.621875 0.70625 0.6140625 0.7015625 0.6046875 0.70625 0.6 0.7046875 0.6 0.684375 0.603125 0.66875 0.60625 0.665625 0.61875 0.6671875
2 0.5875 0.6234375 0.5953125 0.6375 0.5953125 0.653125 0.5921875 0.6546875 0.5859375 0.6515625 0.578125 0.6546875 0.565625 0.640625 0.565625 0.6296875 0.5734375 0.621875 0.5859375 0.6234375
2 0.45 0.56875 0.45 0.5640625 0.4578125 0.559375 0.4625 0.559375 0.465625 0.565625 0.4625 0.56875 0.4515625 0.56875
2 0.5515625 0.5953125 0.5609375 0.6 0.5625 0.6078125 0.5625 0.6171875 0.55625 0.6234375 0.5484375 0.6234375 0.5390625 0.61875 0.5296875 0.621875 0.525 0.615625 0.528125 0.603125 0.5421875 0.5953125 0.55 0.5953125
2 0.4953125 0.5828125 0.49375 0.5703125 0.4984375 0.5640625 0.509375 0.5640625 0.5109375 0.575 0.50625 0.58125 0.496875 0.5828125
2 0.0671875 0.6421875 0.0734375 0.6515625 0.0671875 0.671875 0.046875 0.6734375 0.01875 0.6796875 0.009375 0.6890625 0 0.6890625 0 0.6609375 0.009375 0.6578125 0.0203125 0.646875 0.0390625 0.6390625 0.0625 0.6390625 0.065625 0.6421875
2 0.3390625 0.5875 0.34375 0.584375 0.3578125 0.5828125 0.3625 0.5890625 0.3609375 0.6015625 0.3578125 0.60625 0.353125 0.60625 0.3484375 0.603125 0.346875 0.60625 0.3421875 0.6078125 0.3359375 0.6078125 0.334375 0.6046875 0.334375 0.5953125 0.3390625 0.5890625
2 0.5984375 0.5859375 0.6046875 0.59375 0.6046875 0.60625 0.5984375 0.61875 0.5953125 0.615625 0.58125 0.6140625 0.5765625 0.6015625 0.578125 0.5875 0.58125 0.584375 0.59375 0.5828125 0.596875 0.5859375
2 0.1859375 0.63125 0.2 0.634375 0.203125 0.65625 0.196875 0.6625 0.1859375 0.6609375 0.16875 0.6625 0.1578125 0.66875 0.159375 0.653125 0.1796875 0.634375 0.184375 0.6328125
2 0.2578125 0.621875 0.2640625 0.63125 0.2625 0.6484375 0.2546875 0.6546875 0.2484375 0.6546875 0.2390625 0.659375 0.2328125 0.665625 0.2125 0.6625 0.2125 0.65 0.215625 0.64375 0.2296875 0.6296875 0.2375 0.628125 0.2453125 0.6234375 0.25625 0.621875
2 0.221875 0.6125 0.221875 0.615625 0.21875 0.6171875 0.209375 0.615625 0.1953125 0.6203125 0.1875 0.6265625 0.1890625 0.6296875 0.18125 0.63125 0.1703125 0.6421875 0.1671875 0.6390625 0.1671875 0.6296875 0.1765625 0.625 0.1890625 0.6125 0.2046875 0.6078125 0.215625 0.6078125 0.2203125 0.6125
2 0.765625 0.615625 0.78125 0.6171875 0.796875 0.625 0.796875 0.6296875 0.78125 0.6234375 0.775 0.6234375 0.7671875 0.6203125 0.765625 0.6171875
2 0.33125 0.5921875 0.334375 0.59375 0.3359375 0.609375 0.3328125 0.6171875 0.328125 0.621875 0.325 0.609375 0.321875 0.60625 0.315625 0.603125 0.3046875 0.6046875 0.3015625 0.5984375 0.31875 0.5921875 0.3296875 0.5921875
2 0.2796875 0.621875 0.2875 0.61875 0.29375 0.609375 0.303125 0.60625 0.3203125 0.60625 0.3265625 0.6234375 0.31875 0.63125 0.3 0.634375 0.29375 0.6390625 0.284375 0.640625 0.2796875 0.640625 0.278125 0.6375 0.2796875 0.6234375
2 0 0.6296875 0.003125 0.6296875 0.0078125 0.6359375 0.0078125 0.64375 0.003125 0.6484375 0 0.6484375 0 0.63125
2 0.3671875 0.6 0.36875 0.6015625 0.36875 0.6171875 0.3671875 0.61875 0.3640625 0.61875 0.3609375 0.6125 0.3625 0.6015625 0.365625 0.6
2 0.60625 0.578125 0.6109375 0.5859375 0.609375 0.596875 0.60625 0.6015625 0.6046875 0.590625 0.6 0.5859375 0.590625 0.5828125 0.5921875 0.5765625 0.6046875 0.578125
2 0.0609375 0.5953125 0.0609375 0.6 0.0578125 0.6046875 0.053125 0.603125 0.0453125 0.609375 0.0421875 0.6203125 0.0375 0.6203125 0.0359375 0.6171875 0.0359375 0.60625 0.0390625 0.5984375 0.046875 0.59375 0.059375 0.5953125
4 0.2109375 0.5984375 0.2109375 0.5828125 0.2125 0.58125 0.240625 0.5734375 0.2578125 0.5734375 0.259375 0.575 0.259375 0.60625 0.2453125 0.6140625 0.2296875 0.615625 0.2203125 0.6078125 0.2140625 0.60625 0.215625 0.603125 0.2125 0.5984375
4 0.4828125 0.56875 0.4921875 0.571875 0.49375 0.5890625 0.484375 0.609375 0.478125 0.615625 0.4609375 0.6125 0.459375 0.5796875 0.4625 0.5734375 0.4671875 0.5703125 0.48125 0.56875
5 0.4625 0.559375 0.465625 0.5640625 0.4625 0.56875 0.45 0.56875 0.45 0.5640625 0.453125 0.5609375 0.4609375 0.559375
5 0.4359375 0.5734375 0.45 0.56875 0.4640625 0.56875 0.45625 0.584375 0.453125 0.584375 0.45 0.5890625 0.4453125 0.5890625 0.44375 0.5859375 0.4359375 0.5828125 0.434375 0.58125 0.4359375 0.575
5 0.2203125 0.609375 0.225 0.6171875 0.2109375 0.615625 0.20625 0.61875 0.196875 0.6203125 0.1921875 0.625 0.19375 0.6296875 0.184375 0.6296875 0.16875 0.6421875 0.1671875 0.6296875 0.1765625 0.625 0.1875 0.6140625 0.203125 0.6078125 0.21875 0.609375
5 0.1609375 0.64375 0.1609375 0.6484375 0.153125 0.6609375 0.153125 0.671875 0.14375 0.6875 0.134375 0.696875 0.1140625 0.7078125 0.109375 0.70625 0.109375 0.68125 0.1046875 0.6765625 0.084375 0.6765625 0.0796875 0.6796875 0.075 0.6796875 0.075 0.675 0.0859375 0.665625 0.1140625 0.6515625 0.1203125 0.6515625 0.13125 0.646875 0.1390625 0.6484375 0.1515625 0.64375 0.159375 0.64375
5 0.221875 0.6109375 0.228125 0.6171875 0.2296875 0.6265625 0.2125 0.6453125 0.209375 0.6546875 0.19375 0.6625 0.184375 0.6578125 0.1984375 0.6484375 0.2 0.6421875 0.1984375 0.6359375 0.1953125 0.6328125 0.18125 0.6328125 0.16875 0.646875 0.1703125 0.6453125 0.1671875 0.6375 0.16875 0.6296875 0.175 0.6265625 0.1828125 0.628125 0.19375 0.6125 0.20625 0.6125 0.2109375 0.609375 0.2203125 0.6109375
5 0.5890625 0.5828125 0.6015625 0.5875 0.6046875 0.5953125 0.6046875 0.6046875 0.6 0.6171875 0.5859375 0.615625 0.578125 0.6078125 0.5765625 0.5984375 0.578125 0.5875 0.5875 0.5828125
3 0.4505208333333333 0.6124338624338624 0.45163690476190477 0.6144179894179894 0.45275297619047616 0.615079365079365 0.4575892857142857 0.615079365079365 0.4616815476190476 0.6124338624338624 0.4609375 0.6027334656084655 0.4609375 0.5985449735449735 0.45982142857142855 0.5952380952380951 0.4575892857142857 0.593915343915344 0.456845238095238 0.5925925925925926 0.4561011904761904 0.5925925925925926 0.4523809523809524 0.5985449735449735 0.4505208333333333 0.6051587301587301 0.4501488095238095 0.6104497354497355 0.4505208333333333 0.6124338624338624