0 0.0359375 0.6609375 0.053125 0.6515625 0.059375 0.6515625 0.0671875 0.646875 0.0828125 0.64375 0.1015625 0.634375 0.1125 0.63125 0.1234375 0.63125 0.125 0.6328125 0.125 0.653125 0.128125 0.6640625 0.1265625 0.66875 0.1171875 0.671875 0.109375 0.6796875 0.1015625 0.6796875 0.084375 0.6890625 0.0796875 0.6890625 0.0734375 0.684375 0.059375 0.6796875 0.0453125 0.6796875 0.0265625 0.6890625 0.01875 0.6890625 0.0203125 0.6859375 0.03125 0.68125 0.0359375 0.6765625 0.0359375 0.6625
3 0.5875 0.5859375 0.00546875 0.01953125
3 0.64375 0.634375 0.6453125 0.6375 0.64375 0.65 0.640625 0.65 0.6359375 0.6421875 0.6359375 0.6359375 0.6421875 0.634375
3 0.5921875 0.625 0.59375 0.6296875 0.5921875 0.6453125 0.5890625 0.6453125 0.5875 0.640625 0.5875 0.6265625 0.590625 0.625
3 0.5609375 0.590625 0.5625 0.59375 0.5609375 0.6046875 0.559375 0.5921875
3 0.4921875 0.6046875 0.5015625 0.6046875 0.503125 0.609375 0.5015625 0.61875 0.4921875 0.6171875 0.490625 0.6109375 0.4921875 0.60625
3 0.55 0.5734375 0.0046875 0.01484375
3 0.115625 0.6078125 0.1203125 0.6171875 0.11875 0.6234375 0.1125 0.621875 0.1140625 0.609375
3 0.678125 0.6546875 0.68125 0.671875 0.6796875 0.6796875 0.671875 0.671875 0.671875 0.6578125 0.6765625 0.65625
5 0.365625 0.584375 0.3671875 0.5859375 0.365625 0.596875 0.3625 0.5984375 0.346875 0.596875 0.3328125 0.60625 0.3265625 0.6046875 0.3265625 0.5953125 0.33125 0.5859375 0.3453125 0.5828125 0.3625 0.5828125 0.3640625 0.584375
5 0.2546875 0.6 0.2578125 0.609375 0.25625 0.6171875 0.25 0.6203125 0.2296875 0.640625 0.21875 0.6421875 0.2140625 0.6421875 0.209375 0.634375 0.209375 0.625 0.2140625 0.6125 0.2203125 0.6078125 0.2421875 0.6 0.253125 0.6
5 0.1984375 0.6125 0.2015625 0.6234375 0.1984375 0.628125 0.1734375 0.6359375 0.1625 0.6484375 0.1515625 0.6546875 0.140625 0.653125 0.1421875 0.6390625 0.15 0.625 0.1828125 0.6125 0.196875 0.6125
2 0.7265625 0.6046875 0.7375 0.6046875 0.746875 0.609375 0.7515625 0.615625 0.7484375 0.6203125 0.7390625 0.6203125 0.73125 0.6296875 0.728125 0.6296875 0.7265625 0.628125 0.728125 0.615625 0.7265625 0.60625
2 0.1859375 0.6515625 0.190625 0.6578125 0.190625 0.665625 0.1859375 0.6796875 0.178125 0.6796875 0.1703125 0.6828125 0.1625 0.6875 0.1546875 0.696875 0.153125 0.6953125 0.1328125 0.696875 0.1296875 0.690625 0.1296875 0.6828125 0.1328125 0.675 0.1421875 0.6640625 0.1640625 0.6484375 0.175 0.6484375 0.184375 0.6515625
2 0.45 0.5734375 0.4578125 0.565625 0.4625 0.5640625 0.471875 0.565625 0.471875 0.571875 0.4578125 0.5765625 0.453125 0.5859375 0.4484375 0.58125 0.45 0.575
2 0.06875 0.5875 0.0734375 0.5859375 0.084375 0.5875 0.0765625 0.5953125 0.0765625 0.5984375 0.065625 0.596875 0.065625 0.5921875 0.06875 0.5890625
2 0.4703125 0.571875 0.4765625 0.5765625 0.478125 0.58125 0.4765625 0.590625 0.4671875 0.59375 0.453125 0.59375 0.453125 0.5828125 0.45625 0.578125 0.4640625 0.5734375 0.46875 0.5734375
2 0.596875 0.6 0.6 0.6078125 0.6 0.6234375 0.5953125 0.6234375 0.590625 0.615625 0.584375 0.6203125 0.58125 0.6171875 0.58125 0.6015625 0.5875 0.596875 0.5921875 0.596875 0.5953125 0.6
2 0.075 0.6953125 0.0859375 0.7046875 0.0859375 0.7234375 0.08125 0.73125 0.08125 0.7375 0.078125 0.74375 0.0609375 0.7453125 0.0546875 0.7484375 0.034375 0.7609375 0.0296875 0.765625 0.0265625 0.7734375 0.021875 0.7765625 0.015625 0.7765625 0.00625 0.771875 0 0.7734375 0 0.7328125 0.0171875 0.715625 0.028125 0.7109375 0.0328125 0.70625 0.040625 0.70625 0.0453125 0.703125 0.053125 0.703125 0.0625 0.6984375 0.0734375 0.696875
2 0.5765625 0.5609375 0.578125 0.5625 0.578125 0.578125 0.5765625 0.5796875 0.5671875 0.578125 0.56875 0.5625 0.575 0.5609375
2 0.2015625 0.6328125 0.209375 0.6359375 0.2125 0.64375 0.2078125 0.6546875 0.19375 0.659375 0.184375 0.65 0.1671875 0.6484375 0.1671875 0.6453125 0.171875 0.6390625 0.18125 0.634375 0.2 0.6328125
2 0.1109375 0.590625 0.1140625 0.5984375 0.1109375 0.60625 0.1046875 0.609375 0.0984375 0.6078125 0.096875 0.6 0.1015625 0.590625 0.109375 0.590625
2 0.44375 0.578125 0.446875 0.5859375 0.4453125 0.5921875 0.4359375 0.590625 0.4328125 0.59375 0.43125 0.5796875 0.4421875 0.578125
2 0.34375 0.61171875 0.04609375 0.03125
2 0.4328125 0.5828125 0.43125 0.575 0.434375 0.571875 0.4421875 0.571875 0.4453125 0.575 0.4453125 0.584375 0.440625 0.58125 0.4359375 0.58125 0.4328125 0.584375
2 0.6375 0.665625 0.64375 0.6671875 0.6484375 0.6734375 0.65 0.7140625 0.6453125 0.7109375 0.63125 0.709375 0.625 0.7109375 0.6234375 0.7140625 0.621875 0.7125 0.621875 0.6828125 0.6234375 0.68125 0.621875 0.675 0.625 0.6671875 0.6359375 0.665625
2 0.0671875 0.684375 0.0765625 0.6890625 0.078125 0.6921875 0.0765625 0.6953125 0.059375 0.6984375 0.05 0.7046875 0.046875 0.703125 0.040625 0.70625 0.0328125 0.70625 0.015625 0.715625 0.0015625 0.7296875 0 0.7296875 0 0.7125 0.01875 0.69375 0.0265625 0.690625 0.03125 0.6859375 0.0421875 0.6828125 0.05625 0.68125 0.065625 0.684375
2 0.0796875 0.60625 0.075 0.5984375 0.08125 0.590625 0.0953125 0.590625 0.0953125 0.6015625 0.0921875 0.60625 0.08125 0.60625
2 0.278125 0.6140625 0.2796875 0.615625 0.2828125 0.6140625 0.2890625 0.61875 0.290625 0.6375 0.2796875 0.6453125 0.26875 0.646875 0.2515625 0.65625 0.2375 0.6546875 0.234375 0.6515625 0.234375 0.6390625 0.2515625 0.621875 0.2609375 0.6171875 0.2765625 0.6140625
2 0.3046875 0.5953125 0.3109375 0.5984375 0.3109375 0.6109375 0.2953125 0.6171875 0.290625 0.6171875 0.2859375 0.6125 0.284375 0.603125 0.2921875 0.5953125 0.303125 0.5953125
2 0 0.6296875 0.0046875 0.6296875 0.009375 0.6375 0.0078125 0.64375 0.003125 0.6484375 0 0.6484375 0 0.63125
2 0.775 0.615625 0.7921875 0.621875 0.8 0.6296875 0.7671875 0.6203125 0.765625 0.6171875 0.7734375 0.615625
2 0.4890625 0.5640625 0.4984375 0.565625 0.5 0.571875 0.4984375 0.5828125 0.490625 0.5859375 0.4828125 0.5859375 0.4796875 0.5828125 0.478125 0.575 0.4875 0.565625
2 0.55625 0.5359375 0.559375 0.534375 0.565625 0.5359375 0.5625 0.5421875 0.55625 0.5421875 0.55625 0.5375
2 0.046875 0.61015625 0.0234375 0.025
2 0.4328125 0.590625 0.4453125 0.590625 0.4484375 0.596875 0.4484375 0.6125 0.44375 0.615625 0.434375 0.615625 0.43125 0.6 0.4328125 0.5921875