2 0.2875 0.6308969907407407 0.0484375 0.04446759259259263
2 0.11953125 0.7240104166666667 0.109375 0.08599537037037042
5 0.590625 0.713125 0.071875 0.09481481481481495
2 0.5140625 0.5923842592592592 0.0453125 0.0350462962962963
2 0.56875 0.9150115740740741 0.1203125 0.1549074074074074
2 0.72421875 0.7009895833333333 0.04375 0.07564814814814813
2 0.6640625 0.642505787037037 0.0359375 0.041157407407407476
2 0.6546875 0.7184259259259259 0.05625 0.08364583333333328
2 0.58671875 0.5936516203703703 0.021875 0.030011574074073975
2 0.7828125 0.6391840277777778 0.059375 0.04619212962962962
2 0.62734375 0.6141435185185184 0.0453125 0.0366087962962963
2 0.02109375 0.66921875 0.0265625 0.034768518518518476
5 0.49453125 0.8114236111111112 0.1296875 0.1503587962962964
2 0.7046875 0.6520601851851853 0.0390625 0.03651620370370381