0 0.6609375 0.6125 0.6765625 0.6171875 0.6828125 0.628125 0.6796875 0.64375 0.6796875 0.6578125 0.6734375 0.6609375 0.6640625 0.659375 0.659375 0.6546875 0.659375 0.65 0.653125 0.64375 0.6515625 0.6296875 0.65625 0.6203125 0.65625 0.6140625 0.659375 0.6125
3 0.24375 0.63125 0.2453125 0.621875 0.25 0.6140625 0.259375 0.609375 0.2625 0.6109375 0.2640625 0.6171875 0.2640625 0.6234375 0.2609375 0.6296875 0.2546875 0.6296875 0.2484375 0.6328125 0.2453125 0.63125
3 0.1390625 0.6328125 0.14375 0.63125 0.1484375 0.6390625 0.1453125 0.6453125 0.1453125 0.653125 0.1328125 0.659375 0.13125 0.65 0.1390625 0.634375
3 0.35 0.5890625 0.353125 0.5921875 0.353125 0.6078125 0.3390625 0.6109375 0.3390625 0.6015625 0.3484375 0.590625
3 0.303125 0.603125 0.3046875 0.6046875 0.3140625 0.5984375 0.3171875 0.60625 0.3140625 0.6140625 0.303125 0.6171875 0.2984375 0.6140625 0.303125 0.6046875
3 0.1125 0.571875 0.1140625 0.5890625 0.1109375 0.5921875 0.10625 0.590625 0.10625 0.5796875 0.1078125 0.5734375 0.1109375 0.571875
3 0.546875 0.615625 0.5515625 0.6203125 0.5484375 0.6328125 0.5375 0.6328125 0.534375 0.6296875 0.534375 0.6203125 0.5375 0.615625 0.5390625 0.6140625 0.5453125 0.615625
3 0.1953125 0.575 0.196875 0.590625 0.1953125 0.59375 0.1875 0.5953125 0.18125 0.5953125 0.178125 0.5921875 0.1796875 0.584375 0.184375 0.5765625 0.19375 0.575
3 0.3125 0.5890625 0.315625 0.58125 0.325 0.575 0.3296875 0.578125 0.328125 0.5890625 0.3265625 0.590625 0.3140625 0.5890625
3 0.23948495370370368 0.5808912037037037 0.015787037037037033 0.022106481481481487
3 0.58125 0.9171875 0.590625 0.928125 0.59375 0.928125 0.5984375 0.9234375 0.5984375 0.91875 0.6015625 0.9140625 0.6046875 0.9125 0.603125 0.91875 0.6046875 0.940625 0.5890625 0.96875 0.578125 0.9796875 0.575 0.978125 0.571875 0.9609375 0.575 0.9515625 0.575 0.9359375 0.58125 0.91875
3 0.21875 0.59375 0.215625 0.5890625 0.21875 0.578125 0.221875 0.5765625 0.225 0.58125 0.225 0.5859375 0.2203125 0.5921875
4 0.55625 0.54375 0.5671875 0.5453125 0.5671875 0.5609375 0.5640625 0.565625 0.559375 0.5671875 0.553125 0.5640625 0.55625 0.5453125
1 0.5703125 0.5546875 0.590625 0.55625 0.59375 0.5609375 0.603125 0.5625 0.6078125 0.5671875 0.6046875 0.6 0.603125 0.6015625 0.5875 0.6 0.58125 0.6015625 0.56875 0.5875 0.5703125 0.55625
1 0.5947453703703703 0.5475 0.03773148148148149 0.03180555555555555
5 0.0703125 0.5921875 0.078125 0.59375 0.08125 0.5984375 0.0796875 0.6078125 0.08125 0.6203125 0.075 0.628125 0.0703125 0.6296875 0.0671875 0.628125 0.059375 0.6328125 0.05625 0.6375 0.04375 0.6359375 0.03125 0.6375 0.01875 0.6421875 0.009375 0.640625 0.0046875 0.64375 0.0046875 0.621875 0.01875 0.609375 0.0296875 0.60625 0.034375 0.5984375 0.06875 0.5921875
5 0.1765625 0.665625 0.1734375 0.6625 0.159375 0.6640625 0.146875 0.659375 0.146875 0.646875 0.1609375 0.6203125 0.171875 0.6109375 0.19375 0.603125 0.2140625 0.6 0.215625 0.603125 0.2234375 0.6046875 0.2203125 0.6359375 0.2140625 0.6390625 0.2046875 0.6515625 0.2 0.65 0.1875 0.6515625 0.178125 0.6640625
5 0.846875 0.709375 0.853125 0.7109375 0.8546875 0.7140625 0.8625 0.7140625 0.8890625 0.725 0.89375 0.73125 0.8875 0.7875 0.8765625 0.78125 0.8640625 0.78125 0.8578125 0.784375 0.846875 0.7828125 0.8234375 0.7671875 0.81875 0.7671875 0.815625 0.7640625 0.8015625 0.7640625 0.7890625 0.75 0.790625 0.725 0.7953125 0.7203125 0.825 0.7125 0.834375 0.70625 0.8453125 0.709375
5 0.7125 0.6484375 0.7296875 0.653125 0.7328125 0.65625 0.753125 0.6640625 0.75625 0.6734375 0.7546875 0.68125 0.75625 0.696875 0.7546875 0.70625 0.7484375 0.7125 0.7453125 0.7109375 0.74375 0.7125 0.721875 0.7125 0.7109375 0.6984375 0.7015625 0.69375 0.690625 0.69375 0.6875 0.6875 0.68125 0.6828125 0.6828125 0.6671875 0.690625 0.653125 0.7 0.6484375 0.7109375 0.6484375
2 0.7671875 0.63125 0.784375 0.634375 0.7890625 0.6390625 0.7953125 0.640625 0.7984375 0.646875 0.796875 0.6484375 0.76875 0.6375 0.765625 0.6328125
2 0.4921875 0.5671875 0.496875 0.5734375 0.496875 0.58125 0.4921875 0.5875 0.48125 0.5859375 0.478125 0.5875 0.48125 0.571875 0.4859375 0.5671875 0.490625 0.5671875
2 0.6609375 0.7109375 0.6703125 0.715625 0.6765625 0.7265625 0.6734375 0.7578125 0.6640625 0.784375 0.6546875 0.7734375 0.646875 0.7734375 0.640625 0.7703125 0.6359375 0.7703125 0.6328125 0.7734375 0.6296875 0.771875 0.6296875 0.7484375 0.6328125 0.746875 0.63125 0.7421875 0.6375 0.728125 0.640625 0.7125 0.6484375 0.7078125 0.659375 0.7109375
2 0.56875 0.5984375 0.5765625 0.603125 0.578125 0.6109375 0.578125 0.6203125 0.5734375 0.628125 0.5609375 0.628125 0.55 0.6203125 0.55 0.6171875 0.5421875 0.6109375 0.54375 0.6046875 0.553125 0.5984375 0.5671875 0.5984375
2 0.9234375 0.68125 0.928125 0.684375 0.9421875 0.6875 0.9453125 0.690625 0.94375 0.7078125 0.9328125 0.7046875 0.90625 0.690625 0.9109375 0.68125 0.921875 0.68125
2 0.5453125 0.565625 0.546875 0.584375 0.54375 0.5875 0.5328125 0.5859375 0.534375 0.5703125 0.5390625 0.565625 0.54375 0.565625
2 0.5096527777777778 0.5573553240740741 0.015775462962962995 0.02054398148148149
2 0.303125 0.5859375 0.3140625 0.5921875 0.3140625 0.6015625 0.303125 0.6046875 0.2984375 0.6125 0.29375 0.6125 0.2875 0.6171875 0.284375 0.6140625 0.275 0.6140625 0.275 0.6015625 0.2796875 0.596875 0.2828125 0.596875 0.2875 0.590625 0.3015625 0.5875
2 0.4971643518518519 0.5591030092592593 0.017337962962962992 0.020567129629629567
2 0.353125 0.5703125 0.3578125 0.5671875 0.3671875 0.565625 0.3671875 0.578125 0.3640625 0.5921875 0.3578125 0.5921875 0.35 0.5828125 0.346875 0.5875 0.3453125 0.5796875 0.353125 0.571875
2 0.015625 0.6859375 0.0140625 0.6765625 0.0203125 0.665625 0.025 0.6609375 0.0328125 0.6578125 0.04375 0.6453125 0.0640625 0.6328125 0.071875 0.6328125 0.0875 0.628125 0.1046875 0.628125 0.1109375 0.640625 0.109375 0.64375 0.1109375 0.6546875 0.0984375 0.6703125 0.0921875 0.66875 0.0828125 0.6703125 0.0703125 0.678125 0.0640625 0.678125 0.0515625 0.690625 0.0171875 0.6859375
2 0.0640625 0.5515625 0.0703125 0.5484375 0.078125 0.55 0.0828125 0.55625 0.0890625 0.55625 0.0890625 0.5625 0.071875 0.565625 0.0625 0.5609375 0.0640625 0.553125
2 0.51875 0.565625 0.521875 0.553125 0.528125 0.5515625 0.53125 0.55625 0.5296875 0.565625 0.525 0.5703125 0.521875 0.5703125 0.5203125 0.5671875
2 0.45625 0.5625 0.4609375 0.565625 0.4484375 0.5765625 0.446875 0.584375 0.4359375 0.584375 0.4375 0.571875 0.446875 0.5625 0.4546875 0.5625
2 0.096875 0.546875 0.10625 0.5453125 0.1109375 0.5515625 0.10625 0.5578125 0.0953125 0.559375 0.0921875 0.553125 0.096875 0.5484375
2 0.4768923611111111 0.5648726851851851 0.020486111111111073 0.0237384259259259
2 0.465625 0.5703125 0.4734375 0.5765625 0.4734375 0.5796875 0.46875 0.5875 0.4578125 0.590625 0.45 0.590625 0.4484375 0.5828125 0.45625 0.5703125 0.4640625 0.5703125
2 0.5453125 0.5359375 0.5515625 0.5375 0.553125 0.540625 0.5515625 0.5484375 0.54375 0.55 0.5421875 0.54375 0.5453125 0.5375