4 0.5953125 0.5296875 0.596875 0.5328125 0.5953125 0.546875 0.590625 0.54375 0.5890625 0.5390625 0.5890625 0.5328125 0.59375 0.5296875
4 0.1953125 0.6125 0.196875 0.6140625 0.196875 0.65 0.1890625 0.6578125 0.18125 0.65 0.171875 0.6484375 0.165625 0.6390625 0.1546875 0.6390625 0.153125 0.625 0.1578125 0.6203125 0.1765625 0.6125 0.19375 0.6125
4 0.3671875 0.578125 0.36875 0.5796875 0.3671875 0.59375 0.3546875 0.5984375 0.346875 0.60625 0.3375 0.6078125 0.3328125 0.6140625 0.328125 0.6140625 0.3265625 0.6 0.325 0.5984375 0.3171875 0.6015625 0.3140625 0.5953125 0.321875 0.5953125 0.328125 0.5890625 0.3296875 0.5828125 0.3328125 0.58125 0.365625 0.578125
5 0.603125 0.534375 0.60625 0.5359375 0.60625 0.546875 0.6 0.546875 0.5984375 0.54375 0.5984375 0.5375 0.6015625 0.5359375
5 0.575 0.54375 0.578125 0.55 0.575 0.5640625 0.565625 0.5625 0.565625 0.5484375 0.56875 0.54375 0.5734375 0.54375
5 0.4875 0.553125 0.490625 0.5515625 0.4984375 0.553125 0.4984375 0.559375 0.4875 0.5671875 0.484375 0.5640625 0.4875 0.5546875
5 0.8671875 0.696875 0.8953125 0.70625 0.896875 0.709375 0.896875 0.734375 0.8953125 0.7359375 0.896875 0.7453125 0.89375 0.759375 0.8875 0.75625 0.88125 0.75625 0.86875 0.7578125 0.8640625 0.7625 0.859375 0.7625 0.834375 0.7515625 0.821875 0.7515625 0.8171875 0.7484375 0.8078125 0.7375 0.8078125 0.7234375 0.8109375 0.7125 0.815625 0.709375 0.8390625 0.703125 0.853125 0.6953125 0.865625 0.696875
0 0.5890625 0.575 0.0125 0.02265625
3 0.6015625 0.6953125 0.60625 0.6953125 0.609375 0.6984375 0.6140625 0.7203125 0.6109375 0.7328125 0.6078125 0.7359375 0.60625 0.7265625 0.6 0.7125 0.6015625 0.696875
3 0.453125 0.584375 0.4578125 0.5921875 0.45625 0.6 0.453125 0.603125 0.4484375 0.603125 0.44375 0.5984375 0.4453125 0.5875 0.4515625 0.584375
3 0.115625 0.60625 0.11875 0.6109375 0.11875 0.6234375 0.115625 0.625 0.1125 0.6234375 0.1140625 0.6078125
3 0.3171875 0.6109375 0.321875 0.6171875 0.321875 0.628125 0.3171875 0.6328125 0.3078125 0.6328125 0.30625 0.6296875 0.3078125 0.621875 0.3171875 0.6125
3 0.2203125 0.63125 0.225 0.6453125 0.2234375 0.6515625 0.2140625 0.6578125 0.2140625 0.6390625 0.215625 0.6328125 0.21875 0.63125
3 0.24296875 0.60390625 0.0171875 0.01953125
3 0.2515625 0.6078125 0.2546875 0.609375 0.2578125 0.61875 0.25625 0.6265625 0.2484375 0.628125 0.2484375 0.6171875 0.2515625 0.609375
3 0.6359375 0.625 0.6375 0.6265625 0.6375 0.6484375 0.6328125 0.646875 0.63125 0.640625 0.63125 0.6265625 0.634375 0.625
3 0.20625 0.6234375 0.2125 0.6296875 0.2109375 0.6421875 0.2046875 0.646875 0.2 0.646875 0.1984375 0.6375 0.2046875 0.625
2 0.171875 0.65 0.18125 0.6515625 0.1875 0.6625 0.1875 0.6796875 0.18125 0.6921875 0.178125 0.6953125 0.171875 0.69375 0.15625 0.7015625 0.1453125 0.715625 0.1390625 0.7140625 0.1265625 0.715625 0.115625 0.7125 0.1171875 0.69375 0.1328125 0.6734375 0.1484375 0.6609375 0.153125 0.6609375 0.1609375 0.6546875 0.1703125 0.6515625
2 0.7765625 0.615625 0.796875 0.625 0.7984375 0.6265625 0.796875 0.6296875 0.7828125 0.6234375 0.775 0.6234375 0.7671875 0.6203125 0.765625 0.61875 0.7671875 0.615625 0.775 0.615625
2 0.4765625 0.5703125 0.48125 0.5765625 0.48125 0.58125 0.4734375 0.5921875 0.4625 0.5953125 0.45625 0.59375 0.453125 0.5859375 0.453125 0.578125 0.45625 0.5734375 0.4640625 0.5703125 0.475 0.5703125
2 0.4765625 0.5921875 0.484375 0.5953125 0.4890625 0.6 0.490625 0.603125 0.4890625 0.6140625 0.4796875 0.6171875 0.478125 0.615625 0.459375 0.615625 0.45625 0.6125 0.45625 0.603125 0.4609375 0.5984375 0.475 0.59375
2 0.446875 0.56875 0.453125 0.5625 0.4609375 0.5625 0.4640625 0.56875 0.45625 0.571875 0.453125 0.5765625 0.4484375 0.5703125
2 0.0890625 0.6390625 0.0953125 0.646875 0.0953125 0.6546875 0.084375 0.659375 0.078125 0.659375 0.0625 0.6671875 0.0515625 0.6765625 0.0375 0.6828125 0.021875 0.6796875 0.021875 0.665625 0.0265625 0.6609375 0.0359375 0.65625 0.046875 0.6546875 0.053125 0.646875 0.0640625 0.640625 0.0875 0.6390625
2 0.1671875 0.640625 0.1703125 0.6453125 0.16875 0.65 0.14375 0.6625 0.1390625 0.6671875 0.134375 0.6671875 0.134375 0.6640625 0.14375 0.64375 0.159375 0.6390625 0.165625 0.640625
2 0.6546875 0.603125 0.659375 0.60625 0.6640625 0.615625 0.6625 0.63125 0.646875 0.6296875 0.6390625 0.6234375 0.634375 0.6125 0.634375 0.6078125 0.640625 0.603125 0.64375 0.6015625 0.653125 0.603125
2 0.4421875 0.5671875 0.45 0.575 0.4453125 0.5859375 0.4390625 0.5890625 0.4328125 0.5859375 0.43125 0.5828125 0.4328125 0.571875 0.440625 0.56875
2 0.06875 0.6921875 0.08125 0.6953125 0.0859375 0.703125 0.0859375 0.7234375 0.0796875 0.73125 0.075 0.7453125 0.071875 0.7484375 0.0640625 0.746875 0.05625 0.7484375 0.034375 0.7625 0.03125 0.7625 0.0140625 0.784375 0.009375 0.784375 0 0.7796875 0 0.725 0.0140625 0.7125 0.028125 0.70625 0.0328125 0.7015625 0.046875 0.6984375 0.053125 0.6921875 0.0671875 0.6921875
2 0.2515625 0.6296875 0.2625 0.6234375 0.2734375 0.6125 0.2921875 0.6078125 0.296875 0.6078125 0.3 0.6109375 0.3046875 0.6234375 0.3046875 0.6328125 0.3 0.6375 0.2765625 0.6421875 0.26875 0.65 0.25625 0.6484375 0.25 0.6453125 0.2515625 0.63125
2 0.7265625 0.6046875 0.7375 0.6046875 0.75625 0.615625 0.7484375 0.6203125 0.7453125 0.61875 0.7375 0.6203125 0.73125 0.6328125 0.7265625 0.6265625 0.728125 0.6140625 0.7265625 0.60625
2 0.078125 0.584375 0.0828125 0.5859375 0.084375 0.5890625 0.075 0.5984375 0.071875 0.5984375 0.0671875 0.5953125 0.0671875 0.590625 0.06875 0.5875 0.0765625 0.5859375
2 0.35234375 0.6109375 0.03515625 0.0328125
2 0.07734375 0.67734375 0.08984375 0.04921875
2 0.315625 0.6046875 0.31875 0.60625 0.321875 0.6140625 0.321875 0.6265625 0.31875 0.6296875 0.315625 0.628125 0.30625 0.6296875 0.303125 0.6140625 0.2984375 0.609375 0.3046875 0.603125 0.3140625 0.6046875
2 0 0.6296875 0.00625 0.63125 0.009375 0.6359375 0.00625 0.646875 0 0.65 0 0.63125
2 0.93125 0.9703125 0.9390625 0.9796875 0.94375 0.9921875 0.94375 0.9984375 0.8671875 0.9984375 0.8734375 0.9890625 0.884375 0.9828125 0.915625 0.9703125 0.9296875 0.9703125
2 0.5328125 0.54375 0.5390625 0.5421875 0.54375 0.546875 0.54375 0.55 0.5375 0.5546875 0.53125 0.5546875 0.5328125 0.5453125
2 0.046875 0.5953125 0.05625 0.596875 0.059375 0.6 0.053125 0.609375 0.05 0.6046875 0.0484375 0.60625 0.0453125 0.6109375 0.0453125 0.6203125 0.04375 0.621875 0.0359375 0.6203125 0.0359375 0.6078125 0.0390625 0.6 0.0453125 0.596875
2 0.5046875 0.55625 0.509375 0.5546875 0.5125 0.55625 0.5125 0.565625 0.509375 0.571875 0.5015625 0.571875 0.5 0.5640625 0.5046875 0.5578125
2 0.434375 0.59921875 0.0078125 0.0234375