2 0.21796875 0.65703125 0.06015625 0.040625
2 0.2859375 0.61640625 0.0453125 0.03046875
2 0.47578125 0.928125 0.14609375 0.13671875
2 0.6078125 0.684375 0.03203125 0.04921875
2 0.63046875 0.63046875 0.02890625 0.0296875
2 0.71015625 0.671875 0.0578125 0.0453125
5 0.4546875 0.828125 0.12734375 0.15078125
2 0.62890625 0.9234375 0.10859375 0.146875
5 0.16640625 0.61640625 0.0578125 0.0390625
5 0.5546875 0.609375 0.05234375 0.04609375
2 0.57265625 0.7515625 0.0671875 0.0796875
2 0.659375 0.671875 0.034375 0.0453125
2 0.79296875 0.81171875 0.06640625 0.12109375
2 0.0953125 0.61640625 0.028125 0.02734375
2 0.6046875 0.64296875 0.0265625 0.03046875
5 0.50703125 0.55859375 0.0203125 0.01796875
2 0.56328125 0.575 0.0203125 0.02109375
3 0.11875 0.690625 0.03203125 0.0453125
2 0.0109375 0.60390625 0.021875 0.0234375
4 0.4625 0.5875 0.05625 0.05234375
2 0.08671875 0.61328125 0.03828125 0.03046875
2 0.8671875 0.73359375 0.1140625 0.0625