2 0.5775405092592593 0.7160358796296297 0.044178240740740726 0.05813657407407398
2 0.6191377314814815 0.7960358796296296 0.06783564814814831 0.08799768518518522
2 0.6278993055555555 0.66796875 0.03621527777777782 0.03776620370370374
5 0.3898611111111111 0.8443402777777778 0.15600694444444443 0.17927083333333335
2 0.5239409722222221 0.7797048611111113 0.08350694444444429 0.09436342592592588
2 0.24938078703703703 0.612818287037037 0.05656249999999998 0.042604166666666644
2 0.5841319444444444 0.6699884259259259 0.03151620370370374 0.03616898148148149
2 0.6416030092592593 0.7165104166666667 0.04259259259259256 0.05500000000000007
2 0.5366666666666667 0.9580150462962962 0.1350231481481483 0.08396990740740762
4 0.4775636574074074 0.6066956018518519 0.04556712962962965 0.03471064814814806
2 0.6483101851851851 0.8657870370370372 0.09150462962962962 0.11942129629629647
2 0.7497743055555556 0.8798206018518518 0.08696759259259253 0.13969907407407406
2 0.692488425925926 0.7028240740740741 0.05502314814814824 0.04571759259259256
2 0.07777199074074075 0.5756076388888889 0.04247685185185186 0.03937500000000007
2 0.29328125 0.5928298611111111 0.04400462962962966 0.03469907407407398
5 0.5523958333333333 0.6299074074074074 0.059791666666666646 0.05668981481481481