4 0.5421875 0.5578125 0.5546875 0.5578125 0.553125 0.5953125 0.5515625 0.596875 0.54375 0.59375 0.5421875 0.590625 0.540625 0.578125 0.5421875 0.559375
4 0.4140625 0.5390625 0.41875 0.559375 0.4171875 0.565625 0.40625 0.5625 0.40625 0.5546875 0.403125 0.5484375 0.403125 0.540625 0.40625 0.5375 0.4125 0.5390625
4 0.2796875 0.6734375 0.2859375 0.6796875 0.29375 0.6953125 0.29375 0.7625 0.2953125 0.7640625 0.29375 0.7734375 0.28125 0.7953125 0.2625 0.803125 0.25625 0.803125 0.253125 0.80625 0.25 0.80625 0.2453125 0.8 0.24375 0.790625 0.2453125 0.784375 0.2359375 0.7546875 0.2375 0.6890625 0.240625 0.684375 0.25 0.6828125 0.259375 0.6765625 0.278125 0.6734375
1 0.2375 0.8015625 0.2453125 0.825 0.25 0.8484375 0.265625 0.890625 0.2640625 0.8953125 0.2765625 0.93125 0.278125 0.99375 0.2515625 0.99375 0.25 0.9953125 0.16875 0.9953125 0.16875 0.965625 0.1671875 0.9640625 0.1671875 0.8921875 0.16875 0.8890625 0.1671875 0.8828125 0.1609375 0.8796875 0.1609375 0.8640625 0.1671875 0.853125 0.1671875 0.8421875 0.1703125 0.8296875 0.1765625 0.821875 0.1953125 0.8125 0.2234375 0.8015625 0.2296875 0.8 0.2359375 0.8015625
3 0.7953125 0.590625 0.803125 0.596875 0.803125 0.6078125 0.7875 0.6078125 0.7859375 0.60625 0.7875 0.5953125 0.79375 0.590625
3 0.9265625 0.7 0.93125 0.6984375 0.9359375 0.7015625 0.9375 0.7109375 0.940625 0.715625 0.9453125 0.7125 0.946875 0.7 0.953125 0.7 0.9625 0.7046875 0.965625 0.7078125 0.9671875 0.71875 0.9734375 0.7296875 0.9734375 0.7390625 0.96875 0.74375 0.9609375 0.7375 0.9546875 0.728125 0.9375 0.725 0.9296875 0.7265625 0.9234375 0.7125 0.9265625 0.7015625
3 0.8737384259259258 0.5994212962962964 0.009699074074074155 0.02201388888888891
3 0.9390625 0.6671875 0.9453125 0.671875 0.94375 0.6734375 0.9453125 0.678125 0.9375 0.690625 0.9375 0.6953125 0.934375 0.696875 0.9234375 0.69375 0.91875 0.6890625 0.9171875 0.6796875 0.9296875 0.6578125 0.934375 0.6578125 0.9375 0.6671875
3 0.375 0.603125 0.3796875 0.6015625 0.384375 0.6078125 0.384375 0.61875 0.378125 0.6171875 0.371875 0.6140625 0.371875 0.6078125 0.375 0.6046875
5 0.521875 0.5515625 0.540625 0.5578125 0.540625 0.5734375 0.5390625 0.575 0.5375 0.5734375 0.5390625 0.5703125 0.5375 0.5671875 0.525 0.5671875 0.5171875 0.5734375 0.515625 0.565625 0.51875 0.553125 0.5203125 0.553125
2 0.6703125 0.575 0.678125 0.578125 0.69375 0.5921875 0.6953125 0.6 0.690625 0.6046875 0.68125 0.6046875 0.678125 0.6015625 0.6671875 0.5984375 0.6546875 0.5828125 0.6546875 0.578125 0.6578125 0.575 0.66875 0.575
2 0.2125 0.6109375 0.215625 0.6125 0.2125 0.6171875 0.196875 0.6203125 0.1875 0.625 0.1828125 0.625 0.1828125 0.621875 0.1875 0.61875 0.2015625 0.6125 0.2109375 0.6109375
2 0.234375 0.6046875 0.24375 0.6 0.2546875 0.5984375 0.253125 0.6078125 0.2546875 0.6203125 0.2484375 0.61875 0.2421875 0.6125 0.23125 0.6125 0.234375 0.60625
2 0.3296875 0.6484375 0.3328125 0.6515625 0.33125 0.6921875 0.315625 0.690625 0.3109375 0.69375 0.3078125 0.6890625 0.3078125 0.6796875 0.3109375 0.675 0.309375 0.65625 0.3171875 0.6484375 0.328125 0.6484375
2 0.4484375 0.5328125 0.4515625 0.534375 0.4546875 0.5421875 0.4515625 0.546875 0.4421875 0.5421875 0.4421875 0.5359375 0.446875 0.5328125
2 0.390625 0.715625 0.39375 0.7171875 0.396875 0.7234375 0.40625 0.7484375 0.4078125 0.7734375 0.4046875 0.7796875 0.396875 0.7828125 0.378125 0.784375 0.3734375 0.7890625 0.3703125 0.7890625 0.36875 0.7859375 0.3703125 0.7828125 0.36875 0.7734375 0.35625 0.7578125 0.3546875 0.7390625 0.3640625 0.721875 0.3734375 0.7171875 0.3859375 0.7140625 0.3890625 0.715625
2 0.4421875 0.5859375 0.4546875 0.596875 0.45625 0.6140625 0.44375 0.615625 0.4390625 0.621875 0.4328125 0.6203125 0.4265625 0.621875 0.421875 0.615625 0.4203125 0.6078125 0.4265625 0.5890625 0.440625 0.5859375
2 0.4796875 0.5484375 0.4875 0.5578125 0.4875 0.5671875 0.4734375 0.565625 0.471875 0.55 0.478125 0.5484375
2 0.06875 0.653125 0.071875 0.6546875 0.0734375 0.659375 0.071875 0.6640625 0.05 0.6703125 0.0375 0.678125 0.034375 0.678125 0.0328125 0.675 0.034375 0.6578125 0.05 0.653125 0.0671875 0.653125
2 0.5275347222222223 0.5592476851851852 0.026886574074074066 0.022268518518518476
2 0.40625 0.565625 0.4171875 0.565625 0.41875 0.56875 0.4171875 0.5859375 0.4109375 0.5890625 0.4015625 0.5890625 0.4015625 0.5734375 0.40625 0.5671875
2 0.378125 0.6171875 0.390625 0.6234375 0.39375 0.6328125 0.3890625 0.640625 0.375 0.64375 0.36875 0.65 0.353125 0.6484375 0.35 0.6453125 0.35 0.634375 0.365625 0.6171875 0.3703125 0.615625 0.3765625 0.6171875
2 0.6265625 0.5765625 0.6390625 0.5765625 0.6484375 0.5796875 0.6625 0.5921875 0.6625 0.6015625 0.6578125 0.60625 0.6484375 0.60625 0.6453125 0.603125 0.628125 0.6015625 0.621875 0.5953125 0.621875 0.5859375 0.6265625 0.578125
2 0.503125 0.5515625 0.5125 0.55625 0.5140625 0.5609375 0.5125 0.5703125 0.4984375 0.5703125 0.49375 0.5671875 0.49375 0.5546875 0.496875 0.5515625 0.5015625 0.5515625
2 0.6875 0.578125 0.703125 0.5890625 0.7046875 0.6015625 0.6984375 0.6015625 0.69375 0.5921875 0.68125 0.5828125 0.6796875 0.5796875 0.6859375 0.578125
2 0.7453125 0.5921875 0.76875 0.60625 0.7703125 0.6171875 0.765625 0.6203125 0.75625 0.615625 0.734375 0.6171875 0.7234375 0.6109375 0.725 0.5984375 0.7390625 0.5921875 0.74375 0.5921875
2 0.0984375 0.71875 0.1046875 0.721875 0.1234375 0.71875 0.140625 0.7234375 0.14375 0.728125 0.14375 0.7421875 0.134375 0.7546875 0.128125 0.759375 0.0984375 0.75625 0.090625 0.7578125 0.0875 0.7609375 0.0828125 0.7609375 0.08125 0.75625 0.0828125 0.74375 0.08125 0.721875 0.084375 0.7171875 0.096875 0.71875
2 0.43125 0.559375 0.4375 0.559375 0.440625 0.5640625 0.4390625 0.5765625 0.4296875 0.578125 0.428125 0.5734375 0.43125 0.5609375
2 0.2375 0.659375 0.2390625 0.6671875 0.24375 0.671875 0.253125 0.671875 0.25625 0.675 0.2515625 0.6796875 0.2390625 0.6828125 0.2359375 0.6875 0.234375 0.7015625 0.23125 0.7046875 0.2203125 0.70625 0.2109375 0.7171875 0.2015625 0.7171875 0.1921875 0.709375 0.190625 0.703125 0.1921875 0.6859375 0.2 0.6734375 0.2046875 0.6703125 0.2359375 0.659375
2 0.4609375 0.553125 0.4625 0.54375 0.4671875 0.54375 0.4703125 0.546875 0.4703125 0.553125 0.4671875 0.55625 0.4625 0.553125
2 0.521875 0.5671875 0.540625 0.5671875 0.5390625 0.575 0.5421875 0.5859375 0.540625 0.590625 0.521875 0.5875 0.5171875 0.5796875 0.5171875 0.575 0.521875 0.56875
2 0.9875 0.675 0.9828125 0.66875 0.975 0.665625 0.971875 0.6609375 0.971875 0.6515625 0.9765625 0.6375 0.98125 0.6328125 0.9890625 0.6328125 0.9890625 0.671875 0.9875 0.6734375