3 0.6421875 0.746875 0.6453125 0.765625 0.640625 0.775 0.6375 0.775 0.63125 0.75 0.640625 0.746875
3 0.6375 0.725 0.640625 0.725 0.64375 0.7296875 0.6453125 0.7453125 0.6453125 0.7671875 0.64375 0.771875 0.6375 0.775 0.63125 0.75 0.6375 0.7453125 0.6390625 0.7390625 0.6375 0.7265625
3 0.6953125 0.6609375 0.6875 0.653125 0.6859375 0.6390625 0.6859375 0.634375 0.6890625 0.63125 0.6953125 0.6359375 0.696875 0.640625 0.6953125 0.659375
3 0.209375 0.6265625 0.2171875 0.640625 0.215625 0.6484375 0.2078125 0.6515625 0.2015625 0.65 0.2 0.6375 0.2078125 0.628125
3 0.2546875 0.6140625 0.2578125 0.6140625 0.2609375 0.61875 0.2609375 0.6265625 0.2578125 0.63125 0.2546875 0.63125 0.253125 0.625 0.2546875 0.615625
3 0.1765625 0.6453125 0.18125 0.6484375 0.1796875 0.6578125 0.1765625 0.659375 0.171875 0.6578125 0.165625 0.6609375 0.1625 0.659375 0.165625 0.646875 0.175 0.6453125
3 0.928125 0.73125 0.9328125 0.7328125 0.9359375 0.7375 0.9359375 0.7484375 0.940625 0.7640625 0.940625 0.76875 0.934375 0.76875 0.9328125 0.7609375 0.928125 0.7546875 0.928125 0.7328125
3 0.29375 0.6296875 0.2984375 0.6296875 0.3 0.6328125 0.3 0.6421875 0.2953125 0.646875 0.2921875 0.646875 0.290625 0.6359375 0.29375 0.63125
3 0.8171875 0.809375 0.8234375 0.8109375 0.828125 0.8171875 0.8296875 0.8390625 0.8359375 0.859375 0.8328125 0.865625 0.828125 0.86875 0.8203125 0.8625 0.8171875 0.8484375 0.8140625 0.846875 0.8140625 0.840625 0.8109375 0.834375 0.809375 0.8109375 0.815625 0.809375
3 0.1265625 0.6296875 0.1296875 0.6453125 0.125 0.6484375 0.1203125 0.6421875 0.121875 0.63125 0.125 0.6296875
3 0.3171875 0.6359375 0.3203125 0.65 0.309375 0.65625 0.3046875 0.6578125 0.303125 0.65625 0.3046875 0.640625 0.3078125 0.6375 0.3109375 0.6390625 0.315625 0.6375
0 0.4765625 0.5921875 0.48125 0.5984375 0.4828125 0.6125 0.4828125 0.61875 0.478125 0.625 0.4765625 0.6234375 0.45 0.625 0.44375 0.6125 0.4453125 0.5984375 0.4609375 0.596875 0.465625 0.59375 0.475 0.5921875
0 0.5375 0.6046875 0.540625 0.625 0.5359375 0.6328125 0.5234375 0.6296875 0.5109375 0.63125 0.503125 0.6296875 0.4953125 0.625 0.5015625 0.615625 0.5 0.6125 0.5015625 0.6046875 0.509375 0.6015625 0.5265625 0.6015625 0.5359375 0.6046875
4 0.5234375 0.5640625 0.521875 0.5828125 0.5125 0.590625 0.5046875 0.590625 0.4984375 0.584375 0.49375 0.5828125 0.4953125 0.571875 0.496875 0.56875 0.5140625 0.559375 0.51875 0.559375 0.521875 0.5640625
5 0.6015625 0.60625 0.6 0.5859375 0.6109375 0.5828125 0.621875 0.5859375 0.6234375 0.59375 0.621875 0.609375 0.6203125 0.6109375 0.6078125 0.609375 0.603125 0.60625
1 0.6046875 0.54375 0.6140625 0.5421875 0.6171875 0.5515625 0.615625 0.5671875 0.60625 0.5703125 0.603125 0.5515625 0.6046875 0.5453125
2 0.740625 0.6046875 0.7578125 0.60625 0.7671875 0.615625 0.7609375 0.6203125 0.753125 0.621875 0.7453125 0.6328125 0.7421875 0.6296875 0.740625 0.60625
2 0.6421875 0.6203125 0.65 0.61875 0.6578125 0.621875 0.6625 0.6265625 0.6671875 0.6390625 0.665625 0.65 0.6625 0.6484375 0.65 0.65 0.6390625 0.6390625 0.6390625 0.628125 0.6421875 0.621875
2 0.4796875 0.578125 0.4921875 0.584375 0.49375 0.5875 0.4921875 0.6015625 0.484375 0.603125 0.48125 0.6 0.48125 0.5953125 0.4765625 0.590625 0.471875 0.590625 0.4734375 0.584375 0.478125 0.5796875
2 0.1421875 0.6375 0.1640625 0.6265625 0.184375 0.6265625 0.1890625 0.634375 0.1890625 0.640625 0.184375 0.6484375 0.1796875 0.64375 0.1796875 0.6359375 0.175 0.63125 0.1609375 0.6546875 0.146875 0.6578125 0.1421875 0.6578125 0.1375 0.6515625 0.1375 0.64375 0.1421875 0.6390625
2 0.3734375 0.5984375 0.378125 0.6015625 0.378125 0.6078125 0.3734375 0.6109375 0.3640625 0.609375 0.3640625 0.60625 0.3734375 0.6
2 0.5375 0.5625 0.5390625 0.56875 0.5328125 0.5734375 0.528125 0.5734375 0.528125 0.5640625 0.5359375 0.5625
2 0.6859375 0.6953125 0.6984375 0.7 0.7046875 0.70625 0.703125 0.7265625 0.70625 0.7515625 0.703125 0.75625 0.6859375 0.75 0.675 0.7515625 0.671875 0.7484375 0.671875 0.7296875 0.6703125 0.728125 0.6734375 0.71875 0.671875 0.7015625 0.6796875 0.6953125 0.684375 0.6953125
2 0.478125 0.5671875 0.4828125 0.5765625 0.475 0.58125 0.46875 0.58125 0.4640625 0.578125 0.4703125 0.56875 0.4765625 0.5671875
2 0.24375 0.615625 0.2515625 0.625 0.2515625 0.6296875 0.246875 0.6328125 0.2390625 0.6328125 0.2328125 0.6375 0.2265625 0.6359375 0.2234375 0.6390625 0.215625 0.6359375 0.2125 0.625 0.2265625 0.6140625 0.2421875 0.615625
2 0.0453125 0.7203125 0.04375 0.70625 0.0515625 0.6953125 0.0625 0.6921875 0.078125 0.6765625 0.09375 0.675 0.1046875 0.675 0.1109375 0.68125 0.1125 0.6921875 0.109375 0.7015625 0.1046875 0.70625 0.08125 0.709375 0.0734375 0.7140625 0.0671875 0.7140625 0.0578125 0.7203125 0.05625 0.71875 0.046875 0.7203125
2 0.5921875 0.59375 0.5984375 0.6125 0.5953125 0.61875 0.5921875 0.615625 0.5859375 0.6171875 0.58125 0.615625 0.5765625 0.60625 0.5765625 0.6015625 0.58125 0.5921875 0.590625 0.59375
2 0.2109375 0.6578125 0.2203125 0.6484375 0.228125 0.646875 0.234375 0.6421875 0.2546875 0.6421875 0.259375 0.653125 0.259375 0.6625 0.2515625 0.678125 0.24375 0.6765625 0.234375 0.678125 0.228125 0.68125 0.2234375 0.6859375 0.2234375 0.6890625 0.21875 0.6921875 0.2046875 0.690625 0.196875 0.684375 0.196875 0.671875 0.2 0.6671875 0.2109375 0.659375
2 0.959375 0.6515625 0.9640625 0.653125 0.965625 0.6578125 0.9671875 0.66875 0.9640625 0.671875 0.9375 0.6625 0.925 0.6609375 0.925 0.6546875 0.928125 0.65 0.9453125 0.6484375 0.9578125 0.6515625
2 0.4703125 0.5796875 0.4734375 0.5828125 0.471875 0.5890625 0.4625 0.5953125 0.459375 0.59375 0.459375 0.5875 0.465625 0.578125 0.46875 0.5796875
2 0.41227430555555555 0.6083854166666667 0.007951388888888822 0.018865740740740745
2 0.10401041666666666 0.6483449074074074 0.0361574074074074 0.030219907407407386
2 0.3296875 0.5984375 0.334375 0.6046875 0.3359375 0.615625 0.33125 0.625 0.321875 0.628125 0.31875 0.625 0.3078125 0.625 0.3015625 0.6140625 0.309375 0.6078125 0.309375 0.6046875 0.3140625 0.6 0.328125 0.5984375
2 0.0125 0.659375 0.0171875 0.6609375 0.01875 0.6640625 0.01875 0.66875 0.0140625 0.6765625 0.0125 0.6609375
2 0.590625 0.55 0.5953125 0.55 0.5984375 0.5546875 0.5984375 0.5578125 0.59375 0.5609375 0.590625 0.5578125 0.590625 0.5515625
2 0.796875 0.609375 0.8171875 0.61875 0.825 0.625 0.8265625 0.63125 0.815625 0.6296875 0.80625 0.6234375 0.784375 0.61875 0.7828125 0.6140625 0.7859375 0.6109375 0.7953125 0.609375
2 0.0578125 0.6203125 0.0625 0.6234375 0.0671875 0.6234375 0.0671875 0.628125 0.065625 0.6328125 0.0625 0.6296875 0.05625 0.634375 0.0546875 0.6484375 0.05 0.6515625 0.046875 0.6515625 0.04375 0.646875 0.04375 0.6359375 0.046875 0.625 0.05625 0.6203125
2 0.578125 0.5703125 0.58125 0.5765625 0.58125 0.5828125 0.578125 0.5859375 0.571875 0.5859375 0.5703125 0.58125 0.571875 0.5703125 0.5734375 0.56875 0.5765625 0.5703125
2 0.375 0.609375 0.3796875 0.6140625 0.3796875 0.634375 0.3734375 0.6375 0.371875 0.6359375 0.359375 0.6375 0.35625 0.6328125 0.359375 0.621875 0.365625 0.61875 0.36875 0.6125 0.3734375 0.6109375
2 0.2984375 0.615625 0.3015625 0.6265625 0.3 0.6328125 0.2953125 0.63125 0.2890625 0.6390625 0.2703125 0.64375 0.2578125 0.6421875 0.2578125 0.63125 0.2625 0.625 0.26875 0.6203125 0.2734375 0.6203125 0.278125 0.615625 0.284375 0.6140625 0.296875 0.615625