0 0.34375 0.596875 0.3515625 0.6140625 0.3515625 0.6234375 0.346875 0.628125 0.3390625 0.6296875 0.328125 0.6390625 0.3265625 0.6375 0.309375 0.6390625 0.3109375 0.6078125 0.3125 0.6046875 0.3234375 0.6015625 0.3265625 0.5984375 0.3421875 0.596875
1 0.421875 0.5578125 0.4265625 0.559375 0.428125 0.5625 0.428125 0.575 0.43125 0.5890625 0.41875 0.603125 0.415625 0.603125 0.4046875 0.6109375 0.3796875 0.6078125 0.38125 0.5703125 0.384375 0.565625 0.3953125 0.5640625 0.3984375 0.5609375 0.4171875 0.55625 0.4203125 0.5578125
1 0.41875 0.534375 0.428125 0.5359375 0.4359375 0.540625 0.440625 0.55 0.434375 0.55625 0.41875 0.55625 0.409375 0.55 0.4109375 0.5359375 0.4171875 0.534375
3 0.728125 0.6 0.74375 0.6015625 0.7421875 0.6140625 0.734375 0.6140625 0.7296875 0.6109375 0.728125 0.6015625
3 0.9234375 0.7015625 0.93125 0.703125 0.9359375 0.715625 0.9359375 0.721875 0.928125 0.721875 0.9203125 0.7265625 0.9140625 0.7265625 0.9109375 0.71875 0.9109375 0.7109375 0.9234375 0.703125
3 0.6875 0.6203125 0.69375 0.6328125 0.69375 0.6421875 0.6875 0.6421875 0.678125 0.6375 0.6796875 0.6234375 0.6859375 0.6203125
3 0.5109375 0.6046875 0.5171875 0.6046875 0.5203125 0.6109375 0.5203125 0.61875 0.509375 0.6234375 0.5078125 0.6078125 0.5109375 0.60625
3 0.8109375 0.61875 0.81875 0.61875 0.8265625 0.621875 0.8296875 0.628125 0.828125 0.640625 0.821875 0.6421875 0.8125 0.6390625 0.809375 0.6359375 0.8109375 0.6203125
3 0.8609375 0.6703125 0.8625 0.68125 0.865625 0.684375 0.86875 0.6828125 0.8703125 0.6765625 0.875 0.6796875 0.8765625 0.6875 0.8828125 0.696875 0.8828125 0.7046875 0.8796875 0.70625 0.875 0.7015625 0.859375 0.6953125 0.8578125 0.6796875 0.8546875 0.675 0.85625 0.671875 0.859375 0.671875
3 0.7609375 0.6109375 0.765625 0.6078125 0.7703125 0.6078125 0.775 0.6109375 0.7796875 0.61875 0.778125 0.6234375 0.771875 0.621875 0.7640625 0.628125 0.759375 0.6234375 0.7609375 0.6125
3 0.9996151620370369 0.6585532407407408 0.0007696759259259167 0.02059027777777773
3 0.4734375 0.5984375 0.48125 0.5953125 0.4859375 0.60625 0.4859375 0.6140625 0.4828125 0.6171875 0.48125 0.615625 0.475 0.6171875 0.4734375 0.6
3 0.9 0.6359375 0.90625 0.6484375 0.9046875 0.6578125 0.89375 0.65625 0.89375 0.6359375 0.8953125 0.634375 0.8984375 0.6359375
3 0.709375 0.6203125 0.7171875 0.6234375 0.721875 0.628125 0.7234375 0.634375 0.7203125 0.6421875 0.7046875 0.640625 0.703125 0.63125 0.7046875 0.625 0.709375 0.621875
4 0.5375 0.56875 0.5609375 0.571875 0.5734375 0.5796875 0.575 0.5984375 0.571875 0.6109375 0.5640625 0.6125 0.5515625 0.6078125 0.540625 0.609375 0.534375 0.6046875 0.5328125 0.5703125 0.5359375 0.5703125
4 0.4625 0.5578125 0.465625 0.5859375 0.4640625 0.5921875 0.453125 0.5921875 0.45 0.5875 0.4484375 0.5765625 0.45 0.5609375 0.453125 0.5578125 0.4609375 0.5578125
4 0.765625 0.6296875 0.7828125 0.646875 0.7921875 0.653125 0.79375 0.65625 0.7921875 0.671875 0.7765625 0.6734375 0.76875 0.665625 0.7546875 0.659375 0.7421875 0.659375 0.7421875 0.65625 0.7359375 0.65 0.734375 0.6359375 0.7484375 0.6359375 0.753125 0.63125 0.7640625 0.63125
2 0.26875 0.59375 0.2703125 0.5953125 0.2703125 0.61875 0.2671875 0.6234375 0.2578125 0.609375 0.246875 0.60625 0.246875 0.603125 0.25625 0.5953125 0.2671875 0.59375
2 0.4689351851851852 0.5466724537037038 0.012754629629629654 0.017372685185185154
2 0.4808391203703704 0.5593460648148147 0.012731481481481488 0.015810185185185156
2 0.0625 0.6375 0.0640625 0.6390625 0.0671875 0.6375 0.0828125 0.6390625 0.084375 0.6484375 0.0640625 0.65625 0.059375 0.6546875 0.053125 0.6578125 0.0453125 0.6578125 0.0453125 0.640625 0.0578125 0.6359375 0.0609375 0.6375
2 0.9578125 0.6234375 0.9703125 0.6234375 0.9765625 0.6265625 0.9796875 0.63125 0.9796875 0.6453125 0.9734375 0.6484375 0.9625 0.6390625 0.9578125 0.625
2 0.5015625 0.5578125 0.503125 0.5640625 0.496875 0.5703125 0.490625 0.5671875 0.4890625 0.55625 0.496875 0.5546875 0.5 0.5578125
2 0.9203125 0.6140625 0.9359375 0.6140625 0.9421875 0.61875 0.940625 0.6234375 0.9359375 0.6265625 0.921875 0.621875 0.9203125 0.615625
2 0.228125 0.603125 0.23125 0.6046875 0.23125 0.6078125 0.2203125 0.6125 0.2125 0.6125 0.2046875 0.6171875 0.1984375 0.6171875 0.1984375 0.6140625 0.203125 0.6109375 0.2125 0.60625 0.2265625 0.603125
2 0.859375 0.5921875 0.865625 0.6 0.8640625 0.6078125 0.8546875 0.6046875 0.853125 0.59375 0.8578125 0.5921875
2 0.6484375 0.6 0.65625 0.6 0.659375 0.603125 0.6640625 0.61875 0.6625 0.625 0.65625 0.6265625 0.6484375 0.6015625
2 0.9390625 0.7234375 0.9515625 0.725 0.96875 0.734375 0.9890625 0.75 0.9984375 0.7609375 0.9984375 0.803125 0.984375 0.803125 0.98125 0.80625 0.975 0.80625 0.9671875 0.7921875 0.946875 0.778125 0.9359375 0.7734375 0.9234375 0.7734375 0.9203125 0.7703125 0.915625 0.759375 0.9171875 0.73125 0.9234375 0.725 0.9375 0.7234375
2 0.615625 0.8578125 0.6234375 0.8609375 0.6359375 0.8703125 0.646875 0.8703125 0.6515625 0.8671875 0.6671875 0.86875 0.671875 0.875 0.6828125 0.88125 0.703125 0.9 0.71875 0.9109375 0.7265625 0.9203125 0.7390625 0.928125 0.746875 0.9421875 0.75 0.9578125 0.7484375 0.965625 0.75 0.9984375 0.6609375 0.9984375 0.64375 0.978125 0.6265625 0.9625 0.6203125 0.959375 0.6203125 0.95625 0.6125 0.95 0.609375 0.95 0.6 0.9609375 0.59375 0.9578125 0.5875 0.9453125 0.5859375 0.934375 0.5796875 0.91875 0.58125 0.88125 0.5921875 0.865625 0.6015625 0.859375 0.6140625 0.8578125
2 0.9453125 0.609375 0.9484375 0.6125 0.9484375 0.6203125 0.94375 0.621875 0.9375 0.621875 0.9375 0.61875 0.93125 0.6140625 0.934375 0.6078125 0.94375 0.609375
2 0.1484375 0.6875 0.1546875 0.690625 0.1875 0.6921875 0.1921875 0.696875 0.19375 0.715625 0.1859375 0.725 0.1859375 0.728125 0.178125 0.734375 0.165625 0.73125 0.15 0.7390625 0.1484375 0.7375 0.1359375 0.7390625 0.128125 0.74375 0.121875 0.7421875 0.0984375 0.7421875 0.096875 0.74375 0.0953125 0.7421875 0.09375 0.71875 0.096875 0.7109375 0.096875 0.7015625 0.1046875 0.696875 0.1078125 0.6984375 0.11875 0.6921875 0.1234375 0.6921875 0.1265625 0.6890625 0.146875 0.6875
2 0.528125 0.575 0.53125 0.578125 0.5328125 0.5875 0.53125 0.5953125 0.51875 0.5921875 0.5140625 0.5828125 0.5171875 0.578125 0.5265625 0.575
2 0.7765625 0.625 0.7953125 0.6328125 0.8140625 0.6515625 0.8140625 0.6609375 0.8109375 0.665625 0.8015625 0.66875 0.7953125 0.665625 0.7921875 0.653125 0.76875 0.63125 0.7671875 0.628125 0.7703125 0.625 0.775 0.625
2 0.4508506944444444 0.53859375 0.012708333333333321 0.014247685185185155
2 0.6421875 0.5984375 0.6484375 0.6015625 0.6546875 0.61875 0.653125 0.63125 0.6390625 0.6296875 0.6421875 0.6