0 0.671875 0.721875 0.6875 0.7265625 0.6953125 0.734375 0.6953125 0.740625 0.6984375 0.746875 0.6984375 0.7546875 0.6953125 0.759375 0.6953125 0.778125 0.6984375 0.784375 0.6875 0.815625 0.6859375 0.83125 0.6890625 0.84375 0.6859375 0.8484375 0.6828125 0.846875 0.675 0.8484375 0.66875 0.85625 0.65625 0.8515625 0.6453125 0.84375 0.646875 0.834375 0.6390625 0.8265625 0.6375 0.8125 0.640625 0.809375 0.6421875 0.8015625 0.640625 0.7890625 0.6421875 0.7578125 0.6484375 0.7484375 0.6515625 0.7359375 0.6578125 0.725 0.6625 0.721875 0.6703125 0.721875
3 0.63125 0.690625 0.6328125 0.6921875 0.63125 0.7078125 0.6265625 0.7125 0.621875 0.7078125 0.621875 0.69375 0.625 0.690625 0.6296875 0.690625
3 0.6703125 0.6765625 0.6734375 0.6828125 0.6734375 0.69375 0.6703125 0.696875 0.665625 0.6890625 0.665625 0.678125 0.66875 0.6765625
3 0.1765625 0.5890625 0.184375 0.5875 0.190625 0.5921875 0.190625 0.6078125 0.175 0.609375 0.171875 0.6046875 0.171875 0.6 0.1765625 0.590625
3 0.1640625 0.5953125 0.1703125 0.60625 0.16875 0.6125 0.1640625 0.6140625 0.153125 0.6125 0.15625 0.5984375 0.1625 0.5953125
3 0.2265625 0.5953125 0.2265625 0.5875 0.23125 0.5828125 0.240625 0.584375 0.2421875 0.5953125 0.240625 0.6 0.234375 0.6 0.228125 0.5953125
3 0.05625 0.6265625 0.0640625 0.640625 0.0625 0.653125 0.0546875 0.653125 0.0484375 0.65 0.046875 0.6359375 0.05 0.6296875 0.0546875 0.6265625
3 0.671875 0.6625 0.6703125 0.665625 0.6734375 0.6765625 0.6734375 0.69375 0.6703125 0.696875 0.6671875 0.69375 0.6640625 0.68125 0.665625 0.6671875 0.6703125 0.6640625
3 0.2140625 0.5890625 0.21875 0.5890625 0.2203125 0.5921875 0.21875 0.6 0.2140625 0.6046875 0.2109375 0.603125 0.2109375 0.596875 0.2140625 0.590625
3 0.5515625 0.6046875 0.55 0.603125 0.5515625 0.590625 0.553125 0.5890625 0.55625 0.590625 0.553125 0.603125
5 0.03671875 0.5887905092592594 0.025 0.026747685185185242
5 0.43125 0.5625 0.4359375 0.5640625 0.434375 0.5828125 0.4328125 0.5859375 0.428125 0.5875 0.425 0.5828125 0.425 0.5703125 0.4265625 0.5640625 0.4296875 0.5625
5 0.24375 0.60625 0.2484375 0.6078125 0.25 0.6109375 0.2484375 0.6359375 0.2375 0.6453125 0.2328125 0.6421875 0.2203125 0.6484375 0.209375 0.65 0.2015625 0.65625 0.1828125 0.6546875 0.1796875 0.6515625 0.1796875 0.634375 0.203125 0.6125 0.2078125 0.6125 0.2109375 0.609375 0.2421875 0.60625
4 0.55546875 0.5622916666666666 0.01875 0.02826388888888891
2 0.9015625 0.678125 0.91875 0.6765625 0.934375 0.6796875 0.940625 0.684375 0.940625 0.6984375 0.9375 0.7015625 0.9203125 0.6921875 0.903125 0.6875 0.9015625 0.6796875
2 0.6015625 0.5828125 0.609375 0.590625 0.6109375 0.5953125 0.609375 0.609375 0.603125 0.6109375 0.596875 0.603125 0.596875 0.6 0.5890625 0.5921875 0.5921875 0.584375 0.6 0.584375
2 0.6359375 0.6421875 0.640625 0.6453125 0.646875 0.659375 0.6453125 0.6828125 0.6390625 0.68125 0.6359375 0.6828125 0.628125 0.6734375 0.621875 0.6734375 0.61875 0.6671875 0.6203125 0.65 0.6234375 0.6453125 0.634375 0.6421875
2 0.5890625 0.596875 0.5953125 0.6015625 0.5984375 0.6078125 0.6 0.6125 0.5984375 0.6203125 0.584375 0.6203125 0.575 0.6140625 0.575 0.603125 0.5796875 0.5984375 0.5875 0.596875
2 0.728125 0.615625 0.734375 0.61875 0.7359375 0.6171875 0.740625 0.61875 0.7453125 0.6234375 0.7453125 0.6265625 0.7359375 0.628125 0.725 0.64375 0.721875 0.640625 0.7234375 0.6265625 0.721875 0.6171875 0.7265625 0.615625
2 0.6546875 0.6203125 0.6703125 0.634375 0.6671875 0.6515625 0.65 0.6484375 0.6296875 0.6390625 0.6296875 0.634375 0.6359375 0.621875 0.653125 0.6203125
2 0.4359375 0.5640625 0.4375 0.56875 0.434375 0.5703125 0.434375 0.5828125 0.4328125 0.5859375 0.428125 0.5875 0.425 0.58125 0.4265625 0.5640625 0.428125 0.5625 0.434375 0.5640625
2 0.034375 0.6234375 0.040625 0.6265625 0.040625 0.6328125 0.046875 0.6421875 0.046875 0.6515625 0.0421875 0.65625 0.0359375 0.6578125 0.0296875 0.6671875 0.025 0.6703125 0.015625 0.665625 0 0.6671875 0 0.6296875 0.0328125 0.6234375
2 0.571875 0.715625 0.5796875 0.71875 0.590625 0.7296875 0.5921875 0.746875 0.5875 0.7578125 0.575 0.76875 0.575 0.7734375 0.5703125 0.7796875 0.5546875 0.7734375 0.546875 0.771875 0.54375 0.7734375 0.540625 0.765625 0.540625 0.7515625 0.54375 0.7484375 0.5484375 0.725 0.5609375 0.7140625 0.5703125 0.715625
2 0.35 0.5921875 0.35625 0.5984375 0.35625 0.60625 0.353125 0.6109375 0.3375 0.6171875 0.321875 0.6171875 0.3203125 0.6046875 0.334375 0.5921875 0.3484375 0.5921875
2 0.590625 0.628125 0.596875 0.64375 0.596875 0.659375 0.5953125 0.6609375 0.5796875 0.659375 0.5734375 0.65 0.5734375 0.63125 0.5828125 0.6265625 0.5890625 0.628125
2 0.065625 0.565625 0.0734375 0.5671875 0.075 0.5703125 0.0734375 0.575 0.06875 0.578125 0.06875 0.58125 0.065625 0.5828125 0.05625 0.5796875 0.05625 0.571875 0.0640625 0.5671875
2 0.8125 0.703125 0.846875 0.7171875 0.8515625 0.7265625 0.85 0.7328125 0.853125 0.7421875 0.853125 0.75625 0.8375 0.765625 0.8265625 0.7640625 0.821875 0.76875 0.8140625 0.7640625 0.8125 0.7578125 0.8078125 0.753125 0.8 0.75 0.7953125 0.7453125 0.778125 0.740625 0.775 0.7375 0.765625 0.7390625 0.75625 0.725 0.759375 0.70625 0.7703125 0.703125 0.7796875 0.7046875 0.790625 0.7 0.8078125 0.7 0.8109375 0.703125
2 0.1 0.58125 0.10625 0.584375 0.10625 0.5921875 0.1015625 0.6015625 0.0828125 0.5984375 0.0859375 0.5828125 0.090625 0.578125 0.0953125 0.578125 0.0984375 0.58125
2 0.075 0.5799131944444444 0.0234375 0.020486111111111073
2 0.771875 0.628125 0.790625 0.6375 0.79375 0.64375 0.76875 0.6359375 0.7625 0.6296875 0.7703125 0.628125