1 0.4265625 0.5515625 0.434375 0.5515625 0.4390625 0.55625 0.4421875 0.5734375 0.440625 0.5859375 0.434375 0.5828125 0.4265625 0.5828125 0.425 0.5734375 0.4265625 0.553125
4 0.5375 0.559375 0.5578125 0.559375 0.5671875 0.5734375 0.565625 0.5796875 0.5578125 0.575 0.5515625 0.575 0.5390625 0.58125 0.5359375 0.571875 0.5375 0.5609375
4 0.9328125 0.5625 0.94375 0.5671875 0.9421875 0.5765625 0.9453125 0.590625 0.94375 0.6046875 0.9265625 0.60625 0.9203125 0.603125 0.9203125 0.5953125 0.9171875 0.5921875 0.915625 0.5828125 0.915625 0.565625 0.93125 0.5640625
3 0.4125 0.6203125 0.415625 0.625 0.415625 0.6359375 0.4140625 0.6390625 0.40625 0.640625 0.403125 0.6375 0.403125 0.6296875 0.40625 0.6234375 0.4109375 0.6203125
3 0.4953125 0.78125 0.4984375 0.7953125 0.5046875 0.803125 0.509375 0.8 0.5125 0.7890625 0.5171875 0.7921875 0.51875 0.796875 0.515625 0.8015625 0.5171875 0.828125 0.5140625 0.8375 0.5125 0.8390625 0.509375 0.8375 0.50625 0.83125 0.4984375 0.8234375 0.4953125 0.8234375 0.490625 0.8171875 0.4890625 0.79375 0.49375 0.7828125
3 0.44375 0.63125 0.45 0.64375 0.446875 0.65 0.4390625 0.6515625 0.4359375 0.6546875 0.4328125 0.6328125 0.4359375 0.6296875 0.4421875 0.63125
3 0.884375 0.5921875 0.8890625 0.5953125 0.8953125 0.60625 0.89375 0.6140625 0.8796875 0.6140625 0.8765625 0.5984375 0.878125 0.59375 0.8828125 0.5921875
3 0.8328125 0.6234375 0.8421875 0.6359375 0.828125 0.6328125 0.8265625 0.6296875 0.828125 0.625 0.83125 0.6234375
3 0.5203125 0.5890625 0.51875 0.5796875 0.521875 0.5734375 0.5265625 0.5765625 0.5265625 0.584375 0.521875 0.5890625
3 0.815625 0.5890625 0.8265625 0.590625 0.83125 0.5984375 0.8296875 0.60625 0.8203125 0.609375 0.8140625 0.60625 0.815625 0.590625
3 0.753125 0.6203125 0.7640625 0.6171875 0.771875 0.6328125 0.7703125 0.6359375 0.75625 0.6328125 0.753125 0.6296875 0.753125 0.621875
3 0.765625 0.603125 0.7625 0.5953125 0.7640625 0.584375 0.771875 0.584375 0.775 0.5875 0.7703125 0.603125 0.76875 0.6046875 0.7671875 0.603125
3 0.917366898148148 0.6637905092592592 0.029918981481481487 0.031469907407407405
3 0.5171875 0.6140625 0.51875 0.621875 0.5125 0.6265625 0.50625 0.6265625 0.503125 0.6234375 0.5046875 0.6140625 0.5109375 0.609375 0.515625 0.6140625
3 0.9 0.5828125 0.903125 0.5890625 0.903125 0.603125 0.9 0.6046875 0.8953125 0.603125 0.8953125 0.59375 0.8984375 0.584375
3 0.14375 0.7421875 0.146875 0.7421875 0.153125 0.7515625 0.1546875 0.7625 0.1515625 0.76875 0.1375 0.775 0.1296875 0.7828125 0.125 0.784375 0.121875 0.7625 0.121875 0.759375 0.1375 0.7578125 0.1421875 0.7640625 0.1453125 0.7546875 0.14375 0.74375
3 0.5046875 0.575 0.509375 0.5796875 0.5078125 0.5875 0.503125 0.5875 0.5046875 0.5765625
5 0.459375 0.603125 0.46875 0.60625 0.475 0.6125 0.475 0.615625 0.478125 0.6171875 0.478125 0.6296875 0.46875 0.6296875 0.4546875 0.6390625 0.45 0.6390625 0.44375 0.6296875 0.4359375 0.628125 0.434375 0.6109375 0.4359375 0.6078125 0.4421875 0.6046875 0.4578125 0.603125
5 0.95625 0.571875 0.9765625 0.5765625 0.9796875 0.5828125 0.9796875 0.59375 0.9765625 0.596875 0.9671875 0.596875 0.9625 0.5859375 0.9546875 0.578125 0.9546875 0.5734375
5 0.5046875 0.5546875 0.5078125 0.553125 0.521875 0.5546875 0.525 0.5578125 0.525 0.565625 0.528125 0.571875 0.525 0.575 0.521875 0.5734375 0.5171875 0.578125 0.509375 0.578125 0.503125 0.5703125 0.5046875 0.55625
5 0.509375 0.5875 0.5203125 0.5984375 0.5203125 0.6125 0.5171875 0.6140625 0.509375 0.603125 0.5078125 0.6109375 0.5015625 0.61875 0.4890625 0.6203125 0.4828125 0.6140625 0.484375 0.5984375 0.4828125 0.59375 0.4859375 0.590625 0.49375 0.5890625 0.5078125 0.5890625
2 0.834375 0.634375 0.8421875 0.6375 0.8453125 0.6421875 0.846875 0.640625 0.859375 0.6515625 0.86875 0.6640625 0.8703125 0.671875 0.8734375 0.675 0.8703125 0.6859375 0.8515625 0.684375 0.846875 0.6875 0.8421875 0.6859375 0.840625 0.6796875 0.8359375 0.675 0.8265625 0.6703125 0.821875 0.6703125 0.8171875 0.6734375 0.8125 0.6703125 0.8109375 0.6640625 0.8125 0.65625 0.809375 0.653125 0.8125 0.6390625 0.8234375 0.6328125 0.8328125 0.634375
2 0.409375 0.546875 0.4140625 0.5484375 0.415625 0.559375 0.409375 0.5609375 0.4078125 0.5484375
2 0.484375 0.5515625 0.4890625 0.55625 0.4890625 0.565625 0.484375 0.5671875 0.4796875 0.565625 0.4796875 0.55625 0.4828125 0.553125
2 0.4234375 0.5953125 0.428125 0.584375 0.4359375 0.584375 0.440625 0.596875 0.4375 0.603125 0.4296875 0.6046875 0.425 0.6015625 0.425 0.596875
2 0.5546875 0.575 0.5671875 0.5828125 0.56875 0.5859375 0.5671875 0.59375 0.559375 0.59375 0.5546875 0.5890625 0.5453125 0.5875 0.5421875 0.584375 0.5453125 0.578125 0.553125 0.575
2 0.4671875 0.5953125 0.48125 0.6046875 0.4796875 0.615625 0.4671875 0.603125 0.4609375 0.6015625 0.446875 0.603125 0.4453125 0.6015625 0.4484375 0.596875 0.465625 0.5953125
2 0.278125 0.653125 0.278125 0.6484375 0.271875 0.6390625 0.2578125 0.6375 0.265625 0.6265625 0.275 0.6234375 0.2828125 0.6234375 0.284375 0.646875 0.2828125 0.6515625 0.2796875 0.653125
2 0.4546875 0.5640625 0.459375 0.5734375 0.45625 0.5796875 0.45 0.578125 0.446875 0.5734375 0.446875 0.565625 0.453125 0.5640625
2 0.9625 0.6734375 0.984375 0.6796875 0.9984375 0.690625 0.9984375 0.7359375 0.9890625 0.7359375 0.9796875 0.7265625 0.96875 0.7203125 0.9609375 0.71875 0.946875 0.7109375 0.934375 0.709375 0.9328125 0.703125 0.925 0.69375 0.928125 0.678125 0.9328125 0.678125 0.9421875 0.6734375 0.9578125 0.675 0.9609375 0.6734375
2 0.7046875 0.5984375 0.7171875 0.6 0.7375 0.6171875 0.7390625 0.628125 0.7328125 0.6328125 0.728125 0.6328125 0.7140625 0.6265625 0.6984375 0.625 0.69375 0.6203125 0.690625 0.6109375 0.6921875 0.603125 0.6953125 0.5984375 0.703125 0.5984375
2 0.5484375 0.5890625 0.55 0.590625 0.553125 0.5890625 0.5625 0.5953125 0.5640625 0.603125 0.5609375 0.6078125 0.5515625 0.603125 0.546875 0.6140625 0.5375 0.6125 0.534375 0.60625 0.5359375 0.5921875 0.546875 0.5890625
2 0.9990248842592593 0.6011863425925925 0.0019502314814815237 0.026712962962962994
2 0.6453125 0.5921875 0.653125 0.5953125 0.6515625 0.6078125 0.65 0.609375 0.64375 0.6078125 0.64375 0.59375
2 0.2453125 0.6375 0.240625 0.64375 0.2265625 0.646875 0.2140625 0.6546875 0.2125 0.653125 0.2140625 0.6484375 0.2265625 0.640625 0.24375 0.6375
2 0.6828125 0.5859375 0.6921875 0.5953125 0.6921875 0.6015625 0.6875 0.6125 0.678125 0.6078125 0.665625 0.6078125 0.6609375 0.6015625 0.659375 0.5890625 0.6625 0.584375 0.6703125 0.58125 0.678125 0.5828125 0.68125 0.5859375
2 0.6453125 0.5921875 0.653125 0.5953125 0.653125 0.60625 0.65 0.609375 0.6453125 0.609375 0.64375 0.59375
0 0.4078125 0.565625 0.4140625 0.56875 0.415625 0.575 0.415625 0.58125 0.4125 0.5875 0.4046875 0.584375 0.403125 0.5671875 0.40625 0.565625
0 0.3765625 0.9421875 0.3875 0.95 0.3921875 0.946875 0.39375 0.95 0.3921875 0.9546875 0.3984375 0.959375 0.4078125 0.9734375 0.4203125 0.9984375 0.328125 0.9984375 0.3328125 0.9765625 0.34375 0.9625 0.3671875 0.94375 0.375 0.9421875
0 0.403125 0.5859375 0.4078125 0.6015625 0.403125 0.6109375 0.39375 0.6171875 0.3828125 0.615625 0.38125 0.59375 0.396875 0.5859375 0.4015625 0.5859375
0 0.5765625 0.5625 0.578125 0.5796875 0.575 0.5828125 0.5703125 0.5828125 0.5640625 0.5671875 0.565625 0.5625 0.571875 0.5640625 0.575 0.5625