0 0.49375 0.5828125 0.4984375 0.5859375 0.496875 0.5875 0.496875 0.603125 0.4921875 0.609375 0.4859375 0.6109375 0.4796875 0.6109375 0.475 0.60625 0.459375 0.60625 0.45625 0.603125 0.4578125 0.590625 0.4625 0.5828125 0.4921875 0.5828125
3 0.2890625 0.9484375 0.303125 0.9609375 0.3078125 0.9625 0.3140625 0.9796875 0.3125 0.9984375 0.2890625 0.9984375 0.28125 0.9953125 0.2890625 0.98125 0.2859375 0.975 0.2875 0.9703125 0.2921875 0.9703125 0.2984375 0.965625 0.296875 0.9609375 0.2953125 0.9625 0.2890625 0.9609375 0.2875 0.9578125 0.2890625 0.95
3 0.203125 0.6171875 0.203125 0.60625 0.215625 0.5953125 0.2203125 0.5953125 0.2265625 0.603125 0.2265625 0.6125 0.2234375 0.615625 0.2046875 0.6171875
3 0.659375 0.6796875 0.6609375 0.68125 0.6609375 0.7 0.6578125 0.7015625 0.6546875 0.7015625 0.653125 0.6984375 0.653125 0.6796875 0.6546875 0.678125 0.6578125 0.6796875
3 0.5609375 0.5875 0.5640625 0.5890625 0.5625 0.6015625 0.559375 0.5984375 0.5609375 0.5890625
3 0.115625 0.6078125 0.1203125 0.6171875 0.11875 0.6234375 0.1171875 0.625 0.1125 0.6234375 0.1140625 0.609375
3 0.5859375 0.5859375 0.5890625 0.5875 0.590625 0.5921875 0.590625 0.5984375 0.5875 0.6015625 0.584375 0.5984375 0.5859375 0.5875
3 0.2 0.6046875 0.2015625 0.61875 0.1984375 0.621875 0.1890625 0.6234375 0.184375 0.621875 0.184375 0.6109375 0.1890625 0.60625 0.19375 0.6078125 0.1984375 0.6046875
3 0.2453125 0.5921875 0.25 0.5984375 0.25 0.603125 0.2484375 0.60625 0.2421875 0.6078125 0.23125 0.60625 0.23125 0.6 0.2359375 0.5953125 0.24375 0.5921875
3 0.4875 0.875 0.4875 0.8875 0.490625 0.8890625 0.490625 0.896875 0.4828125 0.9140625 0.48125 0.9265625 0.478125 0.9296875 0.4734375 0.9109375 0.4734375 0.89375 0.4765625 0.8765625 0.4859375 0.875
3 0.609375 0.7890625 0.6140625 0.7921875 0.6171875 0.8015625 0.6171875 0.8265625 0.6140625 0.834375 0.609375 0.8390625 0.60625 0.8390625 0.5953125 0.8515625 0.5921875 0.8453125 0.5921875 0.815625 0.5875 0.8078125 0.5890625 0.79375 0.5953125 0.79375 0.5984375 0.8046875 0.609375 0.815625 0.6125 0.8046875 0.609375 0.790625
4 0.6171875 0.63125 0.6265625 0.6375 0.6296875 0.65625 0.6296875 0.6796875 0.6265625 0.6828125 0.6046875 0.671875 0.6078125 0.653125 0.6078125 0.634375 0.6109375 0.63125 0.615625 0.63125
4 0.6140625 0.678125 0.6234375 0.684375 0.6234375 0.7171875 0.6203125 0.7234375 0.615625 0.7265625 0.6125 0.7328125 0.6125 0.740625 0.609375 0.7453125 0.60625 0.740625 0.6 0.7390625 0.596875 0.740625 0.5796875 0.7390625 0.575 0.73125 0.5734375 0.7125 0.578125 0.703125 0.584375 0.696875 0.5859375 0.684375 0.5921875 0.6765625 0.603125 0.675 0.6125 0.678125
5 0.303125 0.6046875 0.2984375 0.596875 0.2875 0.5953125 0.2828125 0.596875 0.2765625 0.603125 0.265625 0.60625 0.2734375 0.590625 0.290625 0.5859375 0.30625 0.5875 0.309375 0.6 0.3046875 0.6046875
5 0.4859375 0.55625 0.4875 0.5609375 0.484375 0.5734375 0.4765625 0.5671875 0.4703125 0.5703125 0.4640625 0.56875 0.4671875 0.559375 0.4734375 0.55625 0.484375 0.55625
2 0.9078125 0.65625 0.9328125 0.65625 0.9421875 0.6578125 0.9453125 0.6609375 0.9453125 0.678125 0.940625 0.678125 0.928125 0.671875 0.9078125 0.6671875 0.90625 0.665625 0.9078125 0.6578125
2 0.215625 0.6296875 0.228125 0.61875 0.23125 0.6125 0.25625 0.6046875 0.2640625 0.6078125 0.2625 0.61875 0.246875 0.6234375 0.2265625 0.6421875 0.225 0.6484375 0.2203125 0.6515625 0.215625 0.6484375 0.2125 0.640625 0.215625 0.63125
2 0.775 0.615625 0.796875 0.625 0.7984375 0.6296875 0.7671875 0.6203125 0.765625 0.6171875 0.7734375 0.615625
2 0.6015625 0.6 0.6109375 0.603125 0.615625 0.609375 0.615625 0.6265625 0.6125 0.6296875 0.6046875 0.628125 0.6015625 0.6171875 0.596875 0.6125 0.5859375 0.609375 0.5859375 0.60625 0.590625 0.6015625 0.6 0.6
2 0.5015625 0.559375 0.5046875 0.5625 0.50625 0.5703125 0.5015625 0.575 0.49375 0.5765625 0.4875 0.575 0.4875 0.565625 0.4921875 0.559375 0.5 0.559375
2 0.7015625 0.675 0.709375 0.678125 0.7140625 0.6859375 0.71875 0.70625 0.71875 0.7265625 0.7171875 0.728125 0.7109375 0.725 0.696875 0.7234375 0.6921875 0.725 0.6875 0.7203125 0.684375 0.7015625 0.684375 0.68125 0.6890625 0.675 0.7 0.675
2 0.7421875 0.60625 0.7546875 0.615625 0.7484375 0.6203125 0.7453125 0.61875 0.7390625 0.6203125 0.734375 0.625 0.73125 0.6328125 0.7265625 0.628125 0.728125 0.6125 0.7265625 0.60625 0.728125 0.6046875 0.740625 0.60625
2 0.046875 0.696875 0.0609375 0.6984375 0.065625 0.703125 0.065625 0.7109375 0.0609375 0.7171875 0.0578125 0.728125 0.053125 0.7328125 0.04375 0.7328125 0.0265625 0.740625 0.021875 0.7453125 0.0140625 0.7484375 0.00625 0.759375 0 0.7609375 0 0.709375 0.03125 0.6984375 0.0453125 0.6984375
2 0.0421875 0.6828125 0.0453125 0.6859375 0.046875 0.6921875 0.0453125 0.6953125 0.0328125 0.696875 0.0015625 0.7078125 0 0.7078125 0 0.6890625 0.0203125 0.68125 0.028125 0.684375 0.040625 0.684375
2 0.584375 0.6109375 0.59375 0.6125 0.5984375 0.615625 0.6046875 0.6296875 0.6 0.64375 0.590625 0.646875 0.5875 0.646875 0.5796875 0.6390625 0.571875 0.6375 0.5640625 0.6390625 0.5625 0.6375 0.5640625 0.6203125 0.5828125 0.6109375
2 0.6828125 0.634375 0.703125 0.640625 0.70625 0.64375 0.709375 0.65625 0.709375 0.6671875 0.70625 0.671875 0.6890625 0.6734375 0.6828125 0.678125 0.678125 0.671875 0.6640625 0.6671875 0.65625 0.6671875 0.6515625 0.659375 0.6515625 0.64375 0.6546875 0.640625 0.6625 0.6390625 0.6703125 0.634375 0.68125 0.634375
2 0.3203125 0.596875 0.321875 0.5984375 0.3421875 0.596875 0.3453125 0.60625 0.3453125 0.615625 0.3421875 0.621875 0.328125 0.6234375 0.3140625 0.63125 0.3046875 0.628125 0.3015625 0.6203125 0.303125 0.6140625 0.309375 0.6046875 0.315625 0.5984375 0.31875 0.5984375
2 0.346875 0.584375 0.35 0.5890625 0.35 0.6046875 0.3484375 0.60625 0.3453125 0.60625 0.3453125 0.6015625 0.3421875 0.596875 0.3171875 0.5953125 0.33125 0.584375 0.3390625 0.5828125 0.3453125 0.584375
2 0.15625 0.6640625 0.1609375 0.66875 0.165625 0.6859375 0.1578125 0.7109375 0.1546875 0.7140625 0.146875 0.7125 0.1359375 0.71875 0.1265625 0.7265625 0.1203125 0.7390625 0.115625 0.7390625 0.1125 0.7359375 0.0828125 0.7390625 0.078125 0.73125 0.078125 0.7234375 0.08125 0.715625 0.0859375 0.7078125 0.096875 0.7 0.1015625 0.690625 0.1203125 0.675 0.1296875 0.66875 0.1390625 0.6671875 0.14375 0.6640625 0.1546875 0.6640625
2 0.5546875 0.734375 0.59375 0.7484375 0.6 0.7546875 0.6015625 0.7671875 0.5921875 0.7765625 0.5890625 0.7921875 0.584375 0.7984375 0.5734375 0.8046875 0.5625 0.815625 0.559375 0.825 0.553125 0.8296875 0.55 0.8265625 0.5375 0.825 0.528125 0.81875 0.515625 0.80625 0.5140625 0.8015625 0.5140625 0.78125 0.515625 0.7796875 0.5140625 0.7765625 0.5234375 0.7515625 0.54375 0.7375 0.553125 0.734375
2 0.54375 0.6078125 0.5453125 0.6234375 0.5421875 0.628125 0.534375 0.6296875 0.5140625 0.6234375 0.5125 0.6125 0.515625 0.6078125 0.5265625 0.603125 0.534375 0.603125 0.5421875 0.6078125
2 0.08125 0.5859375 0.084375 0.5890625 0.075 0.6 0.0703125 0.6015625 0.065625 0.5984375 0.065625 0.5921875 0.071875 0.5859375 0.0796875 0.5859375
2 0.365625 0.6 0.36875 0.603125 0.36875 0.6171875 0.3671875 0.6203125 0.359375 0.6203125 0.3578125 0.615625 0.359375 0.6078125 0.365625 0.6015625
2 0.353125 0.5953125 0.3625 0.5875 0.3671875 0.5875 0.36875 0.5921875 0.3671875 0.603125 0.3625 0.6046875 0.3578125 0.6125 0.353125 0.6125 0.35 0.6078125 0.353125 0.596875
2 0.4484375 0.56875 0.4515625 0.571875 0.4515625 0.58125 0.4421875 0.5859375 0.434375 0.5859375 0.43125 0.578125 0.4390625 0.5703125 0.446875 0.56875
2 0.44453125 0.6015625 0.0265625 0.025
2 0.265625 0.61875 0.2765625 0.621875 0.2796875 0.625 0.28125 0.6296875 0.2796875 0.6421875 0.275 0.646875 0.2578125 0.65 0.2453125 0.659375 0.23125 0.6578125 0.2265625 0.6546875 0.2265625 0.64375 0.2296875 0.6390625 0.2390625 0.6328125 0.2453125 0.625 0.2515625 0.621875 0.2640625 0.6203125
2 0.1546875 0.64375 0.1609375 0.6515625 0.1625 0.659375 0.1609375 0.665625 0.1578125 0.6625 0.14375 0.6625 0.134375 0.665625 0.121875 0.671875 0.103125 0.6875 0.1015625 0.6875 0.103125 0.6734375 0.1234375 0.6515625 0.1421875 0.64375 0.153125 0.64375
2 0.28359375 0.609375 0.03828125 0.028125
2 0 0.6265625 0.0046875 0.628125 0.009375 0.634375 0.0078125 0.64375 0 0.65 0 0.628125
2 0.93125 0.9703125 0.940625 0.984375 0.94375 0.9984375 0.865625 0.9984375 0.88125 0.9828125 0.89375 0.975 0.9109375 0.96875 0.928125 0.96875 0.9296875 0.9703125
2 0.4625 0.5703125 0.4734375 0.565625 0.478125 0.565625 0.48125 0.56875 0.48125 0.58125 0.4609375 0.58125 0.459375 0.578125 0.4625 0.571875
2 0.04765625 0.60859375 0.0234375 0.02578125