2 0.6661516203703703 0.6622164351851852 0.07849537037037031 0.050578703703703806
2 0.6578645833333333 0.7263368055555557 0.045798611111111144 0.06596064814814824
2 0.7905902777777778 0.7370717592592593 0.05998842592592588 0.0832523148148148
2 0.11892361111111112 0.6084606481481482 0.0455324074074074 0.030023148148148236
2 0.77078125 0.6692534722222222 0.08474537037037048 0.05062500000000014
2 0.4737094907407407 0.5925520833333333 0.03924768518518533 0.025289351851851903
5 0.5346064814814815 0.5975694444444445 0.0471643518518519 0.039409722222222145
5 0.5864641203703703 0.768269675925926 0.10093750000000004 0.12730324074074062
2 0.4684664351851852 0.5621238425925925 0.029872685185185332 0.025219907407407406
2 0.5232581018518518 0.54765625 0.018900462962962904 0.02045138888888882
2 0.07065393518518519 0.5861631944444444 0.03142361111111112 0.02366898148148149
5 0.5851446759259259 0.630005787037037 0.050393518518518476 0.05349537037037031
5 0.21968171296296296 0.6108391203703704 0.07387731481481481 0.05991898148148138
2 0.557494212962963 0.5661516203703704 0.017337962962962906 0.020439814814814737