3 0.4078125 0.5796875 0.4125 0.5828125 0.4109375 0.590625 0.40625 0.5921875 0.4078125 0.58125
3 0.86875 0.7140625 0.8703125 0.7203125 0.8703125 0.74375 0.86875 0.7453125 0.85625 0.7328125 0.8484375 0.728125 0.8484375 0.7203125 0.85 0.71875 0.8546875 0.7234375 0.8578125 0.7171875 0.8578125 0.7109375 0.8609375 0.7078125 0.8671875 0.7140625
3 0.453125 0.7328125 0.459375 0.734375 0.459375 0.740625 0.45625 0.7453125 0.45625 0.765625 0.453125 0.771875 0.4484375 0.76875 0.4390625 0.7546875 0.4390625 0.740625 0.440625 0.7421875 0.4484375 0.740625 0.453125 0.734375
3 0.4140625 0.60625 0.4171875 0.60625 0.41875 0.6109375 0.4171875 0.6234375 0.4140625 0.6234375 0.4125 0.621875 0.4140625 0.6078125
3 0.95 0.7109375 0.959375 0.715625 0.9671875 0.7140625 0.975 0.7203125 0.975 0.73125 0.9796875 0.74375 0.978125 0.7578125 0.9609375 0.746875 0.9609375 0.7296875 0.9578125 0.7234375 0.9515625 0.71875 0.95 0.7125
3 0.4227199074074074 0.5813078703703705 0.006504629629629566 0.017233796296296244
3 0.3109375 0.640625 0.315625 0.64375 0.3171875 0.6640625 0.3015625 0.671875 0.2984375 0.6546875 0.3 0.6453125 0.3015625 0.64375 0.3015625 0.646875 0.309375 0.6515625 0.3109375 0.6421875
3 0.890625 0.6171875 0.8921875 0.6359375 0.884375 0.634375 0.884375 0.6234375 0.8859375 0.61875 0.8890625 0.6171875
3 0.5875 0.934375 0.590625 0.940625 0.6 0.946875 0.596875 0.9640625 0.5890625 0.9609375 0.584375 0.9640625 0.5859375 0.9703125 0.596875 0.9859375 0.5984375 0.99375 0.575 0.99375 0.5734375 0.990625 0.578125 0.9484375 0.5875 0.9359375
5 0.5515625 0.5796875 0.559375 0.5828125 0.565625 0.5921875 0.565625 0.6 0.559375 0.6109375 0.5546875 0.6109375 0.55 0.60625 0.54375 0.60625 0.5390625 0.5953125 0.528125 0.590625 0.5296875 0.58125 0.55 0.5796875
2 0.2640625 0.5984375 0.265625 0.6 0.2640625 0.6015625 0.265625 0.615625 0.2640625 0.6234375 0.2609375 0.625 0.2546875 0.6140625 0.240625 0.6109375 0.240625 0.6078125 0.253125 0.5984375 0.259375 0.596875 0.2625 0.5984375
2 0.396875 0.5296875 0.4 0.534375 0.396875 0.5390625 0.3921875 0.5390625 0.3921875 0.53125 0.3953125 0.5296875
2 0.5265625 0.5640625 0.53125 0.5671875 0.5359375 0.575 0.53125 0.5796875 0.525 0.5796875 0.51875 0.571875 0.5140625 0.5703125 0.5171875 0.5640625 0.525 0.5640625
2 0.6359375 0.5890625 0.6421875 0.590625 0.6546875 0.6046875 0.6546875 0.6171875 0.65 0.6203125 0.6421875 0.6203125 0.6359375 0.6140625 0.63125 0.6140625 0.6296875 0.5984375 0.63125 0.590625 0.634375 0.5890625
2 0.5265625 0.590625 0.5390625 0.596875 0.54375 0.60625 0.54375 0.6109375 0.5390625 0.6171875 0.5234375 0.615625 0.51875 0.61875 0.515625 0.6171875 0.5109375 0.6078125 0.5125 0.59375 0.525 0.590625
2 0.5133449074074073 0.5806365740740741 0.025347222222222233 0.023622685185185243
2 0.9796875 0.7453125 0.984375 0.7421875 0.9984375 0.7421875 0.9984375 0.784375 0.9921875 0.7796875 0.990625 0.775 0.984375 0.76875 0.9796875 0.759375 0.9796875 0.746875
2 0.5 0.5625 0.5046875 0.565625 0.5 0.5828125 0.4921875 0.58125 0.4875 0.575 0.4890625 0.5640625 0.4984375 0.5625
2 0.059375 0.6453125 0.0609375 0.646875 0.078125 0.646875 0.0796875 0.65625 0.0640625 0.659375 0.0609375 0.6625 0.05625 0.6609375 0.04375 0.6671875 0.0390625 0.6671875 0.0390625 0.65 0.05 0.6453125 0.0578125 0.6453125
2 0.9109375 0.7390625 0.9125 0.740625 0.9296875 0.740625 0.934375 0.74375 0.94375 0.74375 0.959375 0.7484375 0.9703125 0.7546875 0.98125 0.765625 0.990625 0.78125 0.9984375 0.7859375 0.9984375 0.83125 0.9609375 0.815625 0.9515625 0.80625 0.928125 0.79375 0.90625 0.778125 0.9 0.7640625 0.9 0.7421875 0.909375 0.7390625
2 0.8359375 0.6265625 0.8453125 0.6375 0.8578125 0.6421875 0.859375 0.6484375 0.8578125 0.65 0.8328125 0.6484375 0.821875 0.653125 0.809375 0.6484375 0.8015625 0.640625 0.8 0.634375 0.8046875 0.625 0.8109375 0.6203125 0.821875 0.6203125 0.834375 0.6265625
2 0.596875 0.584375 0.6015625 0.5875 0.6 0.603125 0.5984375 0.603125 0.5953125 0.6 0.59375 0.590625 0.596875 0.5859375
2 0.790625 0.64375 0.8 0.6453125 0.8046875 0.65 0.8203125 0.6546875 0.825 0.66875 0.840625 0.68125 0.840625 0.696875 0.8359375 0.703125 0.8234375 0.7015625 0.8203125 0.6984375 0.8125 0.7 0.803125 0.6890625 0.7984375 0.6890625 0.790625 0.684375 0.7828125 0.684375 0.778125 0.6796875 0.7796875 0.6765625 0.7765625 0.6703125 0.7765625 0.6578125 0.7796875 0.653125 0.7796875 0.646875 0.784375 0.64375 0.7890625 0.64375
2 0.5515625 0.5703125 0.5609375 0.5734375 0.565625 0.578125 0.5671875 0.58125 0.565625 0.5828125 0.54375 0.578125 0.5421875 0.5765625 0.54375 0.5734375 0.55 0.5703125
2 0.7 0.6078125 0.7078125 0.6109375 0.7140625 0.61875 0.7203125 0.61875 0.7234375 0.621875 0.725 0.634375 0.721875 0.6375 0.7140625 0.634375 0.7140625 0.628125 0.709375 0.621875 0.6859375 0.6109375 0.6984375 0.6078125
2 0.9109375 0.6875 0.9296875 0.696875 0.9546875 0.721875 0.959375 0.7296875 0.959375 0.7453125 0.9328125 0.7390625 0.9203125 0.7390625 0.915625 0.7328125 0.9 0.7234375 0.8859375 0.7203125 0.875 0.7046875 0.878125 0.6921875 0.88125 0.6890625 0.8890625 0.6875 0.909375 0.6875
2 0.3909085648148148 0.7018692129629629 0.03996527777777774 0.06122685185185182
2 0.9984375 0.6796875 0.9984375 0.71875 0.99375 0.715625 0.9921875 0.70625 0.9921875 0.6953125 0.9984375 0.68125
2 0.68125 0.6140625 0.6859375 0.6109375 0.690625 0.6109375 0.70625 0.6203125 0.7109375 0.6203125 0.715625 0.6328125 0.7125 0.6375 0.709375 0.63125 0.696875 0.625 0.6953125 0.621875 0.6828125 0.6140625
2 0.921875 0.596875 0.93125 0.596875 0.9390625 0.6046875 0.9390625 0.609375 0.93125 0.6125 0.921875 0.603125 0.921875 0.5984375
2 0.8625 0.653125 0.86875 0.6609375 0.884375 0.671875 0.8875 0.678125 0.8859375 0.6828125 0.8765625 0.6921875 0.8625 0.690625 0.8484375 0.6796875 0.8421875 0.6796875 0.8328125 0.6734375 0.8234375 0.6609375 0.8234375 0.6546875 0.83125 0.65 0.840625 0.6484375 0.8609375 0.653125
2 0.9984375 0.6453125 0.9984375 0.6578125 0.9953125 0.653125 0.996875 0.646875
2 0.7671875 0.628125 0.775 0.63125 0.784375 0.6390625 0.784375 0.6421875 0.7765625 0.65 0.7765625 0.6578125 0.7703125 0.6578125 0.759375 0.653125 0.75625 0.6546875 0.7453125 0.6453125 0.7453125 0.6359375 0.75 0.63125 0.7578125 0.628125 0.765625 0.628125
2 0.221875 0.6078125 0.2265625 0.609375 0.225 0.6125 0.2203125 0.6125 0.2125 0.6171875 0.203125 0.6171875 0.1953125 0.621875 0.190625 0.621875 0.19375 0.615625 0.2015625 0.6140625 0.209375 0.609375 0.2203125 0.6078125
2 0.946875 0.609375 0.9578125 0.609375 0.9640625 0.6125 0.96875 0.61875 0.9703125 0.6265625 0.9703125 0.63125 0.9609375 0.634375 0.95625 0.628125 0.9515625 0.6265625 0.946875 0.6109375
2 0.6875 0.615625 0.6953125 0.6234375 0.7046875 0.628125 0.70625 0.6265625 0.7109375 0.628125 0.7125 0.640625 0.709375 0.64375 0.696875 0.64375 0.6828125 0.6359375 0.671875 0.6359375 0.6671875 0.6328125 0.665625 0.628125 0.6671875 0.6171875 0.671875 0.6171875 0.6765625 0.6140625 0.6859375 0.615625