0 0.70625 0.584375 0.73125 0.5890625 0.7453125 0.5890625 0.753125 0.59375 0.75625 0.6 0.765625 0.609375 0.7671875 0.621875 0.765625 0.6265625 0.759375 0.628125 0.75 0.6234375 0.740625 0.6234375 0.728125 0.61875 0.7140625 0.6203125 0.709375 0.615625 0.7046875 0.6171875 0.7 0.6046875 0.7 0.5859375 0.7046875 0.5859375
0 0.6546875 0.584375 0.6671875 0.5859375 0.6734375 0.5890625 0.6796875 0.5875 0.6828125 0.5890625 0.690625 0.596875 0.690625 0.6015625 0.69375 0.6046875 0.690625 0.6171875 0.6796875 0.61875 0.65 0.615625 0.6453125 0.60625 0.646875 0.590625 0.6453125 0.5875 0.653125 0.5859375
0 0.3609375 0.709375 0.375 0.74375 0.3765625 0.778125 0.3796875 0.7859375 0.3796875 0.796875 0.371875 0.803125 0.371875 0.8078125 0.36875 0.8109375 0.35625 0.815625 0.35 0.8140625 0.3484375 0.809375 0.34375 0.809375 0.340625 0.8125 0.3375 0.8109375 0.33125 0.7953125 0.3296875 0.759375 0.334375 0.753125 0.334375 0.7453125 0.33125 0.7421875 0.328125 0.721875 0.3359375 0.7125 0.3421875 0.709375 0.353125 0.7078125 0.359375 0.709375
3 0.2734375 0.6921875 0.2796875 0.703125 0.2796875 0.7125 0.278125 0.715625 0.26875 0.7171875 0.2625 0.7234375 0.25625 0.7234375 0.25625 0.7140625 0.253125 0.709375 0.2546875 0.7015625 0.259375 0.6984375 0.2625 0.7015625 0.271875 0.6921875
3 0.4421875 0.5796875 0.4453125 0.5796875 0.446875 0.584375 0.446875 0.5984375 0.4453125 0.5984375 0.4421875 0.5953125 0.4421875 0.58125
3 0.2390625 0.740625 0.2421875 0.7484375 0.2421875 0.7578125 0.2359375 0.765625 0.234375 0.75 0.23125 0.7421875 0.2375 0.740625
3 0.321875 0.65 0.3265625 0.6546875 0.3265625 0.66875 0.321875 0.66875 0.31875 0.6640625 0.3203125 0.6515625
3 0.815625 0.584375 0.83125 0.5953125 0.8296875 0.6046875 0.81875 0.6015625 0.815625 0.5984375 0.815625 0.5859375
3 0.8515625 0.6265625 0.8578125 0.640625 0.85625 0.65 0.853125 0.646875 0.8390625 0.64375 0.834375 0.6359375 0.8375 0.6265625 0.846875 0.625 0.85 0.6265625
3 0.396875 0.6609375 0.4015625 0.6625 0.403125 0.6703125 0.4015625 0.6765625 0.3984375 0.6765625 0.396875 0.6625
3 0.7890625 0.6078125 0.7921875 0.6078125 0.79375 0.6125 0.8 0.6109375 0.8078125 0.6203125 0.8078125 0.63125 0.7953125 0.6296875 0.7890625 0.615625 0.7890625 0.609375
3 0.196875 0.734375 0.2046875 0.74375 0.20625 0.7546875 0.203125 0.759375 0.1875 0.765625 0.178125 0.7734375 0.1734375 0.7671875 0.175 0.75625 0.1671875 0.75 0.1671875 0.746875 0.1765625 0.740625 0.1796875 0.7421875 0.18125 0.75 0.190625 0.7515625 0.19375 0.7546875 0.196875 0.75 0.1921875 0.7359375 0.1953125 0.734375
3 0.552824074074074 0.5962500000000001 0.01107638888888891 0.018831018518518493
3 0.8203125 0.6015625 0.8328125 0.6109375 0.834375 0.6140625 0.8328125 0.6265625 0.8203125 0.625 0.8171875 0.61875 0.8171875 0.6125 0.8140625 0.609375 0.8140625 0.6046875 0.81875 0.6015625
3 0.890625 0.590625 0.903125 0.590625 0.9046875 0.5984375 0.903125 0.60625 0.8953125 0.60625 0.8921875 0.6015625 0.890625 0.5921875
4 0.415625 0.5828125 0.4390625 0.5765625 0.4421875 0.5796875 0.440625 0.5953125 0.44375 0.5984375 0.4421875 0.609375 0.44375 0.615625 0.4359375 0.6203125 0.4234375 0.609375 0.4203125 0.6109375 0.4171875 0.609375 0.415625 0.584375
4 0.5640625 0.5671875 0.5703125 0.56875 0.5703125 0.571875 0.5765625 0.575 0.5796875 0.5796875 0.5796875 0.5875 0.5625 0.5859375 0.553125 0.590625 0.5515625 0.5890625 0.5484375 0.5921875 0.5453125 0.584375 0.546875 0.5765625 0.5453125 0.56875 0.546875 0.5671875 0.553125 0.56875 0.5625 0.5671875
5 0.5859375 0.8859375 0.6015625 0.8984375 0.60625 0.90625 0.6171875 0.9046875 0.7109375 0.9875 0.6015625 0.9984375 0.5375 0.9984375 0.534375 0.959375 0.5296875 0.95625 0.525 0.95625 0.5171875 0.95 0.5171875 0.934375 0.51875 0.9328125 0.5203125 0.9421875 0.528125 0.9515625 0.53125 0.9515625 0.534375 0.9484375 0.5375 0.9375 0.5359375 0.9328125 0.54375 0.9171875 0.5453125 0.909375 0.5625 0.8921875 0.578125 0.884375 0.584375 0.8859375
5 0.4234375 0.6109375 0.4296875 0.6171875 0.43125 0.634375 0.4265625 0.64375 0.4265625 0.6484375 0.4140625 0.6515625 0.4109375 0.6515625 0.4078125 0.646875 0.40625 0.6203125 0.4109375 0.6140625 0.421875 0.6109375
2 0.4118981481481482 0.5545833333333333 0.011041666666666661 0.014143518518518583
2 0.446875 0.5421875 0.4484375 0.5453125 0.446875 0.5515625 0.440625 0.55 0.4421875 0.54375 0.4453125 0.5421875
2 0.5265625 0.571875 0.534375 0.58125 0.5359375 0.5953125 0.5296875 0.596875 0.521875 0.5953125 0.51875 0.5921875 0.5171875 0.578125 0.51875 0.5734375 0.525 0.5734375
2 0.5703125 0.5875 0.578125 0.5890625 0.58125 0.5921875 0.58125 0.609375 0.5828125 0.6109375 0.58125 0.6140625 0.5640625 0.6140625 0.55625 0.6046875 0.55625 0.590625 0.5625 0.5859375 0.56875 0.5875
2 0.5265625 0.565625 0.5296875 0.56875 0.5296875 0.5765625 0.525 0.571875 0.521875 0.571875 0.5171875 0.5796875 0.5109375 0.5765625 0.5125 0.5671875 0.515625 0.5640625 0.525 0.565625
2 0.5401331018518519 0.5703761574074073 0.014212962962962993 0.02041666666666666
2 0.5015625 0.565625 0.5078125 0.5734375 0.50625 0.5828125 0.5 0.5828125 0.4953125 0.575 0.4953125 0.5703125 0.5 0.565625
2 0.9578125 0.56875 0.975 0.56875 0.98125 0.578125 0.98125 0.5875 0.971875 0.590625 0.9578125 0.5765625 0.9578125 0.5703125
2 0.93125 0.5625 0.940625 0.5703125 0.9359375 0.578125 0.928125 0.575 0.925 0.58125 0.9203125 0.5703125 0.9203125 0.5640625 0.9296875 0.5625
2 0.4484375 0.54375 0.4546875 0.54375 0.459375 0.5484375 0.4578125 0.553125 0.4546875 0.5515625 0.45 0.553125 0.4484375 0.5453125
2 0.9671875 0.634375 0.9828125 0.6375 0.9984375 0.6453125 0.9984375 0.696875 0.996875 0.6984375 0.98125 0.6828125 0.9734375 0.68125 0.965625 0.6765625 0.9515625 0.678125 0.9375 0.6640625 0.9359375 0.6453125 0.940625 0.6328125 0.95625 0.63125 0.965625 0.634375
2 0.10625 0.69375 0.1109375 0.7015625 0.109375 0.70625 0.10625 0.7046875 0.0796875 0.71875 0.0703125 0.7171875 0.0703125 0.703125 0.0859375 0.6953125 0.1046875 0.69375
2 0.9390625 0.5546875 0.9484375 0.5609375 0.95 0.5671875 0.9375 0.5703125 0.9296875 0.5609375 0.9328125 0.55625 0.9375 0.55625
2 0.646875 0.575 0.6546875 0.5765625 0.6625 0.584375 0.6453125 0.5875 0.64375 0.584375 0.64375 0.5765625 0.6453125 0.5765625
2 0.915625 0.565625 0.93125 0.5734375 0.934375 0.5765625 0.934375 0.58125 0.9296875 0.584375 0.91875 0.5828125 0.915625 0.5859375 0.903125 0.5875 0.89375 0.5828125 0.8921875 0.575 0.896875 0.56875 0.903125 0.565625 0.9140625 0.565625
2 0.23214699074074074 0.6501215277777778 0.03607638888888891 0.019016203703703737
2 0.3375 0.6734375 0.353125 0.678125 0.353125 0.6921875 0.3484375 0.7 0.340625 0.7 0.3328125 0.70625 0.325 0.7078125 0.31875 0.715625 0.2953125 0.7125 0.290625 0.7078125 0.2921875 0.69375 0.3125 0.6734375 0.3171875 0.671875 0.3359375 0.6734375