2 0.44921875 0.88359375 0.12421875 0.1578125
2 0.56796875 0.75703125 0.06640625 0.07578125
2 0.60625 0.69140625 0.03203125 0.053125
2 0.58515625 0.89375 0.096875 0.1453125
2 0.5765625 0.628125 0.0234375 0.03359375
5 0.63828125 0.63984375 0.06953125 0.05546875
2 0.44765625 0.5921875 0.0296875 0.02890625
2 0.07890625 0.59921875 0.03203125 0.0234375
2 0.27421875 0.60703125 0.046875 0.03203125
2 0.659375 0.68515625 0.03046875 0.0390625
2 0.45546875 0.58359375 0.04609375 0.03828125
1 0.03515625 0.6828125 0.0703125 0.09140625
4 0.54375 0.60859375 0.0421875 0.02890625
2 0.84921875 0.7296875 0.10625 0.06171875
3 0.1859375 0.65546875 0.0234375 0.0375