0 0 0.59375 0.0015625 0.59375 0 0.609375 0 0.5953125
0 0.6484375 0.6953125 0.6734375 0.6984375 0.6796875 0.703125 0.68125 0.7078125 0.6796875 0.7125 0.68125 0.71875 0.6796875 0.7234375 0.6765625 0.725 0.678125 0.728125 0.6765625 0.7453125 0.6796875 0.753125 0.675 0.7609375 0.671875 0.7953125 0.6703125 0.796875 0.665625 0.7953125 0.6578125 0.8015625 0.6484375 0.7953125 0.6390625 0.79375 0.6375 0.784375 0.63125 0.7765625 0.63125 0.76875 0.634375 0.7640625 0.6359375 0.7515625 0.6375 0.7234375 0.6484375 0.696875
4 0.5625 0.54375 0.5640625 0.5515625 0.5609375 0.55625 0.5609375 0.5609375 0.5546875 0.565625 0.5484375 0.5640625 0.546875 0.5546875 0.5546875 0.54375 0.5578125 0.5421875 0.5609375 0.54375
3 0.6453125 0.640625 0.6484375 0.646875 0.646875 0.66875 0.64375 0.6703125 0.6390625 0.6640625 0.640625 0.65 0.64375 0.6421875
3 0.2046875 0.565625 0.209375 0.571875 0.209375 0.578125 0.2078125 0.584375 0.203125 0.5875 0.1984375 0.584375 0.1890625 0.5859375 0.184375 0.584375 0.1828125 0.58125 0.1859375 0.5734375 0.1984375 0.565625 0.203125 0.565625
3 0.61875 0.69375 0.6203125 0.6921875 0.61875 0.678125 0.621875 0.6734375 0.628125 0.671875 0.6296875 0.6765625 0.6265625 0.690625 0.6203125 0.6953125
3 0.5671875 0.9734375 0.565625 0.971875 0.565625 0.953125 0.56875 0.95 0.571875 0.9359375 0.575 0.934375 0.575 0.94375 0.571875 0.9453125 0.571875 0.959375 0.56875 0.9625 0.56875 0.971875
3 0.5953935185185185 0.6183854166666667 0.012916666666666642 0.028310185185185154
3 0.1734375 0.5671875 0.184375 0.56875 0.1796875 0.5890625 0.1640625 0.5875 0.1625 0.5828125 0.1640625 0.571875 0.171875 0.5671875
3 0.115625 0.5703125 0.1171875 0.5796875 0.1140625 0.5859375 0.1140625 0.5921875 0.1015625 0.590625 0.1015625 0.584375 0.109375 0.571875 0.1140625 0.5703125
3 0.0984375 0.56875 0.1015625 0.5765625 0.1 0.5828125 0.0953125 0.5859375 0.090625 0.584375 0.0953125 0.5703125 0.096875 0.5703125
3 0.5515625 0.5859375 0.553125 0.5765625 0.55625 0.575 0.5578125 0.5859375 0.5546875 0.5890625 0.553125 0.5875
3 0.5359375 0.5734375 0.5390625 0.575 0.5390625 0.584375 0.5359375 0.590625 0.534375 0.590625 0.5359375 0.575
3 0.2328125 0.5671875 0.2328125 0.578125 0.228125 0.5859375 0.221875 0.5859375 0.215625 0.5828125 0.2125 0.5765625 0.2203125 0.5671875 0.23125 0.5671875
3 0.5483969907407408 0.5745601851851851 0.006504629629629566 0.017280092592592666
5 0.0265625 0.553125 0.040625 0.5546875 0.0390625 0.5671875 0.0265625 0.575 0.01875 0.575 0.015625 0.5703125 0.015625 0.565625 0.021875 0.5546875 0.025 0.5546875
5 0.1953125 0.6 0.19375 0.63125 0.1890625 0.6328125 0.1828125 0.640625 0.1703125 0.6421875 0.1671875 0.640625 0.15625 0.646875 0.146875 0.6484375 0.140625 0.65625 0.125 0.65625 0.121875 0.653125 0.1125 0.6546875 0.1109375 0.64375 0.115625 0.6296875 0.1296875 0.615625 0.1328125 0.615625 0.1390625 0.6078125 0.14375 0.6078125 0.153125 0.6015625 0.159375 0.603125 0.1703125 0.5984375 0.19375 0.6
2 0.7484375 0.6359375 0.7609375 0.6375 0.7796875 0.6484375 0.78125 0.6515625 0.7765625 0.653125 0.765625 0.646875 0.7578125 0.6453125 0.746875 0.6390625 0.7484375 0.6375
2 0.5796875 0.675 0.590625 0.6859375 0.5890625 0.7046875 0.58125 0.7234375 0.571875 0.7203125 0.5703125 0.721875 0.5578125 0.7203125 0.559375 0.6953125 0.5640625 0.6875 0.5640625 0.6828125 0.5703125 0.675 0.578125 0.675
2 0.709375 0.621875 0.7125 0.6203125 0.7234375 0.621875 0.7328125 0.63125 0.73125 0.634375 0.7234375 0.63125 0.715625 0.6390625 0.7125 0.646875 0.709375 0.646875 0.7078125 0.64375 0.7078125 0.6359375 0.7109375 0.6296875 0.709375 0.6234375
2 0.603125 0.6296875 0.6140625 0.63125 0.6203125 0.6359375 0.6265625 0.65625 0.61875 0.6671875 0.6140625 0.6640625 0.6046875 0.665625 0.596875 0.65 0.5984375 0.6375 0.603125 0.63125
2 0.9 0.6890625 0.909375 0.690625 0.921875 0.696875 0.9234375 0.7 0.921875 0.7140625 0.9125 0.7125 0.8828125 0.696875 0.8875 0.6890625 0.8984375 0.6890625
2 0.5832870370370371 0.5920081018518518 0.02385416666666664 0.028472222222222232
2 0.071875 0.546875 0.0796875 0.5515625 0.075 0.5640625 0.0625 0.5640625 0.0578125 0.5609375 0.0578125 0.553125 0.0703125 0.546875
2 0.61875 0.6109375 0.6265625 0.6140625 0.6328125 0.6234375 0.63125 0.6375 0.625 0.6390625 0.6140625 0.6296875 0.6015625 0.628125 0.603125 0.6140625 0.6171875 0.6109375
2 0.1 0.5484375 0.1046875 0.553125 0.103125 0.5640625 0.09375 0.5703125 0.0875 0.56875 0.0875 0.5578125 0.09375 0.55 0.0984375 0.5484375
2 0.309375 0.5875 0.315625 0.590625 0.3140625 0.60625 0.3078125 0.609375 0.3 0.6078125 0.2875 0.6125 0.275 0.6109375 0.2734375 0.6046875 0.2765625 0.5984375 0.2921875 0.5859375 0.30625 0.584375 0.3078125 0.5875
2 0.5671875 0.6125 0.56875 0.6140625 0.5703125 0.6125 0.575 0.625 0.5734375 0.6375 0.5703125 0.6421875 0.559375 0.640625 0.5515625 0.6328125 0.5515625 0.6171875 0.5578125 0.6125 0.565625 0.6125
2 0.71875 0.678125 0.728125 0.6796875 0.740625 0.6875 0.7484375 0.6890625 0.753125 0.6953125 0.7578125 0.7109375 0.7546875 0.728125 0.746875 0.73125 0.7328125 0.7296875 0.7296875 0.7328125 0.725 0.7328125 0.721875 0.7296875 0.721875 0.725 0.715625 0.7171875 0.6984375 0.709375 0.6890625 0.709375 0.6828125 0.7 0.684375 0.6859375 0.6875 0.6828125 0.69375 0.6828125 0.70625 0.678125 0.7171875 0.678125
2 0.5703125 0.5875 0.575 0.6 0.571875 0.609375 0.5609375 0.609375 0.553125 0.6015625 0.5546875 0.5890625 0.559375 0.5875 0.56875 0.5890625
2 0.534375 0.534375 0.5390625 0.5375 0.5375 0.5484375 0.5296875 0.5453125 0.5296875 0.540625 0.5328125 0.5359375
2 0.065625 0.5421875 0.0671875 0.5484375 0.0625 0.55 0.059375 0.55625 0.05625 0.5578125 0.0484375 0.5578125 0.046875 0.5515625 0.053125 0.5421875 0.0640625 0.5421875
2 0.44375 0.9015625 0.4515625 0.9 0.4546875 0.903125 0.4625 0.9046875 0.471875 0.9109375 0.484375 0.925 0.4875 0.9359375 0.4859375 0.9421875 0.4875 0.95625 0.484375 0.959375 0.478125 0.990625 0.446875 0.9921875 0.375 0.984375 0.3921875 0.953125 0.4078125 0.934375 0.4125 0.925 0.4171875 0.921875 0.4171875 0.9171875 0.421875 0.9125 0.434375 0.9109375 0.44375 0.903125