3 0.578125 0.559375 0.5796875 0.5703125 0.578125 0.571875 0.5765625 0.5703125 0.5765625 0.5609375
3 0.58125 0.584375 0.584375 0.584375 0.5859375 0.5890625 0.5828125 0.6015625 0.58125 0.5859375
3 0.1828125 0.628125 0.1859375 0.6296875 0.1859375 0.64375 0.165625 0.6515625 0.165625 0.6421875 0.175 0.63125 0.18125 0.6296875
3 0.165625 0.640625 0.171875 0.6359375 0.1765625 0.6359375 0.1796875 0.6421875 0.1796875 0.6453125 0.1703125 0.6515625 0.1640625 0.65 0.165625 0.6421875
3 0.2171875 0.675 0.2171875 0.65625 0.225 0.64375 0.228125 0.6453125 0.23125 0.6515625 0.23125 0.6640625 0.225 0.671875 0.21875 0.675
3 0.115625 0.6046875 0.11875 0.6078125 0.1203125 0.6171875 0.11875 0.6234375 0.1171875 0.625 0.1125 0.6234375 0.1140625 0.60625
4 0 0.690625 0.0125 0.6921875 0.0125 0.7328125 0.0140625 0.734375 0.0125 0.753125 0 0.7609375 0 0.6921875
4 0.2484375 0.6046875 0.2578125 0.6015625 0.2609375 0.5984375 0.2609375 0.59375 0.265625 0.590625 0.275 0.590625 0.284375 0.5875 0.2953125 0.5875 0.2984375 0.5984375 0.296875 0.6109375 0.2828125 0.6109375 0.271875 0.6171875 0.265625 0.6171875 0.253125 0.628125 0.2484375 0.6359375 0.2421875 0.6296875 0.2421875 0.6203125 0.2484375 0.60625
5 0.48125 0.7703125 0.4953125 0.7796875 0.50625 0.8078125 0.50625 0.828125 0.4984375 0.8375 0.4984375 0.85625 0.4953125 0.8640625 0.490625 0.86875 0.4875 0.8671875 0.484375 0.8609375 0.459375 0.8890625 0.453125 0.9125 0.45 0.9140625 0.446875 0.909375 0.44375 0.909375 0.428125 0.9265625 0.421875 0.9265625 0.4125 0.9171875 0.40625 0.915625 0.4015625 0.9078125 0.39375 0.9015625 0.39375 0.8640625 0.3921875 0.8625 0.39375 0.821875 0.4078125 0.8078125 0.425 0.796875 0.446875 0.7765625 0.45625 0.7765625 0.4640625 0.76875 0.4796875 0.7703125
5 0.4421875 0.5625 0.44375 0.5734375 0.4390625 0.58125 0.434375 0.5828125 0.43125 0.58125 0.43125 0.5640625 0.440625 0.5625
5 0.5859375 0.6078125 0.5890625 0.621875 0.5890625 0.6375 0.571875 0.6421875 0.5671875 0.6375 0.5546875 0.6328125 0.546875 0.634375 0.5453125 0.61875 0.5484375 0.6125 0.5578125 0.6046875 0.565625 0.603125 0.58125 0.6046875 0.584375 0.6078125
0 0.5921875 0.55625 0.5984375 0.55625 0.603125 0.559375 0.603125 0.5765625 0.5953125 0.578125 0.5921875 0.575 0.590625 0.5671875 0.5921875 0.5578125
2 0.7265625 0.6046875 0.7390625 0.6046875 0.753125 0.6140625 0.7484375 0.61875 0.7375 0.6203125 0.7296875 0.63125 0.7265625 0.628125 0.728125 0.6140625 0.7265625 0.60625
2 0.2265625 0.6109375 0.2328125 0.6171875 0.23125 0.6265625 0.2234375 0.6265625 0.2078125 0.63125 0.196875 0.6375 0.190625 0.6375 0.1859375 0.628125 0.1859375 0.6234375 0.1921875 0.6171875 0.2109375 0.6078125 0.21875 0.6078125 0.225 0.6109375
2 0.5875 0.5671875 0.5921875 0.5734375 0.5921875 0.5859375 0.5859375 0.5859375 0.5796875 0.58125 0.5796875 0.5734375 0.5859375 0.5671875
2 0.1515625 0.65 0.1578125 0.653125 0.1578125 0.6578125 0.15 0.665625 0.14375 0.6765625 0.13125 0.684375 0.1234375 0.684375 0.109375 0.66875 0.10625 0.671875 0.10625 0.6859375 0.1015625 0.6953125 0.096875 0.6953125 0.0890625 0.6890625 0.090625 0.6796875 0.096875 0.6703125 0.103125 0.6671875 0.11875 0.6515625 0.1390625 0.646875 0.15 0.65
2 0.6125 0.634375 0.615625 0.6390625 0.615625 0.6546875 0.61875 0.6671875 0.6171875 0.6875 0.6125 0.68125 0.6046875 0.6796875 0.6 0.6796875 0.5921875 0.6875 0.590625 0.684375 0.59375 0.640625 0.596875 0.6359375 0.6109375 0.6359375
2 0.48203125 0.56796875 0.0171875 0.0171875
2 0.4859375 0.58125 0.02265625 0.02109375
2 0.5109375 0.5640625 0.5140625 0.5671875 0.5125 0.575 0.5046875 0.575 0.503125 0.571875 0.5046875 0.565625 0.509375 0.5640625
2 0.078125 0.5921875 0.09375 0.5890625 0.0984375 0.590625 0.103125 0.596875 0.1015625 0.60625 0.0953125 0.603125 0.09375 0.60625 0.0796875 0.60625 0.0765625 0.603125 0.078125 0.59375
2 0.475 0.565625 0.475 0.575 0.46875 0.5796875 0.4625 0.578125 0.4609375 0.5703125 0.4671875 0.5640625 0.4734375 0.565625
2 0.234375 0.628125 0.24375 0.634375 0.2453125 0.64375 0.234375 0.6546875 0.225 0.6453125 0.21875 0.653125 0.2140625 0.665625 0.2046875 0.6625 0.2 0.653125 0.2 0.6453125 0.2078125 0.634375 0.2203125 0.6296875 0.2328125 0.628125
2 0.34765625 0.60703125 0.04375 0.03359375
2 0.3453125 0.5890625 0.3515625 0.5828125 0.365625 0.5796875 0.36875 0.5859375 0.3671875 0.590625 0.3640625 0.5890625 0.346875 0.590625
2 0.190625 0.646875 0.1984375 0.6515625 0.203125 0.6609375 0.2 0.6859375 0.196875 0.6890625 0.1875 0.6875 0.1734375 0.6953125 0.16875 0.70625 0.1640625 0.709375 0.15625 0.70625 0.14375 0.7078125 0.1375 0.7109375 0.1328125 0.7078125 0.13125 0.703125 0.1328125 0.6875 0.1359375 0.6828125 0.146875 0.675 0.1515625 0.6640625 0.1609375 0.65625 0.1765625 0.6515625 0.184375 0.646875 0.1890625 0.646875
2 0.453125 0.59375 0.459375 0.6 0.459375 0.6125 0.453125 0.615625 0.4328125 0.6140625 0.4328125 0.5984375 0.4390625 0.5921875 0.4515625 0.59375
2 0.93125 0.65625 0.9453125 0.6609375 0.9453125 0.6796875 0.934375 0.6765625 0.928125 0.671875 0.921875 0.671875 0.9140625 0.6671875 0.90625 0.665625 0.90625 0.6609375 0.909375 0.65625 0.9296875 0.65625
2 0.06875 0.5875 0.071875 0.5859375 0.084375 0.5875 0.0765625 0.5953125 0.0765625 0.5984375 0.065625 0.5984375 0.065625 0.5921875 0.06875 0.5890625
2 0.40078125 0.59453125 0.00703125 0.0203125
2 0.6359375 0.71875 0.65 0.725 0.6578125 0.7328125 0.659375 0.7390625 0.6578125 0.75625 0.6515625 0.7734375 0.65 0.7859375 0.646875 0.7890625 0.6375 0.7890625 0.625 0.784375 0.6171875 0.784375 0.6125 0.7796875 0.6125 0.7546875 0.6171875 0.746875 0.621875 0.7265625 0.6265625 0.7203125 0.634375 0.71875
2 0 0.6296875 0.00625 0.63125 0.009375 0.6359375 0.0078125 0.64375 0.003125 0.6484375 0 0.6484375 0 0.63125
2 0.27421875 0.63203125 0.0546875 0.040625
2 0.3203125 0.5921875 0.325 0.6 0.325 0.60625 0.321875 0.6125 0.3171875 0.615625 0.3140625 0.6140625 0.3046875 0.6171875 0.3 0.6171875 0.2984375 0.6125 0.3 0.59375 0.31875 0.5921875
2 0.7765625 0.615625 0.7921875 0.621875 0.7984375 0.6265625 0.7984375 0.6296875 0.765625 0.6203125 0.7671875 0.615625 0.775 0.615625
2 0.45625 0.571875 0.4609375 0.575 0.4640625 0.58125 0.4625 0.5953125 0.4578125 0.596875 0.45 0.590625 0.4328125 0.5921875 0.434375 0.584375 0.4390625 0.5828125 0.4453125 0.575 0.4546875 0.5734375
2 0.05 0.596875 0.059375 0.6 0.059375 0.60625 0.0546875 0.609375 0.0546875 0.6140625 0.0453125 0.6203125 0.0359375 0.61875 0.0359375 0.609375 0.0390625 0.6015625 0.0484375 0.5984375