4 0.4328125 0.55625 0.45 0.5546875 0.453125 0.5578125 0.45 0.5828125 0.43125 0.578125 0.4328125 0.5578125
4 0.2953125 0.6 0.296875 0.6078125 0.2890625 0.609375 0.28125 0.6203125 0.2734375 0.625 0.265625 0.625 0.259375 0.63125 0.246875 0.6296875 0.2453125 0.6265625 0.246875 0.6125 0.2625 0.6 0.271875 0.5953125 0.2796875 0.5953125 0.2875 0.6 0.29375 0.6
4 0 0.6875 0.009375 0.678125 0.028125 0.66875 0.0453125 0.6640625 0.084375 0.6625 0.0875 0.671875 0.0875 0.6796875 0.08125 0.6859375 0.0796875 0.69375 0.0734375 0.703125 0.0703125 0.7046875 0.059375 0.703125 0.0359375 0.7109375 0.0234375 0.7203125 0.0171875 0.73125 0.0109375 0.73125 0.0046875 0.7265625 0 0.728125 0 0.6890625
3 0.1125 0.6234375 0.1125 0.6125 0.115625 0.6046875 0.1203125 0.6125 0.1203125 0.621875 0.1140625 0.6234375
3 0.5859375 0.58125 0.5890625 0.5828125 0.5875 0.596875 0.584375 0.59375 0.5859375 0.5828125
3 0.3578125 0.6 0.359375 0.6109375 0.35625 0.615625 0.3515625 0.6171875 0.3484375 0.615625 0.3484375 0.603125 0.3515625 0.6 0.35625 0.6
5 0.4625 0.6015625 0.0390625 0.02890625
5 0.2421875 0.6078125 0.24375 0.6375 0.240625 0.6375 0.23125 0.6453125 0.2265625 0.6421875 0.2 0.6484375 0.1921875 0.653125 0.178125 0.6515625 0.178125 0.6359375 0.1859375 0.625 0.19375 0.621875 0.203125 0.6125 0.2078125 0.6109375 0.234375 0.60625 0.240625 0.6078125
5 0.43828125 0.59140625 0.015625 0.02421875
1 0.4953125 0.54375 0.496875 0.5515625 0.484375 0.5625 0.48125 0.56875 0.4765625 0.56875 0.475 0.5640625 0.475 0.5484375 0.4796875 0.5453125 0.49375 0.54375
1 0.3453125 0.5828125 0.046875 0.04921875
2 0.5984375 0.5375 0.603125 0.5375 0.6046875 0.540625 0.6046875 0.5453125 0.5984375 0.546875 0.5984375 0.5390625
2 0.075 0.59296875 0.0203125 0.015625
2 0.48984375 0.57734375 0.02421875 0.0234375
2 0.7375 0.6046875 0.7453125 0.6078125 0.7546875 0.615625 0.7484375 0.6203125 0.7453125 0.6171875 0.7390625 0.61875 0.7328125 0.625 0.73125 0.6296875 0.7265625 0.6265625 0.728125 0.6140625 0.7265625 0.60625 0.7359375 0.6046875
2 0.5125 0.55625 0.5125 0.56875 0.50625 0.571875 0.5015625 0.56875 0.5015625 0.565625 0.5046875 0.5578125 0.5109375 0.55625
2 0.9328125 0.65625 0.9453125 0.6609375 0.9453125 0.678125 0.934375 0.6765625 0.928125 0.671875 0.9078125 0.665625 0.9078125 0.659375 0.9109375 0.65625 0.91875 0.6546875 0.93125 0.65625
2 0.4671875 0.5625 0.4703125 0.5671875 0.4703125 0.571875 0.465625 0.5765625 0.4609375 0.5765625 0.459375 0.5703125 0.45625 0.56875 0.45625 0.5640625 0.459375 0.5609375 0.465625 0.5625
2 0.5859375 0.55 0.5890625 0.553125 0.5875 0.5625 0.5828125 0.5609375 0.5796875 0.55625 0.58125 0.5515625 0.584375 0.55
2 0.10703125 0.59453125 0.0203125 0.02265625
2 0.0578125 0.5984375 0.059375 0.60625 0.0546875 0.609375 0.053125 0.615625 0.0484375 0.6203125 0.040625 0.621875 0.0359375 0.61875 0.0359375 0.609375 0.0390625 0.6015625 0.046875 0.596875 0.05625 0.5984375
2 0.30625 0.6078125 0.3140625 0.6109375 0.31875 0.6203125 0.31875 0.6265625 0.3140625 0.6328125 0.3015625 0.634375 0.2875 0.6421875 0.275 0.6421875 0.2734375 0.6296875 0.2953125 0.609375 0.3046875 0.6078125
2 0.765625 0.6171875 0.7734375 0.615625 0.784375 0.61875 0.8 0.6296875 0.7890625 0.628125 0.7859375 0.625 0.775 0.6234375 0.765625 0.61875
2 0.1796875 0.6296875 0.178125 0.6265625 0.1796875 0.61875 0.1875 0.6125 0.190625 0.6125 0.1984375 0.6046875 0.2046875 0.603125 0.2140625 0.6046875 0.2140625 0.6078125 0.209375 0.6109375 0.2046875 0.6109375 0.1921875 0.6234375 0.18125 0.6296875
2 0.3 0.6046875 0.3078125 0.6 0.321875 0.6 0.328125 0.6078125 0.328125 0.6140625 0.3203125 0.621875 0.3109375 0.6078125 0.3 0.6078125 0.3 0.60625
2 0.5 0.5578125 0.5015625 0.565625 0.490625 0.5703125 0.484375 0.5703125 0.484375 0.565625 0.4875 0.5609375 0.4984375 0.5578125
2 0.578125 0.546875 0.5796875 0.5578125 0.5765625 0.559375 0.571875 0.5578125 0.571875 0.55 0.5765625 0.546875
2 0.365625 0.5984375 0.36875 0.6015625 0.36875 0.6171875 0.3640625 0.61875 0.3609375 0.615625 0.359375 0.609375 0.3640625 0.6