0 0.009375 0.6234375 0.0140625 0.625 0.025 0.6234375 0.0265625 0.6265625 0.025 0.63125 0.0265625 0.65 0.0234375 0.653125 0.0234375 0.6625 0.0203125 0.665625 0.009375 0.665625 0.009375 0.625
3 0.6828125 0.6734375 0.6890625 0.684375 0.6953125 0.68125 0.6984375 0.6875 0.7 0.6921875 0.696875 0.70625 0.6875 0.7 0.678125 0.6984375 0.6765625 0.6953125 0.678125 0.675 0.68125 0.6734375
3 0.678125 0.8734375 0.6890625 0.878125 0.6890625 0.8875 0.69375 0.8921875 0.69375 0.8984375 0.6890625 0.90625 0.6890625 0.9109375 0.68125 0.921875 0.678125 0.91875 0.678125 0.9125 0.675 0.9078125 0.6765625 0.9 0.6734375 0.8921875 0.6734375 0.875 0.6765625 0.8734375
3 0.5703125 0.6 0.571875 0.6109375 0.56875 0.6109375 0.56875 0.6015625
3 0.090625 0.653125 0.0921875 0.665625 0.0890625 0.66875 0.0703125 0.6671875 0.0625 0.675 0.0578125 0.6703125 0.0578125 0.665625 0.06875 0.6515625 0.078125 0.6484375 0.0828125 0.653125 0.0890625 0.653125
3 0.6203125 0.753125 0.6203125 0.7828125 0.6171875 0.7890625 0.6109375 0.7875 0.609375 0.7578125 0.61875 0.7546875
3 0.5828125 0.6046875 0.5859375 0.6046875 0.584375 0.6171875 0.5828125 0.60625
3 0.7984375 0.7203125 0.8 0.728125 0.8078125 0.734375 0.8140625 0.73125 0.81875 0.7328125 0.8203125 0.7484375 0.8171875 0.75625 0.8125 0.75625 0.8015625 0.74375 0.7890625 0.7421875 0.7875 0.7359375 0.7890625 0.728125 0.796875 0.7203125
3 0.4875 0.909375 0.490625 0.909375 0.490625 0.91875 0.49375 0.925 0.4921875 0.9484375 0.4890625 0.959375 0.4609375 0.99375 0.4484375 0.9921875 0.45 0.9703125 0.453125 0.9640625 0.4546875 0.95 0.4578125 0.94375 0.459375 0.9453125 0.4609375 0.9421875 0.471875 0.9484375 0.4765625 0.9484375 0.4796875 0.9453125 0.48125 0.9359375 0.4890625 0.925 0.4875 0.9109375
3 0.540625 0.625 0.5515625 0.6296875 0.55 0.6421875 0.5390625 0.6359375 0.540625 0.6265625
5 0.5515625 0.5421875 0.55625 0.546875 0.55625 0.553125 0.553125 0.559375 0.5453125 0.5609375 0.5453125 0.55 0.55 0.54375
4 0.6109375 0.615625 0.615625 0.6203125 0.61875 0.640625 0.6265625 0.6578125 0.625 0.690625 0.61875 0.69375 0.60625 0.6921875 0.6 0.6859375 0.596875 0.6859375 0.5921875 0.66875 0.59375 0.61875 0.5984375 0.615625 0.609375 0.615625
1 0.6054513888888888 0.5744849537037038 0.01606481481481481 0.029803240740740745
2 0.234375 0.6421875 0.2375 0.64375 0.2375 0.653125 0.228125 0.6640625 0.225 0.665625 0.2171875 0.6640625 0.2046875 0.66875 0.1984375 0.6765625 0.1796875 0.675 0.175 0.6703125 0.175 0.6625 0.203125 0.6390625 0.221875 0.6375 0.225 0.640625 0.2328125 0.6421875
2 0.7796875 0.6375 0.784375 0.634375 0.7890625 0.634375 0.8109375 0.6453125 0.8140625 0.6484375 0.8125 0.6515625 0.7984375 0.6453125 0.7890625 0.64375 0.78125 0.6390625
2 0.6828125 0.6171875 0.69375 0.6203125 0.7 0.63125 0.6984375 0.6453125 0.6953125 0.6484375 0.6828125 0.65 0.6796875 0.65 0.675 0.64375 0.6703125 0.64375 0.6609375 0.6390625 0.6625 0.621875 0.6734375 0.6171875 0.68125 0.6171875
2 0.6015625 0.5515625 0.6 0.5625 0.5953125 0.5609375 0.5953125 0.55625 0.6 0.5515625
2 0.5890625 0.89375 0.59375 0.8953125 0.609375 0.909375 0.6140625 0.9234375 0.6125 0.9578125 0.609375 0.9625 0.609375 0.9703125 0.60625 0.975 0.6046875 0.9734375 0.6015625 0.9765625 0.5921875 0.99375 0.546875 0.99375 0.5453125 0.9953125 0.5 0.9953125 0.4984375 0.99375 0.5 0.9890625 0.51875 0.95625 0.51875 0.9515625 0.521875 0.9484375 0.528125 0.93125 0.5453125 0.90625 0.5484375 0.8953125 0.5609375 0.89375 0.571875 0.8859375 0.5875 0.89375
2 0.571875 0.565625 0.575 0.5703125 0.571875 0.5875 0.5671875 0.584375 0.5640625 0.5765625 0.5703125 0.5671875
2 0.665625 0.7359375 0.6734375 0.740625 0.68125 0.7421875 0.6890625 0.753125 0.6859375 0.765625 0.684375 0.80625 0.6796875 0.8140625 0.66875 0.8140625 0.665625 0.8109375 0.6484375 0.80625 0.64375 0.803125 0.6421875 0.796875 0.640625 0.7828125 0.64375 0.7796875 0.64375 0.76875 0.646875 0.7625 0.646875 0.75625 0.6515625 0.75 0.653125 0.7390625 0.65625 0.7359375 0.6640625 0.7359375
2 0.6078125 0.5921875 0.6140625 0.596875 0.615625 0.6015625 0.6140625 0.615625 0.5953125 0.6140625 0.59375 0.6109375 0.59375 0.6015625 0.596875 0.6 0.5984375 0.5953125 0.60625 0.5921875
2 0.7515625 0.621875 0.7640625 0.628125 0.7703125 0.634375 0.7640625 0.640625 0.75625 0.6375 0.7453125 0.646875 0.740625 0.64375 0.74375 0.634375 0.7421875 0.6234375 0.75 0.621875
2 0.071875 0.5859375 0.084375 0.5921875 0.0828125 0.6078125 0.075 0.6140625 0.0703125 0.6140625 0.065625 0.60625 0.05 0.6046875 0.0515625 0.590625 0.0625 0.5859375 0.0703125 0.5859375
2 0.309375 0.5875 0.3125 0.59375 0.3046875 0.59375 0.2921875 0.5984375 0.2875 0.603125 0.2859375 0.615625 0.28125 0.6125 0.275 0.6171875 0.2703125 0.6171875 0.26875 0.6109375 0.2703125 0.6015625 0.2796875 0.5984375 0.2875 0.590625 0.296875 0.5875 0.3078125 0.5875
2 0.2578125 0.6015625 0.2609375 0.60625 0.259375 0.61875 0.24375 0.6203125 0.2390625 0.6234375 0.234375 0.6234375 0.2328125 0.6203125 0.23125 0.60625 0.2375 0.6 0.2453125 0.5984375 0.253125 0.5984375 0.25625 0.6015625
2 0.2234375 0.603125 0.2296875 0.6078125 0.2296875 0.615625 0.2328125 0.621875 0.225 0.6296875 0.221875 0.6375 0.209375 0.6359375 0.2015625 0.6375 0.1953125 0.6421875 0.1890625 0.640625 0.1828125 0.6453125 0.1734375 0.64375 0.16875 0.6390625 0.1671875 0.6265625 0.171875 0.621875 0.18125 0.6203125 0.1984375 0.6078125 0.2140625 0.603125 0.221875 0.603125
2 0.315625 0.596875 0.3203125 0.6015625 0.321875 0.609375 0.31875 0.6125 0.3109375 0.6078125 0.30625 0.6078125 0.2984375 0.6109375 0.29375 0.615625 0.29375 0.61875 0.284375 0.6203125 0.2796875 0.628125 0.2765625 0.628125 0.275 0.6203125 0.28125 0.6140625 0.284375 0.6171875 0.2875 0.615625 0.2890625 0.60625 0.29375 0.6 0.3109375 0.5953125 0.3140625 0.596875
2 0.3765625 0.590625 0.378125 0.5921875 0.3765625 0.609375 0.375 0.6109375 0.3671875 0.609375 0.3640625 0.6125 0.3515625 0.6125 0.3515625 0.603125 0.3546875 0.5984375 0.3578125 0.5984375 0.365625 0.590625 0.36875 0.5890625 0.375 0.590625
2 0.9390625 0.684375 0.9515625 0.6875 0.9578125 0.6859375 0.9640625 0.690625 0.9609375 0.709375 0.9484375 0.7046875 0.946875 0.7015625 0.940625 0.7015625 0.93125 0.6953125 0.9265625 0.6953125 0.9234375 0.6921875 0.9265625 0.684375 0.9375 0.684375
2 0.5905960648148147 0.5738136574074074 0.014317129629629655 0.01729166666666666
2 0.7359375 0.646875 0.746875 0.65 0.7515625 0.65625 0.7546875 0.6796875 0.75 0.6859375 0.7328125 0.6859375 0.7265625 0.678125 0.7171875 0.6734375 0.709375 0.6734375 0.7046875 0.6671875 0.7046875 0.6578125 0.709375 0.6515625 0.721875 0.6453125 0.734375 0.646875
2 0.1 0.6296875 0.1015625 0.6140625 0.10625 0.6109375 0.1109375 0.6109375 0.1171875 0.6046875 0.125 0.6015625 0.1484375 0.6015625 0.1546875 0.6078125 0.1546875 0.61875 0.15 0.6234375 0.140625 0.625 0.1375 0.628125 0.121875 0.625 0.10625 0.6328125 0.1015625 0.6296875
2 0.5609375 0.5765625 0.565625 0.58125 0.5671875 0.5890625 0.5671875 0.5984375 0.5640625 0.6015625 0.553125 0.6015625 0.553125 0.5796875 0.559375 0.5765625
2 0.615625 0.546875 0.6203125 0.546875 0.6203125 0.55625 0.6140625 0.5546875 0.615625 0.5484375
2 0.505462962962963 0.5760069444444444 0.022175925925925988 0.02047453703703699
2 0.5765625 0.5703125 0.58125 0.575 0.58125 0.5859375 0.578125 0.5890625 0.571875 0.5890625 0.56875 0.584375 0.56875 0.5765625 0.575 0.5703125
2 0.0578125 0.584375 0.059375 0.5875 0.05 0.59375 0.0484375 0.60625 0.0453125 0.609375 0.0375 0.60625 0.0375 0.5921875 0.0421875 0.584375 0.05625 0.584375
2 0.584375 0.58125 0.590625 0.58125 0.5953125 0.5859375 0.59375 0.6015625 0.590625 0.6046875 0.584375 0.6046875 0.5828125 0.603125 0.5828125 0.584375 0.584375 0.5828125
2 0.3125 0.6359375 0.309375 0.634375 0.2984375 0.6375 0.2921875 0.6421875 0.2828125 0.6421875 0.2796875 0.6296875 0.284375 0.6234375 0.29375 0.61875 0.3046875 0.609375 0.3125 0.609375 0.31875 0.6125 0.321875 0.6234375 0.3203125 0.6328125 0.3140625 0.634375