0 0.278125 0.5546875 0.2796875 0.55625 0.290625 0.5546875 0.29375 0.559375 0.290625 0.575 0.2859375 0.5796875 0.2859375 0.5828125 0.2625 0.5875 0.259375 0.5859375 0.25625 0.5765625 0.2484375 0.5703125 0.2484375 0.5625 0.2609375 0.5578125 0.2765625 0.55625
0 0.5765625 0.5625 0.5890625 0.5703125 0.590625 0.5875 0.5875 0.59375 0.5765625 0.59375 0.565625 0.58125 0.565625 0.571875 0.5703125 0.56875 0.5703125 0.5640625 0.575 0.5625
0 0.2296875 0.55625 0.2328125 0.5578125 0.234375 0.5625 0.2328125 0.571875 0.2265625 0.5765625 0.2234375 0.575 0.225 0.559375 0.228125 0.5578125
0 0.2046875 0.5578125 0.20625 0.559375 0.215625 0.55625 0.2234375 0.5578125 0.225 0.5703125 0.221875 0.5765625 0.2109375 0.5875 0.2046875 0.590625 0.2015625 0.5890625 0.1796875 0.590625 0.171875 0.5921875 0.165625 0.596875 0.153125 0.5953125 0.15 0.5875 0.159375 0.578125 0.1671875 0.575 0.1734375 0.5640625 0.1796875 0.5609375 0.203125 0.5578125
3 0.6125 0.7046875 0.61875 0.7078125 0.6203125 0.721875 0.6171875 0.7265625 0.6171875 0.734375 0.6109375 0.74375 0.60625 0.7421875 0.6046875 0.7390625 0.60625 0.734375 0.603125 0.725 0.6046875 0.7203125 0.603125 0.7078125 0.60625 0.7046875 0.6109375 0.7046875
3 0.6265625 0.6265625 0.6296875 0.6296875 0.63125 0.640625 0.6296875 0.646875 0.6265625 0.65 0.621875 0.65 0.6203125 0.6453125 0.6203125 0.6328125 0.625 0.628125
3 0.7171875 0.60625 0.71875 0.59375 0.7234375 0.59375 0.728125 0.6015625 0.728125 0.60625 0.725 0.609375 0.71875 0.60625
3 0.3203125 0.5765625 0.325 0.5796875 0.325 0.5890625 0.321875 0.5921875 0.3125 0.59375 0.309375 0.5921875 0.309375 0.5859375 0.3125 0.5796875 0.31875 0.5765625
3 0.234375 0.603125 0.2328125 0.61875 0.221875 0.625 0.2171875 0.625 0.215625 0.6203125 0.21875 0.60625 0.2265625 0.6015625 0.2328125 0.603125
3 0.303125 0.571875 0.3046875 0.5765625 0.3 0.590625 0.2875 0.5890625 0.2875 0.5828125 0.2953125 0.5734375 0.3015625 0.571875
5 0.590625 0.565625 0.59375 0.56875 0.6015625 0.56875 0.6046875 0.571875 0.60625 0.5859375 0.603125 0.5953125 0.6 0.596875 0.5921875 0.5953125 0.590625 0.5765625 0.5875 0.5703125 0.5890625 0.5671875
5 0.428125 0.5453125 0.4328125 0.55 0.43125 0.5578125 0.4203125 0.56875 0.4203125 0.5515625 0.421875 0.546875 0.4265625 0.5453125
5 0.590625 0.778125 0.60625 0.7859375 0.6109375 0.790625 0.6171875 0.7921875 0.6234375 0.8015625 0.6296875 0.8171875 0.6265625 0.828125 0.625 0.85625 0.621875 0.8578125 0.621875 0.8671875 0.6140625 0.8796875 0.6140625 0.8859375 0.6078125 0.8921875 0.596875 0.9140625 0.5921875 0.91875 0.590625 0.928125 0.5828125 0.94375 0.5765625 0.953125 0.565625 0.9609375 0.5484375 0.95625 0.53125 0.9390625 0.5234375 0.9234375 0.525 0.8984375 0.5296875 0.88125 0.5296875 0.871875 0.5328125 0.8671875 0.5328125 0.8578125 0.5359375 0.853125 0.5359375 0.8421875 0.5390625 0.8390625 0.540625 0.8296875 0.553125 0.8171875 0.5546875 0.8125 0.5640625 0.8046875 0.5765625 0.7875 0.584375 0.7796875 0.5890625 0.778125
4 0.4875 0.5546875 0.4984375 0.5578125 0.4984375 0.5671875 0.4953125 0.575 0.4953125 0.584375 0.490625 0.590625 0.4859375 0.5921875 0.471875 0.5890625 0.465625 0.5828125 0.471875 0.55625 0.4859375 0.5546875
4 0.55 0.5390625 0.5609375 0.540625 0.5625 0.5546875 0.559375 0.56875 0.5546875 0.5734375 0.5484375 0.5734375 0.5453125 0.5703125 0.5484375 0.540625
2 0.4734375 0.540625 0.475 0.5453125 0.471875 0.55 0.459375 0.55 0.459375 0.54375 0.4625 0.540625 0.465625 0.5390625 0.471875 0.540625
2 0.6484375 0.6140625 0.6546875 0.61875 0.6546875 0.6234375 0.6578125 0.628125 0.6546875 0.6484375 0.65 0.6484375 0.646875 0.6453125 0.640625 0.646875 0.634375 0.6453125 0.6296875 0.6390625 0.628125 0.63125 0.6203125 0.6296875 0.621875 0.61875 0.6296875 0.6125 0.64375 0.6109375 0.646875 0.6140625
2 0.5515625 0.715625 0.553125 0.6921875 0.5578125 0.6859375 0.5578125 0.6796875 0.5640625 0.6703125 0.571875 0.6640625 0.584375 0.665625 0.5953125 0.6765625 0.59375 0.678125 0.5953125 0.6921875 0.5921875 0.7046875 0.584375 0.7109375 0.5828125 0.71875 0.5796875 0.721875 0.56875 0.715625 0.553125 0.715625
2 0.571875 0.5359375 0.575 0.540625 0.5734375 0.546875 0.565625 0.5484375 0.5640625 0.5453125 0.5671875 0.5375 0.5703125 0.5375
2 0.0578125 0.53125 0.0640625 0.5328125 0.065625 0.5359375 0.053125 0.5453125 0.046875 0.54375 0.046875 0.5375 0.05625 0.53125
2 0.44375 0.5703125 0.4484375 0.5796875 0.4390625 0.578125 0.4296875 0.5828125 0.421875 0.5921875 0.4171875 0.5921875 0.415625 0.5890625 0.41875 0.575 0.4265625 0.56875 0.4421875 0.5703125
2 0.7515625 0.628125 0.7640625 0.628125 0.784375 0.6390625 0.7859375 0.64375 0.7828125 0.64375 0.7734375 0.6390625 0.76875 0.6390625 0.753125 0.6296875
2 0.721875 0.6109375 0.73125 0.615625 0.7359375 0.621875 0.7265625 0.6234375 0.721875 0.64375 0.7171875 0.64375 0.7140625 0.6390625 0.7140625 0.6296875 0.7171875 0.6203125 0.715625 0.6125 0.7203125 0.6109375
2 0.565625 0.584375 0.571875 0.5890625 0.571875 0.6015625 0.56875 0.6109375 0.5640625 0.6140625 0.546875 0.6078125 0.540625 0.6015625 0.540625 0.5890625 0.5546875 0.5828125 0.5640625 0.584375
2 0.1328125 0.5671875 0.1359375 0.56875 0.134375 0.5828125 0.13125 0.5859375 0.1234375 0.5859375 0.1140625 0.590625 0.1109375 0.5875 0.1 0.5890625 0.0859375 0.5875 0.0859375 0.578125 0.0921875 0.571875 0.1109375 0.5625 0.1171875 0.5640625 0.1234375 0.5625 0.13125 0.5671875
2 0.3407465277777778 0.5667013888888889 0.030127314814814808 0.030127314814814808
2 0.5328125 0.5203125 0.5359375 0.5234375 0.5328125 0.5296875 0.528125 0.53125 0.528125 0.525 0.53125 0.521875
2 0.6078125 0.6109375 0.6140625 0.615625 0.61875 0.63125 0.6171875 0.6421875 0.6125 0.6515625 0.6015625 0.6453125 0.59375 0.646875 0.5828125 0.634375 0.584375 0.61875 0.5890625 0.6125 0.59375 0.609375 0.60625 0.6109375
2 0.2140625 0.584375 0.2375 0.575 0.2484375 0.5734375 0.2546875 0.575 0.2578125 0.58125 0.25625 0.596875 0.2484375 0.6078125 0.2359375 0.60625 0.2296875 0.6 0.221875 0.603125 0.215625 0.6125 0.203125 0.615625 0.1984375 0.6109375 0.2 0.596875 0.2015625 0.59375 0.2140625 0.5859375
2 0.4546875 0.5640625 0.45625 0.565625 0.4546875 0.578125 0.4484375 0.578125 0.4421875 0.56875 0.4359375 0.5671875 0.4484375 0.5609375 0.453125 0.5640625
2 0.4792592592592593 0.5490277777777777 0.02052083333333332 0.0143634259259259
2 0.4515625 0.5546875 0.4671875 0.546875 0.471875 0.55 0.4703125 0.559375 0.4578125 0.5671875 0.4515625 0.5609375 0.4515625 0.55625
2 0.44375 0.5546875 0.45 0.5578125 0.45 0.5625 0.44375 0.5671875 0.4296875 0.5671875 0.43125 0.559375 0.4375 0.5546875 0.4421875 0.5546875
2 0.1171875 0.6203125 0.125 0.6359375 0.125 0.640625 0.1171875 0.65625 0.1109375 0.6625 0.1046875 0.659375 0.0796875 0.671875 0.078125 0.6703125 0.0703125 0.68125 0.0609375 0.6796875 0.034375 0.68125 0.03125 0.6703125 0.0359375 0.65625 0.0734375 0.6265625 0.0859375 0.6234375 0.09375 0.61875 0.115625 0.6203125
2 0.5734375 0.6171875 0.5796875 0.6296875 0.5796875 0.6453125 0.5765625 0.65 0.5609375 0.65 0.5546875 0.64375 0.553125 0.6390625 0.5546875 0.621875 0.5609375 0.6171875 0.571875 0.6171875
2 0.3444212962962963 0.5822685185185186 0.01918981481481481 0.02996527777777782
2 0.53125 0.5859375 0.5359375 0.5890625 0.540625 0.5984375 0.5390625 0.609375 0.5375 0.6125 0.5328125 0.6140625 0.5296875 0.6109375 0.521875 0.6109375 0.5203125 0.6078125 0.5140625 0.6046875 0.50625 0.6046875 0.50625 0.5984375 0.5109375 0.5890625 0.51875 0.5859375 0.5296875 0.5859375
2 0.846875 0.75 0.85 0.753125 0.865625 0.7546875 0.871875 0.753125 0.8734375 0.7546875 0.871875 0.775 0.86875 0.7796875 0.86875 0.7859375 0.865625 0.7875 0.8625 0.784375 0.8390625 0.7828125 0.8328125 0.7921875 0.8265625 0.7890625 0.8265625 0.7859375 0.8203125 0.7796875 0.81875 0.765625 0.821875 0.75625 0.828125 0.75 0.8453125 0.75
2 0.7359375 0.659375 0.75 0.6625 0.7578125 0.66875 0.7609375 0.675 0.7625 0.6984375 0.759375 0.7046875 0.7546875 0.7078125 0.746875 0.7046875 0.740625 0.70625 0.728125 0.6921875 0.7203125 0.690625 0.7171875 0.6875 0.7140625 0.6890625 0.7109375 0.6875 0.709375 0.6828125 0.7125 0.665625 0.715625 0.6640625 0.721875 0.665625 0.7265625 0.6609375 0.734375 0.659375
2 0.0640625 0.5609375 0.06875 0.5578125 0.0796875 0.5578125 0.084375 0.5671875 0.08125 0.58125 0.0640625 0.5828125 0.059375 0.58125 0.059375 0.56875 0.0640625 0.5625
2 0.2671875 0.9671875 0.2828125 0.9734375 0.2921875 0.9671875 0.3125 0.9671875 0.325 0.9734375 0.328125 0.978125 0.3265625 0.98125 0.28125 0.975 0.246875 0.9734375 0.25 0.96875 0.265625 0.9671875
2 0.5864293981481482 0.5380671296296297 0.009606481481481488 0.01576388888888882
2 0.5046875 0.54375 0.503125 0.5546875 0.490625 0.5546875 0.4953125 0.54375 0.503125 0.54375
2 0.0296875 0.5390625 0.040625 0.540625 0.04375 0.546875 0.0359375 0.559375 0.03125 0.559375 0.03125 0.5546875 0.028125 0.553125 0.0234375 0.5578125 0.0234375 0.5625 0.0171875 0.5671875 0.015625 0.5515625 0.0203125 0.54375 0.028125 0.5390625
2 0.44375 0.578125 0.4515625 0.5796875 0.45625 0.5875 0.45625 0.596875 0.453125 0.6 0.440625 0.5984375 0.4265625 0.6 0.41875 0.5953125 0.41875 0.590625 0.4234375 0.5859375 0.4421875 0.578125
2 0.5821875000000001 0.56078125 0.017395833333333322 0.014317129629629565