0 0.6515625 0.665625 0.6546875 0.6703125 0.653125 0.678125 0.6546875 0.70625 0.6453125 0.753125 0.634375 0.753125 0.6140625 0.746875 0.6125 0.74375 0.615625 0.71875 0.6140625 0.6953125 0.6234375 0.671875 0.6328125 0.6609375 0.646875 0.6625 0.65 0.665625
0 0.14375 0.68125 0.1375 0.675 0.1203125 0.68125 0.1046875 0.68125 0.0859375 0.69375 0.08125 0.69375 0.08125 0.6859375 0.0859375 0.6765625 0.0921875 0.6765625 0.0984375 0.671875 0.0984375 0.65625 0.1 0.6546875 0.109375 0.653125 0.1453125 0.6359375 0.1609375 0.6328125 0.1671875 0.634375 0.16875 0.665625 0.1671875 0.66875 0.1578125 0.671875 0.1515625 0.68125 0.1484375 0.6828125 0.1453125 0.68125
0 0.6671875 0.634375 0.675 0.6375 0.6890625 0.6515625 0.6890625 0.6828125 0.690625 0.684375 0.6890625 0.6921875 0.6859375 0.6984375 0.6828125 0.7 0.671875 0.6984375 0.6625 0.6890625 0.6578125 0.6828125 0.65625 0.6703125 0.6484375 0.6609375 0.646875 0.653125 0.6484375 0.6375 0.6515625 0.634375 0.665625 0.634375
0 0.7484375 0.65 0.7609375 0.65625 0.7765625 0.6828125 0.775 0.71875 0.7625 0.7296875 0.7546875 0.728125 0.7515625 0.721875 0.740625 0.7125 0.7390625 0.7046875 0.73125 0.6921875 0.73125 0.6859375 0.728125 0.68125 0.7296875 0.653125 0.7328125 0.65 0.746875 0.65
0 0.7265625 0.7625 0.746875 0.7609375 0.759375 0.765625 0.7703125 0.771875 0.778125 0.7796875 0.78125 0.7921875 0.778125 0.8484375 0.775 0.8609375 0.7765625 0.865625 0.76875 0.903125 0.765625 0.90625 0.7640625 0.9140625 0.7640625 0.93125 0.7625 0.9328125 0.7640625 0.9578125 0.7625 0.9578125 0.7421875 0.9453125 0.7375 0.9390625 0.728125 0.934375 0.7 0.9109375 0.7046875 0.8796875 0.7046875 0.815625 0.715625 0.79375 0.7171875 0.7859375 0.721875 0.778125 0.721875 0.771875 0.7265625 0.7640625
0 0.5484375 0.8359375 0.5734375 0.8515625 0.578125 0.865625 0.5890625 0.875 0.5921875 0.8828125 0.5984375 0.8875 0.6 0.8953125 0.596875 0.91875 0.596875 0.9390625 0.59375 0.9515625 0.58125 0.9578125 0.56875 0.9765625 0.5578125 0.9984375 0.4265625 0.9984375 0.4265625 0.975 0.4234375 0.965625 0.425 0.95 0.440625 0.928125 0.45625 0.915625 0.5234375 0.846875 0.5328125 0.840625 0.5421875 0.840625 0.546875 0.8359375
3 0.7015625 0.6515625 0.70625 0.6546875 0.709375 0.6609375 0.709375 0.68125 0.7109375 0.6828125 0.709375 0.6890625 0.703125 0.6890625 0.696875 0.6828125 0.696875 0.6609375 0.7015625 0.653125
3 0.634375 0.6296875 0.6390625 0.628125 0.640625 0.634375 0.6390625 0.646875 0.6296875 0.6453125 0.625 0.640625 0.6265625 0.63125 0.628125 0.6296875 0.63125 0.6328125 0.634375 0.63125
3 0.628125 0.6046875 0.6296875 0.609375 0.628125 0.6203125 0.625 0.6203125 0.61875 0.6140625 0.6203125 0.6015625 0.6234375 0.6 0.6265625 0.6046875
3 0.5673206018518518 0.5753587962962963 0.004918981481481488 0.01565972222222225
3 0.08128472222222223 0.6311400462962963 0.011238425925925933 0.02039351851851858
3 0.6593402777777777 0.7455902777777779 0.012986111111111143 0.032905092592592576
3 0.69375 0.9671875 0.696875 0.96875 0.7 0.975 0.7015625 0.9859375 0.709375 0.990625 0.7140625 0.990625 0.7171875 0.99375 0.7171875 0.9984375 0.6859375 0.9984375 0.6875 0.9734375 0.6921875 0.96875
3 0.0140625 0.6328125 0.0171875 0.6375 0.0171875 0.6453125 0.0140625 0.65 0.009375 0.6484375 0.009375 0.634375 0.0125 0.6328125
3 0.7921875 0.6921875 0.7984375 0.7046875 0.8046875 0.7046875 0.8078125 0.6953125 0.815625 0.6953125 0.815625 0.703125 0.8109375 0.7078125 0.8125 0.7234375 0.809375 0.728125 0.7875 0.721875 0.784375 0.71875 0.7828125 0.7 0.790625 0.6921875
3 0.26875 0.6140625 0.2734375 0.6171875 0.275 0.6265625 0.2734375 0.628125 0.265625 0.6265625 0.2671875 0.615625
3 0.1109375 0.615625 0.1140625 0.6234375 0.1125 0.634375 0.10625 0.6328125 0.109375 0.6171875
3 0.23940972222222223 0.6112152777777778 0.014386574074074066 0.02197916666666666
4 0.5203125 0.7375 0.55625 0.7453125 0.5625 0.753125 0.565625 0.7734375 0.5625 0.7921875 0.5578125 0.796875 0.55 0.796875 0.5421875 0.8015625 0.525 0.81875 0.521875 0.8328125 0.51875 0.8375 0.5125 0.8359375 0.5046875 0.8296875 0.4921875 0.83125 0.4875 0.8265625 0.4828125 0.8265625 0.471875 0.815625 0.4703125 0.80625 0.4703125 0.79375 0.475 0.7765625 0.49375 0.7671875 0.496875 0.7640625 0.4984375 0.7515625 0.5015625 0.746875 0.5078125 0.740625 0.51875 0.7375
4 0.134375 0.609375 0.1484375 0.60625 0.153125 0.6109375 0.15625 0.61875 0.1578125 0.6171875 0.1734375 0.6171875 0.190625 0.6125 0.196875 0.6140625 0.1953125 0.6265625 0.1828125 0.6328125 0.178125 0.6375 0.1734375 0.6390625 0.165625 0.63125 0.153125 0.63125 0.128125 0.6390625 0.1265625 0.621875 0.134375 0.6109375
1 0.5859375 0.5453125 0.59375 0.54375 0.5984375 0.5484375 0.5984375 0.5703125 0.596875 0.578125 0.5921875 0.58125 0.5859375 0.5765625 0.584375 0.5703125 0.584375 0.5484375 0.5859375 0.546875
5 0.5803472222222222 0.592644675925926 0.020775462962962975 0.03140046296296291
5 0.03125 0.6109375 0.04375 0.60625 0.0484375 0.60625 0.0515625 0.609375 0.0515625 0.621875 0.0359375 0.63125 0.0296875 0.63125 0.0296875 0.6140625 0.03125 0.6125
5 0.4796875 0.5828125 0.4828125 0.59375 0.4671875 0.59375 0.45625 0.5984375 0.453125 0.59375 0.459375 0.5875 0.478125 0.5828125
2 0.3609375 0.590625 0.3640625 0.5921875 0.365625 0.596875 0.365625 0.615625 0.3640625 0.6171875 0.35 0.60625 0.340625 0.60625 0.3421875 0.5953125 0.3453125 0.5921875 0.359375 0.590625
2 0.6078125 0.6140625 0.61875 0.625 0.61875 0.6390625 0.6140625 0.6421875 0.6015625 0.6421875 0.596875 0.6375 0.5859375 0.6359375 0.5828125 0.6375 0.58125 0.63125 0.5828125 0.621875 0.5953125 0.6140625 0.60625 0.6140625
2 0.4515625 0.61875 0.45 0.6140625 0.4515625 0.603125 0.45625 0.5984375 0.4734375 0.5921875 0.48125 0.5921875 0.4859375 0.6 0.4859375 0.6125 0.48125 0.6203125 0.4734375 0.61875 0.4546875 0.6203125 0.453125 0.61875
2 0.50625 0.559375 0.5125 0.5640625 0.5125 0.578125 0.496875 0.5796875 0.4984375 0.5671875 0.5015625 0.5609375 0.5046875 0.5609375
2 0.5578125 0.6125 0.565625 0.615625 0.5734375 0.6265625 0.571875 0.6390625 0.5578125 0.6421875 0.5546875 0.6421875 0.5484375 0.6359375 0.540625 0.634375 0.540625 0.6203125 0.55625 0.6125
2 0.45625 0.5671875 0.4609375 0.578125 0.4578125 0.584375 0.45 0.584375 0.4421875 0.5734375 0.4453125 0.56875 0.4546875 0.5671875
2 0.4375 0.575 0.4453125 0.5734375 0.45 0.5828125 0.4484375 0.584375 0.4328125 0.5828125 0.4375 0.5765625
2 0.6140625 0.58125 0.625 0.5859375 0.625 0.59375 0.61875 0.6 0.61875 0.603125 0.603125 0.6015625 0.6015625 0.5890625 0.6125 0.58125
2 0.740625 0.6078125 0.75 0.6109375 0.753125 0.6140625 0.753125 0.61875 0.75 0.621875 0.74375 0.61875 0.734375 0.6328125 0.73125 0.63125 0.7296875 0.609375 0.7390625 0.6078125
2 0.265625 0.6265625 0.2765625 0.6328125 0.278125 0.6375 0.2765625 0.646875 0.26875 0.653125 0.265625 0.6515625 0.25 0.65625 0.24375 0.6625 0.2296875 0.6625 0.2265625 0.659375 0.2265625 0.65 0.246875 0.6296875 0.253125 0.6265625 0.2640625 0.6265625
2 0.0984375 0.6859375 0.1 0.6875 0.1078125 0.6828125 0.1171875 0.684375 0.1390625 0.678125 0.146875 0.6875 0.1453125 0.6890625 0.146875 0.690625 0.146875 0.70625 0.1390625 0.721875 0.1328125 0.7265625 0.1265625 0.725 0.103125 0.7375 0.0921875 0.75 0.078125 0.7484375 0.0640625 0.7515625 0.053125 0.7484375 0.053125 0.734375 0.0578125 0.725 0.0703125 0.7140625 0.071875 0.7078125 0.0828125 0.6953125 0.0875 0.6953125 0.096875 0.6875
2 0.35625 0.6109375 0.3609375 0.61875 0.3546875 0.6296875 0.3328125 0.6328125 0.3265625 0.6359375 0.3203125 0.6359375 0.3203125 0.625 0.325 0.61875 0.340625 0.6078125 0.3484375 0.6078125 0.3546875 0.6109375
2 0.9140625 0.6578125 0.9421875 0.6578125 0.953125 0.6640625 0.953125 0.678125 0.95 0.68125 0.934375 0.6734375 0.9125 0.6671875 0.9140625 0.659375
2 0.059375 0.6078125 0.059375 0.6015625 0.065625 0.59375 0.0734375 0.59375 0.0765625 0.6 0.0703125 0.6078125 0.0609375 0.6078125
2 0.3375 0.59375 0.340625 0.596875 0.340625 0.6046875 0.321875 0.61875 0.3140625 0.61875 0.3109375 0.615625 0.3140625 0.6046875 0.325 0.596875 0.3359375 0.59375
2 0 0.64375 0.0015625 0.6453125 0 0.65625 0 0.6453125
2 0.478125 0.5625 0.4828125 0.5625 0.4859375 0.5671875 0.4828125 0.5765625 0.4796875 0.5765625 0.4765625 0.575 0.478125 0.5640625
2 0.4453125 0.58125 0.453125 0.59375 0.4515625 0.6 0.446875 0.6078125 0.434375 0.609375 0.43125 0.609375 0.428125 0.5921875 0.4359375 0.5828125 0.44375 0.58125
2 0.7703125 0.61875 0.7828125 0.61875 0.7953125 0.6234375 0.803125 0.6296875 0.8015625 0.6328125 0.7953125 0.63125 0.7875 0.6265625 0.7765625 0.625 0.7703125 0.6203125
2 0.7140625 0.6953125 0.7234375 0.7109375 0.721875 0.7453125 0.715625 0.7609375 0.6953125 0.759375 0.6859375 0.753125 0.6828125 0.7484375 0.684375 0.7140625 0.690625 0.696875 0.6953125 0.6921875 0.70625 0.6921875 0.7125 0.6953125
2 0.603732638888889 0.54359375 0.007997685185185243 0.012557870370370327
2 0.553125 0.540625 0.5578125 0.5390625 0.5609375 0.5421875 0.5609375 0.5453125 0.5546875 0.5515625 0.5515625 0.55 0.553125 0.5421875