2 0.225 0.6686458333333334 0.059375 0.03950231481481481
2 0.615625 0.6962210648148147 0.0484375 0.0628587962962964
2 0.68125 0.7207349537037037 0.0578125 0.07855324074074073
2 0.1625 0.7175462962962962 0.08125 0.07091435185185198
2 0.56953125 0.5903125 0.0296875 0.029907407407407403
2 0.571875 0.8137326388888889 0.1 0.11636574074074062
2 0.63515625 0.5804513888888889 0.034375 0.029942129629629655
2 0.45390625 0.5942939814814815 0.03125 0.03773148148148149
2 0.49609375 0.5978877314814814 0.03125 0.025231481481481487
2 0.35703125 0.9942303240740742 0.0609375 0.006701388888888715
5 0.28203125 0.6275983796296296 0.071875 0.056782407407407476
5 0.7125 0.6283159722222222 0.0953125 0.08195601851851855
2 0.08984375 0.6493344907407408 0.0328125 0.026805555555555572
2 0.5109375 0.5665277777777777 0.0234375 0.02204861111111107
2 0.903125 0.6729976851851852 0.1234375 0.08216435185185186
2 0.4765625 0.5753761574074074 0.03125 0.026793981481481488
3 0.09453125 0.7742997685185184 0.0390625 0.05653935185185173
2 0.02734375 0.6677662037037038 0.021875 0.02828703703703699
4 0.61484375 0.6196643518518519 0.053125 0.07383101851851848
2 0.3421875 0.6255902777777778 0.04375 0.03469907407407398
2 0.57578125 0.5480787037037037 0.028125 0.022083333333333323
0 0.746875 0.7600925925925927 0.1046875 0.17577546296296304
2 0.0234375 0.6982638888888889 0.0078125 0.02662037037037024
2 0.059375 0.6667476851851852 0.0234375 0.02517361111111107
2 0.48984375 0.5932465277777779 0.034375 0.026817129629629476
2 0.603125 0.5736574074074074 0.0265625 0.02207175925925924