3 0.596875 0.553125 0.5984375 0.5546875 0.596875 0.56875 0.59375 0.565625 0.5953125 0.5546875
3 0.61875 0.65 0.621875 0.6578125 0.621875 0.665625 0.61875 0.671875 0.615625 0.6703125 0.6140625 0.6640625 0.6140625 0.6515625 0.6171875 0.65
3 0.5359375 0.5828125 0.540625 0.5875 0.540625 0.59375 0.5375 0.5953125 0.53125 0.5953125 0.53125 0.584375 0.534375 0.5828125
3 0.5796875 0.6015625 0.5890625 0.603125 0.5890625 0.61875 0.5875 0.6203125 0.5859375 0.61875 0.58125 0.6203125 0.5765625 0.6171875 0.5765625 0.609375 0.5796875 0.603125
3 0.2 0.5984375 0.2046875 0.6046875 0.2046875 0.6125 0.2015625 0.6171875 0.196875 0.61875 0.1859375 0.6171875 0.1859375 0.609375 0.190625 0.603125 0.1984375 0.5984375
3 0.459375 0.5921875 0.465625 0.5921875 0.4703125 0.6 0.46875 0.609375 0.45625 0.6078125 0.45625 0.5984375 0.459375 0.59375
3 0.509375 0.7828125 0.515625 0.8 0.5140625 0.821875 0.5125 0.8234375 0.5078125 0.815625 0.5078125 0.784375
3 0.6203125 0.7140625 0.628125 0.71875 0.6296875 0.725 0.628125 0.7421875 0.621875 0.746875 0.615625 0.7171875 0.61875 0.7140625
3 0.1171875 0.6046875 0.1203125 0.6125 0.1203125 0.6203125 0.11875 0.621875 0.1125 0.6203125 0.1125 0.6109375 0.115625 0.60625
3 0.5859375 0.5578125 0.5875 0.5625 0.5859375 0.5734375 0.584375 0.5734375 0.584375 0.559375
1 0.0953125 0.6109375 0.1015625 0.6453125 0.1 0.6671875 0.0640625 0.6890625 0.028125 0.6921875 0.0140625 0.6984375 0 0.709375 0 0.634375 0.05 0.621875 0.053125 0.6171875 0.059375 0.615625 0.0703125 0.615625 0.075 0.6125 0.090625 0.609375 0.09375 0.6109375
1 0.70625 0.621875 0.71875 0.6234375 0.725 0.628125 0.7375 0.6578125 0.7375 0.6796875 0.7390625 0.68125 0.7375 0.6859375 0.7390625 0.721875 0.7375 0.7234375 0.703125 0.7171875 0.7015625 0.7140625 0.6953125 0.6796875 0.6953125 0.65 0.6921875 0.634375 0.6953125 0.63125 0.696875 0.6234375 0.7046875 0.621875
5 0.4625 0.55625 0.4640625 0.5640625 0.4515625 0.5671875 0.44375 0.5765625 0.4375 0.575 0.4375 0.5703125 0.4421875 0.5609375 0.446875 0.5578125 0.4609375 0.55625
5 0.225 0.6265625 0.2296875 0.63125 0.23125 0.6453125 0.2296875 0.6625 0.2234375 0.6703125 0.2109375 0.671875 0.20625 0.6765625 0.196875 0.6796875 0.1875 0.690625 0.184375 0.6890625 0.1609375 0.690625 0.1609375 0.66875 0.1765625 0.6453125 0.184375 0.6390625 0.215625 0.6265625 0.2234375 0.6265625
2 0.734375 0.6171875 0.7328125 0.6125 0.734375 0.6078125 0.7328125 0.59375 0.734375 0.5921875 0.746875 0.59375 0.753125 0.596875 0.759375 0.6046875 0.7484375 0.60625 0.7359375 0.6171875
2 0.9171875 0.6421875 0.940625 0.6421875 0.9515625 0.64375 0.9546875 0.646875 0.9546875 0.6640625 0.9484375 0.6640625 0.9390625 0.6578125 0.9328125 0.6578125 0.9203125 0.6515625 0.915625 0.6515625 0.9171875 0.64375
2 0.3140625 0.59375 0.3171875 0.5984375 0.31875 0.6078125 0.309375 0.621875 0.303125 0.621875 0.3 0.6078125 0.2953125 0.603125 0.2859375 0.6046875 0.275 0.6046875 0.275 0.603125 0.28125 0.596875 0.2890625 0.59375 0.3125 0.59375
2 0.4765625 0.5796875 0.475 0.565625 0.4859375 0.5578125 0.4953125 0.559375 0.496875 0.575 0.4953125 0.578125 0.478125 0.5796875
2 0.0703125 0.5828125 0.084375 0.584375 0.084375 0.5875 0.075 0.5921875 0.06875 0.590625 0.0703125 0.584375
2 0.4375 0.6046875 0.434375 0.59375 0.4359375 0.5828125 0.4453125 0.5796875 0.453125 0.5796875 0.4578125 0.584375 0.4578125 0.5953125 0.4546875 0.6046875 0.4515625 0.60625 0.4390625 0.6046875
2 0.4640625 0.565625 0.4671875 0.5671875 0.459375 0.571875 0.45625 0.578125 0.4390625 0.578125 0.4375 0.5765625 0.4453125 0.5734375 0.4515625 0.5671875 0.4625 0.565625
2 0.5453125 0.59375 0.5640625 0.596875 0.56875 0.60625 0.56875 0.6203125 0.5640625 0.625 0.553125 0.628125 0.5484375 0.628125 0.540625 0.621875 0.5296875 0.6203125 0.528125 0.6046875 0.5359375 0.596875 0.54375 0.5953125
2 0.4734375 0.56875 0.475 0.5859375 0.4703125 0.590625 0.4625 0.590625 0.459375 0.584375 0.45 0.5765625 0.4546875 0.5703125 0.465625 0.5671875 0.471875 0.56875
2 0.2234375 0.61875 0.2328125 0.6125 0.246875 0.6078125 0.253125 0.60625 0.2625 0.6078125 0.2625 0.6171875 0.259375 0.625 0.2484375 0.6359375 0.2328125 0.64375 0.23125 0.63125 0.221875 0.6234375 0.2234375 0.6203125
2 0.2921875 0.603125 0.296875 0.60625 0.3 0.6125 0.3015625 0.6265625 0.290625 0.6359375 0.284375 0.634375 0.2703125 0.6421875 0.2640625 0.6484375 0.2578125 0.6484375 0.2515625 0.6421875 0.25 0.6359375 0.2609375 0.625 0.2640625 0.6140625 0.2671875 0.6109375 0.275 0.60625 0.2828125 0.60625 0.290625 0.603125
2 0.353125 0.59375 0.3625 0.6015625 0.3625 0.609375 0.359375 0.615625 0.3375 0.61875 0.3328125 0.621875 0.3265625 0.621875 0.3234375 0.61875 0.3234375 0.6078125 0.3375 0.6 0.34375 0.59375 0.3515625 0.59375
2 0.36875 0.5796875 0.371875 0.5828125 0.3703125 0.6 0.3625 0.6015625 0.3515625 0.590625 0.36875 0.58125
2 0.4828125 0.8875 0.4953125 0.8890625 0.5078125 0.8953125 0.51875 0.90625 0.5234375 0.9171875 0.525 0.95625 0.5203125 0.9703125 0.5203125 0.98125 0.5171875 0.990625 0.390625 0.9921875 0.4 0.9671875 0.4078125 0.9578125 0.421875 0.9328125 0.4390625 0.9109375 0.45 0.903125 0.4640625 0.903125 0.475 0.890625 0.48125 0.8890625
2 0.06875 0.6921875 0.075 0.6984375 0.075 0.7125 0.06875 0.7203125 0.0625 0.7265625 0.0546875 0.7265625 0.025 0.7421875 0.0140625 0.753125 0.0078125 0.75625 0.0046875 0.7546875 0 0.75625 0 0.7109375 0.015625 0.7 0.0234375 0.6984375 0.0265625 0.6953125 0.0484375 0.69375 0.0515625 0.690625 0.0671875 0.6921875
2 0.771875 0.6046875 0.7875 0.60625 0.790625 0.6046875 0.80625 0.6140625 0.8 0.615625 0.7953125 0.6125 0.7828125 0.6125 0.771875 0.60625
2 0.57890625 0.5461111111111111 0.0125 0.022060185185185155
2 0.925 0.9578125 0.9375 0.959375 0.9421875 0.9625 0.9484375 0.9703125 0.9484375 0.975 0.953125 0.984375 0.8625 0.9859375 0.8734375 0.975 0.8875 0.9703125 0.896875 0.9640625 0.9125 0.959375 0.9234375 0.959375
2 0.6296875 0.6078125 0.6359375 0.6171875 0.6390625 0.628125 0.6390625 0.6453125 0.6375 0.646875 0.6140625 0.6421875 0.6109375 0.6375 0.6109375 0.6140625 0.6171875 0.6078125 0.628125 0.6078125
2 0.53125 0.546875 0.5328125 0.5515625 0.5234375 0.559375 0.5203125 0.559375 0.51875 0.5515625 0.521875 0.546875 0.5296875 0.546875
2 0.4703125 0.5640625 0.4765625 0.553125 0.490625 0.5515625 0.49375 0.55625 0.48125 0.5609375 0.478125 0.5640625 0.478125 0.56875 0.471875 0.565625
2 0.0640625 0.596875 0.0609375 0.6015625 0.059375 0.6125 0.0453125 0.6203125 0.0359375 0.6203125 0.0359375 0.6046875 0.0390625 0.6 0.046875 0.5953125 0.0625 0.596875
2 0.5125 0.553125 0.5140625 0.56875 0.50625 0.571875 0.5015625 0.571875 0.4984375 0.56875 0.496875 0.5578125 0.5015625 0.5515625 0.5109375 0.553125