5 0.34375 0.584375 0.3453125 0.5859375 0.34375 0.5984375 0.3265625 0.6 0.3171875 0.609375 0.30625 0.6140625 0.3015625 0.6078125 0.3015625 0.603125 0.309375 0.5875 0.3421875 0.584375
5 0.6453125 0.66875 0.6515625 0.6703125 0.6578125 0.6796875 0.65625 0.71875 0.653125 0.740625 0.64375 0.7359375 0.63125 0.734375 0.61875 0.7359375 0.6171875 0.73125 0.61875 0.6890625 0.621875 0.6875 0.6234375 0.675 0.63125 0.6671875 0.64375 0.66875
5 0.5890625 0.5703125 0.596875 0.5734375 0.5984375 0.5796875 0.5953125 0.596875 0.5890625 0.596875 0.58125 0.5875 0.5828125 0.5734375 0.5875 0.5703125
5 0.359375 0.5828125 0.3609375 0.584375 0.359375 0.5859375 0.359375 0.6078125 0.3515625 0.6109375 0.3484375 0.609375 0.346875 0.6046875 0.3453125 0.5890625 0.3484375 0.584375 0.3578125 0.5828125
5 0.659375 0.621875 0.6640625 0.6296875 0.665625 0.64375 0.6640625 0.659375 0.6609375 0.6609375 0.6453125 0.6578125 0.6359375 0.6453125 0.6375 0.61875 0.640625 0.615625 0.6484375 0.615625 0.6578125 0.621875
4 0.5671875 0.5421875 0.5703125 0.540625 0.578125 0.5421875 0.58125 0.553125 0.578125 0.5625 0.56875 0.5640625 0.5671875 0.54375
4 0.5625 0.725 0.56875 0.728125 0.5765625 0.7375 0.575 0.7734375 0.5734375 0.775 0.5640625 0.7734375 0.5484375 0.7875 0.54375 0.7890625 0.5390625 0.796875 0.5390625 0.803125 0.534375 0.809375 0.5234375 0.8015625 0.503125 0.7953125 0.49375 0.7875 0.4921875 0.7828125 0.49375 0.7578125 0.5109375 0.74375 0.515625 0.73125 0.528125 0.7203125 0.5421875 0.71875 0.5609375 0.725
4 0.5898726851851852 0.5825578703703703 0.017604166666666643 0.028252314814814827
4 0.028125 0.703125 0.0359375 0.70625 0.0453125 0.7171875 0.046875 0.7375 0.0328125 0.7515625 0.0265625 0.76875 0.01875 0.7734375 0.009375 0.7671875 0 0.771875 0 0.709375 0.0125 0.7046875 0.0265625 0.7046875
4 0.4875 0.5734375 0.4953125 0.5890625 0.4953125 0.6015625 0.4859375 0.609375 0.465625 0.6078125 0.4609375 0.6109375 0.4578125 0.6109375 0.4546875 0.60625 0.45625 0.596875 0.4609375 0.5953125 0.4609375 0.584375 0.4640625 0.578125 0.4671875 0.575 0.4859375 0.5734375
0 0.1359375 0.6359375 0.1390625 0.640625 0.1375 0.653125 0.140625 0.6640625 0.140625 0.6703125 0.1375 0.6734375 0.1296875 0.6734375 0.11875 0.684375 0.1109375 0.684375 0.0921875 0.69375 0.084375 0.6953125 0.0671875 0.70625 0.053125 0.709375 0.0421875 0.709375 0.0375 0.703125 0.028125 0.6984375 0.028125 0.69375 0.0328125 0.6921875 0.04375 0.68125 0.0515625 0.6796875 0.05625 0.675 0.0546875 0.6625 0.0578125 0.65625 0.06875 0.6546875 0.0796875 0.6484375 0.1015625 0.64375 0.1046875 0.640625 0.1125 0.640625 0.1203125 0.6359375 0.134375 0.6359375
3 0.19375 0.6171875 0.19375 0.6234375 0.1875 0.625 0.1734375 0.625 0.1734375 0.6171875 0.1828125 0.6109375 0.1875 0.6109375 0.1921875 0.6171875
3 0.14737847222222222 0.6527256944444444 0.015902777777777776 0.018865740740740745
3 0.6125 0.615625 0.615625 0.6171875 0.6140625 0.6390625 0.6109375 0.6390625 0.6078125 0.634375 0.6078125 0.621875 0.6109375 0.6171875
3 0.5359375 0.621875 0.5390625 0.6203125 0.546875 0.621875 0.546875 0.6359375 0.534375 0.6328125 0.5359375 0.6234375
3 0.296875 0.6078125 0.3 0.6140625 0.3 0.625 0.284375 0.6296875 0.2828125 0.6203125 0.2859375 0.6140625 0.2953125 0.6078125
3 0.2015625 0.6484375 0.20625 0.65 0.20625 0.6546875 0.2015625 0.6578125 0.2015625 0.671875 0.1984375 0.675 0.1921875 0.675 0.1859375 0.6796875 0.18125 0.6796875 0.18125 0.6734375 0.1875 0.65625 0.190625 0.653125 0.1953125 0.659375 0.1984375 0.659375 0.2015625 0.65625 0.2015625 0.65
3 0.690625 0.7234375 0.6984375 0.721875 0.7015625 0.7390625 0.7015625 0.75 0.6984375 0.753125 0.6921875 0.7515625 0.690625 0.725
3 0 0.621875 0.00625 0.625 0.0078125 0.6328125 0.00625 0.6375 0 0.640625 0 0.6234375
3 0.1453125 0.6140625 0.1484375 0.615625 0.15 0.6203125 0.1484375 0.63125 0.1390625 0.634375 0.1359375 0.63125 0.1359375 0.6234375 0.14375 0.615625
3 0.7203125 0.6046875 0.7203125 0.5953125 0.7234375 0.5921875 0.7296875 0.596875 0.7296875 0.6078125 0.721875 0.6046875
2 0.2578125 0.5953125 0.2640625 0.6015625 0.2625 0.6171875 0.2578125 0.6171875 0.2546875 0.6140625 0.2453125 0.6140625 0.240625 0.6171875 0.2328125 0.615625 0.2234375 0.6234375 0.2203125 0.621875 0.2203125 0.6109375 0.225 0.60625 0.2328125 0.6046875 0.2421875 0.5953125 0.25625 0.5953125
2 0.6140625 0.5984375 0.621875 0.6015625 0.625 0.61875 0.6234375 0.6265625 0.6171875 0.6234375 0.6171875 0.6171875 0.6140625 0.6125 0.6109375 0.6140625 0.6078125 0.6203125 0.6 0.61875 0.6015625 0.6 0.6125 0.5984375
2 0.071875 0.5875 0.0734375 0.5921875 0.065625 0.5984375 0.0578125 0.5984375 0.05625 0.59375 0.0625 0.5875 0.0703125 0.5875
2 0.5265625 0.6 0.5328125 0.6078125 0.5328125 0.6171875 0.528125 0.6234375 0.51875 0.6234375 0.5140625 0.61875 0.503125 0.61875 0.5 0.615625 0.5 0.609375 0.50625 0.6015625 0.515625 0.596875 0.521875 0.596875 0.525 0.6
2 0.2640625 0.60625 0.2546875 0.596875 0.25625 0.5921875 0.2609375 0.5921875 0.2640625 0.596875 0.2640625 0.6046875
2 0.5921875 0.6234375 0.5984375 0.6296875 0.6015625 0.640625 0.6015625 0.65625 0.6 0.6578125 0.5953125 0.6546875 0.5875 0.6546875 0.58125 0.6578125 0.578125 0.6484375 0.575 0.646875 0.5765625 0.6265625 0.58125 0.621875 0.590625 0.6234375
2 0.7578125 0.625 0.76875 0.6234375 0.7890625 0.63125 0.7921875 0.634375 0.7921875 0.6375 0.7890625 0.6375 0.759375 0.6265625
2 0.543443287037037 0.6048726851851851 0.022199074074074066 0.022037037037037077
2 0.7359375 0.6140625 0.7421875 0.621875 0.734375 0.621875 0.73125 0.625 0.7296875 0.6421875 0.7265625 0.6453125 0.7203125 0.634375 0.721875 0.6234375 0.7203125 0.6140625 0.7234375 0.6109375 0.73125 0.6109375 0.734375 0.6140625
2 0.559375 0.5828125 0.5640625 0.5875 0.565625 0.5953125 0.5640625 0.60625 0.5546875 0.60625 0.5453125 0.5921875 0.546875 0.5859375 0.5578125 0.5828125
2 0.0953125 0.6015625 0.0984375 0.603125 0.1015625 0.6109375 0.1015625 0.621875 0.096875 0.625 0.0921875 0.6234375 0.0875 0.6265625 0.078125 0.6234375 0.078125 0.615625 0.08125 0.6078125 0.0859375 0.603125 0.09375 0.6015625
2 0.446875 0.5796875 0.4484375 0.590625 0.446875 0.5875 0.4390625 0.584375 0.4296875 0.584375 0.434375 0.5796875 0.4453125 0.5796875
2 0.390625 0.6015625 0.3953125 0.603125 0.39375 0.61875 0.390625 0.61875 0.390625 0.603125
2 0.4703125 0.5703125 0.471875 0.571875 0.4671875 0.5734375 0.4625 0.58125 0.453125 0.5875 0.4484375 0.5859375 0.45 0.578125 0.4609375 0.5703125 0.46875 0.5703125
2 0.2578125 0.6171875 0.2625 0.6234375 0.2578125 0.6375 0.2390625 0.640625 0.2328125 0.646875 0.2296875 0.6453125 0.21875 0.646875 0.2171875 0.64375 0.21875 0.6296875 0.2296875 0.61875 0.2390625 0.61875 0.24375 0.615625 0.25625 0.6171875
2 0.390625 0.584375 0.3953125 0.584375 0.3953125 0.6015625 0.39375 0.603125 0.390625 0.603125 0.390625 0.5859375
2 0.5015625 0.5609375 0.50625 0.565625 0.50625 0.5734375 0.5015625 0.5765625 0.490625 0.575 0.490625 0.565625 0.5 0.5609375
2 0.7203125 0.6671875 0.7359375 0.6734375 0.753125 0.6921875 0.7515625 0.69375 0.753125 0.709375 0.7421875 0.715625 0.7296875 0.7171875 0.71875 0.70625 0.70625 0.7 0.6921875 0.6984375 0.6859375 0.6921875 0.6890625 0.675 0.69375 0.671875 0.71875 0.6671875
2 0.425 0.5890625 0.43125 0.584375 0.4453125 0.584375 0.45 0.5953125 0.4453125 0.60625 0.4421875 0.6078125 0.428125 0.60625 0.425 0.6046875 0.4234375 0.6 0.425 0.590625
2 0.34793402777777777 0.6167071759259259 0.09113425925925922 0.0350462962962963
2 0.1 0.5828125 0.1015625 0.5921875 0.09375 0.596875 0.0875 0.59375 0.0875 0.5890625 0.09375 0.5828125 0.0984375 0.5828125
2 0.578125 0.578125 0.5796875 0.5796875 0.578125 0.5984375 0.575 0.6 0.565625 0.59375 0.5640625 0.5828125 0.5671875 0.5765625 0.5765625 0.578125
2 0.4890625 0.565625 0.490625 0.5734375 0.4734375 0.5734375 0.4765625 0.565625 0.48125 0.5640625 0.4875 0.565625
2 0.109375 0.5921875 0.1125 0.59375 0.115625 0.6 0.115625 0.6078125 0.1078125 0.6078125 0.10625 0.596875 0.109375 0.59375