0 0.69375 0.6984375 0.70625 0.7 0.721875 0.70625 0.725 0.715625 0.7234375 0.7265625 0.7234375 0.734375 0.7265625 0.7359375 0.725 0.759375 0.721875 0.7625 0.7203125 0.778125 0.7171875 0.7796875 0.715625 0.796875 0.7125 0.8 0.7125 0.8109375 0.709375 0.81875 0.70625 0.8203125 0.6890625 0.809375 0.6734375 0.803125 0.6703125 0.7953125 0.675 0.7578125 0.675 0.73125 0.6765625 0.7265625 0.6828125 0.7203125 0.6859375 0.709375 0.6921875 0.7
5 0.4671875 0.5625 0.4734375 0.565625 0.4734375 0.56875 0.4671875 0.5734375 0.459375 0.5875 0.45 0.5859375 0.446875 0.5703125 0.4484375 0.5671875 0.4578125 0.5625 0.465625 0.5625
5 0.6640625 0.6171875 0.6703125 0.6203125 0.675 0.628125 0.6734375 0.634375 0.675 0.6390625 0.671875 0.6515625 0.6671875 0.6546875 0.659375 0.6484375 0.6546875 0.6515625 0.6390625 0.6359375 0.640625 0.621875 0.6453125 0.6140625 0.659375 0.6140625 0.6625 0.6171875
5 0.484375 0.575 0.496875 0.5765625 0.5015625 0.5796875 0.5015625 0.5890625 0.4984375 0.6 0.4953125 0.6015625 0.4921875 0.6 0.4828125 0.5890625 0.478125 0.5875 0.471875 0.5875 0.4671875 0.590625 0.4625 0.5890625 0.4640625 0.5796875 0.46875 0.5765625 0.4828125 0.5765625
4 0.571875 0.6046875 0.578125 0.6 0.58125 0.59375 0.5859375 0.5921875 0.6078125 0.596875 0.6125 0.6015625 0.6109375 0.6296875 0.6078125 0.6375 0.603125 0.640625 0.5890625 0.640625 0.5828125 0.634375 0.5734375 0.6359375 0.56875 0.6296875 0.56875 0.6109375 0.571875 0.60625
4 0.2875 0.5640625 0.2890625 0.565625 0.3140625 0.5640625 0.3171875 0.5671875 0.3171875 0.58125 0.3140625 0.59375 0.30625 0.6 0.2953125 0.596875 0.2859375 0.5984375 0.28125 0.59375 0.2703125 0.59375 0.2703125 0.58125 0.2765625 0.571875 0.2859375 0.565625
4 0.746875 0.6328125 0.7515625 0.6359375 0.7578125 0.6359375 0.771875 0.64375 0.7859375 0.646875 0.7875 0.65 0.8 0.6515625 0.8078125 0.65625 0.80625 0.6578125 0.80625 0.6921875 0.803125 0.715625 0.796875 0.7234375 0.784375 0.7234375 0.7796875 0.7265625 0.7640625 0.721875 0.753125 0.721875 0.746875 0.7109375 0.73125 0.7046875 0.728125 0.7 0.7140625 0.696875 0.7140625 0.69375 0.7078125 0.6890625 0.70625 0.671875 0.709375 0.653125 0.728125 0.634375 0.7453125 0.6328125
3 0.6296875 0.6859375 0.634375 0.690625 0.634375 0.7015625 0.63125 0.7078125 0.625 0.7046875 0.625 0.6875 0.628125 0.6859375
3 0.5169155092592593 0.59609375 0.011064814814814828 0.0171875
3 0.675 0.7015625 0.678125 0.715625 0.675 0.7265625 0.671875 0.725 0.671875 0.7203125 0.6671875 0.7125 0.6671875 0.70625 0.6734375 0.7015625
3 0.6890625 0.675 0.690625 0.6828125 0.6875 0.6890625 0.6890625 0.6953125 0.6875 0.7015625 0.6796875 0.7 0.6765625 0.690625 0.678125 0.6859375 0.6765625 0.6765625 0.6796875 0.6734375 0.6875 0.675
3 0.4953125 0.603125 0.5015625 0.60625 0.5 0.6203125 0.49375 0.621875 0.484375 0.6171875 0.4875 0.6078125 0.49375 0.6046875
3 0.625 0.6328125 0.628125 0.6359375 0.628125 0.6484375 0.625 0.653125 0.6203125 0.6546875 0.61875 0.6515625 0.6203125 0.6359375 0.6234375 0.634375
3 0.103125 0.5765625 0.10625 0.578125 0.10625 0.5890625 0.103125 0.5921875 0.0984375 0.590625 0.1 0.578125 0.1015625 0.578125
3 0.6828125 0.675 0.6875 0.6734375 0.690625 0.6765625 0.690625 0.684375 0.6875 0.6890625 0.6890625 0.6953125 0.6875 0.7015625 0.678125 0.696875 0.678125 0.6875 0.6828125 0.6765625
2 0.5921875 0.565625 0.5984375 0.5703125 0.5953125 0.584375 0.584375 0.5796875 0.5828125 0.5765625 0.584375 0.56875 0.590625 0.565625
2 0.5359375 0.5984375 0.5453125 0.6 0.5515625 0.603125 0.553125 0.60625 0.5515625 0.6109375 0.553125 0.6234375 0.55 0.628125 0.5359375 0.628125 0.53125 0.6234375 0.51875 0.6234375 0.5140625 0.6203125 0.5140625 0.6109375 0.5203125 0.6046875 0.534375 0.5984375
2 0.6359375 0.6484375 0.64375 0.653125 0.646875 0.6609375 0.6484375 0.6671875 0.646875 0.66875 0.6484375 0.675 0.646875 0.6921875 0.6359375 0.6859375 0.6375 0.6796875 0.63125 0.6671875 0.6265625 0.66875 0.625 0.678125 0.621875 0.6765625 0.6203125 0.66875 0.621875 0.6546875 0.625 0.6546875 0.6296875 0.6484375 0.634375 0.6484375
2 0.0375 0.559375 0.0421875 0.55625 0.053125 0.55625 0.05625 0.5609375 0.0484375 0.5640625 0.04375 0.56875 0.0390625 0.58125 0.0359375 0.5828125 0.0328125 0.578125 0.0328125 0.5703125 0.0375 0.5609375
2 0.590625 0.58125 0.5984375 0.5890625 0.5984375 0.5921875 0.5796875 0.59375 0.5765625 0.6 0.5703125 0.5984375 0.571875 0.5890625 0.5734375 0.5875 0.575 0.5890625 0.584375 0.58125 0.5890625 0.58125
2 0.5046875 0.5578125 0.5109375 0.5578125 0.5125 0.5609375 0.5125 0.5703125 0.5046875 0.5734375 0.503125 0.571875 0.5046875 0.559375
2 0.2265625 0.58125 0.2328125 0.584375 0.234375 0.5875 0.2375 0.5859375 0.2421875 0.5875 0.2421875 0.5953125 0.2359375 0.6015625 0.215625 0.6046875 0.2125 0.603125 0.2 0.6046875 0.196875 0.596875 0.2 0.5921875 0.2109375 0.584375 0.225 0.58125
2 0.0046875 0.575 0.0109375 0.575 0.015625 0.58125 0.015625 0.5859375 0.0109375 0.5953125 0.0046875 0.596875 0.0046875 0.5765625
2 0.4296875 0.578125 0.4375 0.5796875 0.4421875 0.5875 0.4375 0.6015625 0.43125 0.60625 0.428125 0.5984375 0.4296875 0.5796875
2 0.503125 0.559375 0.50625 0.5625 0.5046875 0.571875 0.5015625 0.575 0.490625 0.5734375 0.49375 0.5609375 0.5015625 0.559375
2 0.4328125 0.5671875 0.4453125 0.565625 0.4484375 0.5765625 0.4484375 0.5859375 0.4421875 0.5890625 0.440625 0.5828125 0.4359375 0.578125 0.43125 0.5796875 0.4296875 0.571875 0.4328125 0.56875
2 0.2796875 0.5953125 0.2859375 0.6 0.2875 0.6046875 0.284375 0.6203125 0.2796875 0.6234375 0.2609375 0.625 0.2515625 0.63125 0.234375 0.628125 0.2328125 0.6171875 0.2390625 0.6125 0.24375 0.6125 0.2484375 0.6046875 0.2578125 0.5984375 0.265625 0.5953125 0.26875 0.596875 0.278125 0.5953125
2 0.571875 0.678125 0.578125 0.675 0.5859375 0.675 0.596875 0.6828125 0.5984375 0.6921875 0.5984375 0.7015625 0.5953125 0.7046875 0.5953125 0.7109375 0.5859375 0.721875 0.5828125 0.71875 0.5640625 0.71875 0.5640625 0.7015625 0.571875 0.6796875
2 0.35358796296296297 0.58984375 0.025196759259259283 0.0265625
2 0.596875 0.715625 0.6203125 0.7234375 0.6234375 0.728125 0.628125 0.7296875 0.63125 0.7359375 0.6296875 0.75625 0.6265625 0.7640625 0.6125 0.7765625 0.6125 0.7796875 0.60625 0.784375 0.6015625 0.7796875 0.5953125 0.7796875 0.5828125 0.775 0.578125 0.7765625 0.575 0.7734375 0.5796875 0.74375 0.578125 0.740625 0.5828125 0.7359375 0.5875 0.7234375 0.5953125 0.7171875
2 0.0022453703703703702 0.59609375 0.0044907407407407405 0.0203125
2 0.340625 0.5734375 0.346875 0.578125 0.34375 0.5890625 0.3421875 0.590625 0.3375 0.5890625 0.325 0.59375 0.3171875 0.590625 0.3171875 0.5828125 0.3296875 0.5734375 0.3359375 0.571875 0.3390625 0.5734375
2 0.5875 0.5484375 0.590625 0.5484375 0.590625 0.5546875 0.59375 0.5578125 0.5921875 0.565625 0.5859375 0.56875 0.584375 0.5671875 0.584375 0.5578125 0.5875 0.5546875 0.5875 0.55
2 0.7140625 0.6078125 0.71875 0.609375 0.7234375 0.60625 0.73125 0.60625 0.740625 0.6109375 0.7515625 0.6265625 0.7515625 0.63125 0.725 0.6265625 0.7109375 0.6171875 0.7140625 0.609375
2 0.109375 0.5453125 0.1125 0.5515625 0.10625 0.5578125 0.096875 0.5578125 0.0953125 0.5546875 0.0984375 0.5484375 0.103125 0.5453125 0.1078125 0.5453125
2 0.4734375 0.571875 0.4828125 0.5625 0.490625 0.5640625 0.4921875 0.56875 0.4875 0.575 0.4734375 0.5734375
2 0.51875 0.5625 0.51875 0.55625 0.521875 0.5515625 0.528125 0.553125 0.528125 0.5625 0.525 0.5640625 0.5203125 0.5625
2 0.590625 0.54375 0.5921875 0.5515625 0.5875 0.553125 0.584375 0.55 0.5859375 0.5453125 0.5890625 0.5453125
2 0.4828125 0.590625 0.4890625 0.596875 0.4890625 0.60625 0.4828125 0.615625 0.48125 0.6140625 0.4796875 0.615625 0.465625 0.6140625 0.4640625 0.6109375 0.4609375 0.6125 0.4546875 0.6109375 0.4546875 0.6015625 0.459375 0.5921875 0.46875 0.5890625 0.48125 0.590625