0 0.1703125 0.6203125 0.1703125 0.6375 0.1609375 0.6484375 0.159375 0.659375 0.1484375 0.66875 0.13125 0.6703125 0.1203125 0.6734375 0.1171875 0.6765625 0.090625 0.6796875 0.084375 0.684375 0.075 0.6859375 0.0703125 0.6828125 0.0703125 0.678125 0.0765625 0.6609375 0.08125 0.65625 0.0890625 0.6546875 0.0953125 0.6484375 0.096875 0.6375 0.103125 0.634375 0.1109375 0.634375 0.1125 0.63125 0.121875 0.628125 0.1328125 0.628125 0.1390625 0.625 0.16875 0.6203125
0 0.16875 0.6421875 0.1734375 0.6390625 0.1921875 0.6359375 0.1984375 0.63125 0.215625 0.625 0.2265625 0.6234375 0.23125 0.628125 0.2296875 0.6609375 0.2265625 0.6609375 0.2171875 0.6703125 0.2046875 0.6703125 0.1671875 0.6875 0.1625 0.6921875 0.15 0.690625 0.1453125 0.6859375 0.1453125 0.6796875 0.1484375 0.671875 0.1546875 0.665625 0.1578125 0.665625 0.1625 0.659375 0.1625 0.65 0.16875 0.64375
0 0.659375 0.6046875 0.6703125 0.6140625 0.66875 0.6453125 0.665625 0.6484375 0.659375 0.6484375 0.6515625 0.6375 0.646875 0.6375 0.6359375 0.628125 0.6390625 0.603125 0.6484375 0.6015625 0.6578125 0.6046875
3 0.6088541666666666 0.6986921296296297 0.012893518518518565 0.026655092592592577
3 0.6109375 0.675 0.6140625 0.6796875 0.615625 0.69375 0.6140625 0.70625 0.6109375 0.7109375 0.60625 0.70625 0.60625 0.6984375 0.6015625 0.6828125 0.603125 0.6796875 0.609375 0.6828125 0.6109375 0.6765625
3 0.646875 0.6421875 0.6515625 0.640625 0.6546875 0.64375 0.653125 0.6703125 0.65 0.66875 0.646875 0.659375 0.646875 0.64375
3 0.125 0.6078125 0.1296875 0.6171875 0.128125 0.621875 0.121875 0.6234375 0.1234375 0.609375
3 0.1984375 0.60625 0.2046875 0.603125 0.209375 0.603125 0.2109375 0.60625 0.2109375 0.61875 0.2015625 0.621875 0.19375 0.61875 0.19375 0.6140625 0.1984375 0.6078125
3 0.24375 0.6421875 0.2578125 0.640625 0.25625 0.6578125 0.24375 0.6640625 0.240625 0.6640625 0.240625 0.65 0.24375 0.64375
3 0.703125 0.625 0.709375 0.628125 0.709375 0.6421875 0.7046875 0.6421875 0.7015625 0.628125 0.703125 0.6265625
3 0.584375 0.6 0.5859375 0.6015625 0.5828125 0.6171875 0.571875 0.615625 0.571875 0.6046875 0.5734375 0.603125 0.578125 0.60625 0.5828125 0.6015625
4 0.575 0.5390625 0.578125 0.540625 0.5796875 0.5453125 0.5796875 0.565625 0.5765625 0.571875 0.5703125 0.571875 0.56875 0.56875 0.56875 0.540625 0.5734375 0.5390625
4 0.3515625 0.5703125 0.359375 0.578125 0.359375 0.5859375 0.3484375 0.590625 0.3453125 0.596875 0.3375 0.5984375 0.33125 0.6046875 0.3265625 0.6140625 0.3234375 0.6140625 0.3203125 0.609375 0.3234375 0.5921875 0.3296875 0.5859375 0.33125 0.578125 0.334375 0.575 0.35 0.5703125
5 0.6125 0.603125 0.6234375 0.6125 0.625 0.6171875 0.625 0.65 0.621875 0.6546875 0.615625 0.6515625 0.6046875 0.6546875 0.6015625 0.653125 0.5953125 0.640625 0.59375 0.628125 0.5953125 0.6046875 0.6109375 0.603125
5 0.5859375 0.55625 0.59375 0.559375 0.5953125 0.578125 0.5859375 0.58125 0.5828125 0.5796875 0.58125 0.5625 0.584375 0.5578125
2 0.371875 0.6171875 0.3703125 0.6015625 0.375 0.596875 0.378125 0.6 0.378125 0.615625 0.3734375 0.6171875
2 0.953125 0.653125 0.9546875 0.6546875 0.9546875 0.671875 0.946875 0.6703125 0.940625 0.665625 0.9328125 0.665625 0.9171875 0.6578125 0.91875 0.65 0.9421875 0.65 0.9515625 0.653125
2 0.28125 0.5984375 0.2953125 0.59375 0.30625 0.59375 0.3171875 0.6078125 0.3171875 0.6140625 0.3140625 0.6203125 0.3078125 0.603125 0.29375 0.6015625 0.2828125 0.6125 0.275 0.6140625 0.2671875 0.6203125 0.265625 0.61875 0.2671875 0.6125 0.28125 0.6
2 0.5953125 0.5375 0.596875 0.55 0.5890625 0.5484375 0.5890625 0.540625 0.59375 0.5375
2 0.540625 0.5953125 0.55 0.603125 0.553125 0.609375 0.55 0.61875 0.546875 0.6203125 0.5296875 0.6203125 0.5171875 0.6171875 0.5171875 0.6046875 0.5296875 0.596875 0.5390625 0.5953125
2 0.48125 0.5765625 0.484375 0.578125 0.4875 0.5859375 0.484375 0.5921875 0.484375 0.5984375 0.471875 0.60625 0.465625 0.6046875 0.4625 0.60625 0.459375 0.5953125 0.4671875 0.5796875 0.4796875 0.5765625
2 0.4421875 0.584375 0.4484375 0.584375 0.4515625 0.5875 0.453125 0.6015625 0.45 0.6125 0.4421875 0.6109375 0.440625 0.6015625 0.4421875 0.5859375
2 0.7359375 0.6 0.7453125 0.5984375 0.759375 0.6078125 0.7578125 0.6125 0.7515625 0.6125 0.7453125 0.615625 0.7421875 0.6234375 0.7375 0.625 0.7359375 0.6015625
2 0.5109375 0.559375 0.5125 0.5671875 0.5078125 0.5734375 0.5 0.5734375 0.496875 0.5703125 0.496875 0.5640625 0.5 0.559375 0.50625 0.5578125 0.509375 0.559375
2 0.4609375 0.5671875 0.465625 0.5703125 0.4671875 0.5765625 0.45625 0.5859375 0.4515625 0.584375 0.4484375 0.578125 0.4484375 0.571875 0.4515625 0.5671875 0.459375 0.5671875
2 0.518443287037037 0.5555960648148147 0.012754629629629654 0.017280092592592576
2 0.3640625 0.5875 0.36875 0.5984375 0.36875 0.6078125 0.3609375 0.6140625 0.35 0.6140625 0.34375 0.6171875 0.3328125 0.6171875 0.33125 0.6046875 0.34375 0.5921875 0.353125 0.5875 0.359375 0.5859375 0.3625 0.5875
2 0.4078125 0.5828125 0.4109375 0.5828125 0.4125 0.5859375 0.4125 0.603125 0.409375 0.6078125 0.4078125 0.60625 0.4078125 0.584375
2 0.3125 0.6015625 0.3140625 0.603125 0.3125 0.6125 0.3140625 0.621875 0.3078125 0.6296875 0.2953125 0.6359375 0.284375 0.6359375 0.2859375 0.6265625 0.284375 0.6203125 0.278125 0.615625 0.275 0.61875 0.2734375 0.6109375 0.2828125 0.6109375 0.29375 0.6015625 0.303125 0.603125 0.3078125 0.6 0.3109375 0.6015625
2 0.03990162037037037 0.6364930555555556 0.03171296296296296 0.031481481481481485
2 0.0921875 0.5859375 0.09375 0.5875 0.0921875 0.590625 0.0828125 0.5984375 0.075 0.5984375 0.0765625 0.5890625 0.0796875 0.5859375 0.090625 0.5859375
2 0.3421875 0.5921875 0.3390625 0.5984375 0.33125 0.6046875 0.33125 0.609375 0.328125 0.6140625 0.3234375 0.6140625 0.3203125 0.6109375 0.3234375 0.5921875 0.328125 0.5875 0.3359375 0.5875 0.340625 0.5921875
2 0.009375 0.628125 0.015625 0.6296875 0.021875 0.6375 0.009375 0.65 0.009375 0.6296875
2 0.775 0.6109375 0.79375 0.6125 0.80625 0.61875 0.8078125 0.6234375 0.7953125 0.61875 0.7828125 0.6171875 0.775 0.6125
2 0.253125 0.621875 0.246875 0.615625 0.234375 0.6296875 0.228125 0.621875 0.2359375 0.609375 0.24375 0.6015625 0.2515625 0.5984375 0.265625 0.5984375 0.2703125 0.6046875 0.2703125 0.609375 0.265625 0.6171875 0.2578125 0.6234375 0.2546875 0.621875
2 0.4953125 0.5671875 0.4984375 0.58125 0.4953125 0.5859375 0.490625 0.5875 0.4875 0.5859375 0.4859375 0.5796875 0.478125 0.575 0.478125 0.5703125 0.484375 0.565625 0.49375 0.5671875
2 0.46875 0.578125 0.4671875 0.5703125 0.475 0.5625 0.4859375 0.5625 0.4859375 0.565625 0.4734375 0.5765625 0.4703125 0.5765625
2 0.5309432870370371 0.5555034722222223 0.012731481481481488 0.015717592592592578