3 0.5953125 0.55625 0.596875 0.5640625 0.5953125 0.5703125 0.59375 0.5578125
3 0.1203125 0.6078125 0.1234375 0.6109375 0.1234375 0.6265625 0.1171875 0.6265625 0.1125 0.6234375 0.1140625 0.6125 0.11875 0.6078125
3 0.578125 0.559375 0.5796875 0.565625 0.578125 0.571875 0.5765625 0.571875 0.5765625 0.5609375
3 0.1578125 0.6125 0.1625 0.615625 0.1640625 0.6265625 0.1484375 0.6296875 0.1484375 0.6171875 0.15625 0.6140625
3 0.175 0.61875 0.178125 0.621875 0.1859375 0.6203125 0.1859375 0.628125 0.171875 0.63125 0.1703125 0.625 0.1734375 0.6203125
3 0.290625 0.5953125 0.29375 0.5984375 0.29375 0.609375 0.2875 0.6125 0.2828125 0.6125 0.28125 0.60625 0.2859375 0.596875 0.2890625 0.5953125
5 0.33125 0.5875 0.3390625 0.5921875 0.3390625 0.6015625 0.334375 0.60625 0.33125 0.6140625 0.31875 0.615625 0.3140625 0.6203125 0.303125 0.6171875 0.303125 0.6078125 0.3140625 0.596875 0.3171875 0.590625 0.3296875 0.5875
5 0.58125 0.59375 0.584375 0.6078125 0.5828125 0.6203125 0.571875 0.6234375 0.5671875 0.6234375 0.5609375 0.6171875 0.55625 0.615625 0.5546875 0.5953125 0.559375 0.590625 0.5734375 0.590625 0.5796875 0.59375
5 0.51875 0.6 0.5265625 0.59375 0.5375 0.59375 0.553125 0.596875 0.5546875 0.603125 0.553125 0.6046875 0.5546875 0.6203125 0.546875 0.6265625 0.54375 0.625 0.5375 0.628125 0.534375 0.6234375 0.521875 0.625 0.51875 0.621875 0.515625 0.6140625 0.51875 0.6015625
5 0.1265625 0.675 0.128125 0.7140625 0.1265625 0.71875 0.11875 0.725 0.115625 0.734375 0.1125 0.7375 0.1 0.7390625 0.0875 0.746875 0.0765625 0.75625 0.06875 0.7703125 0.065625 0.771875 0.046875 0.7703125 0.0390625 0.775 0.028125 0.775 0.021875 0.7703125 0.0234375 0.7515625 0.0296875 0.7421875 0.046875 0.728125 0.0515625 0.7171875 0.0640625 0.70625 0.065625 0.696875 0.0796875 0.6859375 0.096875 0.678125 0.10625 0.678125 0.1109375 0.675 0.125 0.675
5 0.1109375 0.6609375 0.115625 0.66875 0.115625 0.6734375 0.096875 0.6765625 0.0671875 0.69375 0.0625 0.70625 0.05 0.715625 0.04375 0.7296875 0.0328125 0.7359375 0.028125 0.728125 0.028125 0.71875 0.034375 0.703125 0.05 0.690625 0.071875 0.6640625 0.0796875 0.6609375 0.09375 0.659375 0.109375 0.6609375
5 0.0375 0.6203125 0.0359375 0.615625 0.0375 0.6046875 0.040625 0.6 0.046875 0.596875 0.05 0.5984375 0.05625 0.596875 0.0578125 0.60625 0.0546875 0.6109375 0.0546875 0.615625 0.05 0.6203125 0.0390625 0.6203125
2 0.725 0.60625 0.7375 0.6046875 0.7453125 0.6078125 0.7515625 0.6140625 0.7515625 0.6171875 0.7375 0.6203125 0.73125 0.628125 0.728125 0.628125 0.7265625 0.625 0.728125 0.6171875 0.7265625 0.6078125
2 0.775 0.615625 0.7921875 0.621875 0.7984375 0.6265625 0.7984375 0.6296875 0.7671875 0.6203125 0.765625 0.6171875 0.7734375 0.615625
2 0.5328125 0.54375 0.540625 0.5484375 0.540625 0.5515625 0.5328125 0.5578125 0.53125 0.55625 0.5328125 0.5453125
2 0.58125 0.6484375 0.578125 0.6375 0.58125 0.6265625 0.596875 0.61875 0.6109375 0.61875 0.6203125 0.621875 0.625 0.6265625 0.628125 0.6375 0.6265625 0.65 0.609375 0.659375 0.6 0.65 0.5890625 0.646875 0.5828125 0.6484375
2 0.93125 0.65625 0.9453125 0.6609375 0.9453125 0.678125 0.934375 0.6765625 0.928125 0.671875 0.921875 0.671875 0.91875 0.66875 0.90625 0.665625 0.909375 0.65625 0.9296875 0.65625
2 0.5 0.5953125 0.5109375 0.5875 0.528125 0.5875 0.5296875 0.5890625 0.5171875 0.6015625 0.515625 0.6109375 0.5046875 0.6109375 0.4984375 0.5984375 0.5 0.596875
2 0.6046875 0.553125 0.6078125 0.553125 0.60625 0.5640625 0.603125 0.5609375 0.6046875 0.5546875
2 0.5015625 0.57265625 0.01875 0.01953125
2 0.1140625 0.6 0.115625 0.603125 0.1125 0.60625 0.1109375 0.6140625 0.1046875 0.6171875 0.09375 0.615625 0.09375 0.603125 0.0984375 0.5953125 0.109375 0.5953125 0.1125 0.6
2 0.44375 0.5875 0.45 0.5921875 0.45 0.6125 0.446875 0.6140625 0.4328125 0.6125 0.43125 0.5921875 0.434375 0.5875 0.4421875 0.5875
2 0.45 0.578125 0.45 0.575 0.4546875 0.5703125 0.4625 0.5671875 0.4703125 0.5703125 0.46875 0.578125 0.4671875 0.5796875 0.4515625 0.578125
2 0.525 0.546875 0.528125 0.5515625 0.528125 0.5578125 0.525 0.5609375 0.5171875 0.5609375 0.5171875 0.553125 0.5234375 0.546875
2 0.24375 0.6046875 0.2484375 0.6140625 0.234375 0.628125 0.225 0.628125 0.2171875 0.6328125 0.2046875 0.63125 0.203125 0.6203125 0.225 0.6046875 0.2296875 0.603125 0.2421875 0.6046875
2 0.3984375 0.6109375 0.3984375 0.584375 0.4 0.5828125 0.403125 0.5859375 0.403125 0.6078125 0.4 0.6109375
2 0.4796875 0.575 0.4875 0.5671875 0.4921875 0.565625 0.4953125 0.5765625 0.49375 0.58125 0.4796875 0.58125 0.478125 0.5796875 0.4796875 0.5765625
2 0.490625 0.5953125 0.4984375 0.6015625 0.5015625 0.6078125 0.4984375 0.615625 0.49375 0.61875 0.48125 0.615625 0.4765625 0.6171875 0.4671875 0.615625 0.4671875 0.603125 0.471875 0.5984375 0.478125 0.5953125 0.4890625 0.5953125
2 0.2765625 0.6109375 0.2828125 0.6171875 0.2828125 0.625 0.2765625 0.63125 0.253125 0.634375 0.2421875 0.6390625 0.2359375 0.6359375 0.2359375 0.628125 0.24375 0.61875 0.259375 0.609375 0.275 0.6109375
2 0.7296875 0.646875 0.740625 0.6515625 0.7453125 0.65625 0.753125 0.6734375 0.753125 0.6875 0.7453125 0.69375 0.734375 0.6921875 0.73125 0.6953125 0.7265625 0.6953125 0.721875 0.6875 0.7109375 0.6796875 0.70625 0.6796875 0.7015625 0.6765625 0.69375 0.6796875 0.6875 0.66875 0.6875 0.659375 0.690625 0.653125 0.6984375 0.653125 0.7109375 0.646875 0.728125 0.646875
2 0.365625 0.5921875 0.36875 0.596875 0.3671875 0.6203125 0.346875 0.6234375 0.3421875 0.6265625 0.3359375 0.61875 0.334375 0.6125 0.3375 0.60625 0.3421875 0.6 0.3453125 0.6 0.35 0.5953125 0.35625 0.5921875 0.3640625 0.5921875
2 0 0.6296875 0.00625 0.63125 0.009375 0.6375 0.0078125 0.6453125 0 0.6484375 0 0.63125
2 0.8875 0.7125 0.896875 0.7171875 0.896875 0.759375 0.89375 0.7609375 0.8875 0.7578125 0.8671875 0.7578125 0.8578125 0.753125 0.8453125 0.753125 0.834375 0.740625 0.834375 0.7296875 0.840625 0.7203125 0.846875 0.7171875 0.8859375 0.7125
2 0.49375 0.5828125 0.496875 0.5890625 0.4953125 0.596875 0.4890625 0.59375 0.4796875 0.59375 0.46875 0.5984375 0.4671875 0.6015625 0.471875 0.5890625 0.478125 0.5828125 0.4921875 0.5828125
2 0.5078125 0.55 0.5125 0.553125 0.5125 0.5578125 0.509375 0.5625 0.4984375 0.5609375 0.4984375 0.553125 0.50625 0.55
2 0.4703125 0.5671875 0.4765625 0.5640625 0.484375 0.5640625 0.4859375 0.5671875 0.484375 0.571875 0.478125 0.578125 0.4703125 0.5765625 0.4703125 0.56875
2 0.5875 0.546875 0.009375 0.01484375