5 0.1828125 0.6171875 0.05703125 0.03515625
2 0.634375 0.7265625 0.053125 0.0765625
2 0.3015625 0.6078125 0.03515625 0.02734375
2 0.77890625 0.71015625 0.09765625 0.059375
2 0.584375 0.8359375 0.0921875 0.13515625
2 0.11328125 0.6234375 0.04921875 0.03125
2 0.20546875 0.6640625 0.065625 0.05703125
2 0.5546875 0.60703125 0.025 0.02578125
2 0.7203125 0.65546875 0.05546875 0.03828125
2 0.69296875 0.6859375 0.03515625 0.0484375
2 0.4359375 0.853125 0.1125 0.12109375
4 0.64609375 0.6578125 0.05078125 0.05078125