4 0.3109375 0.584375 0.315625 0.590625 0.3140625 0.6078125 0.30625 0.60625 0.2859375 0.6109375 0.265625 0.6265625 0.2640625 0.61875 0.265625 0.60625 0.2703125 0.6 0.2796875 0.5953125 0.28125 0.5875 0.2953125 0.5875 0.309375 0.584375
4 0.078125 0.6640625 0.0796875 0.7171875 0.0625 0.7265625 0.0578125 0.725 0.053125 0.715625 0.04375 0.71875 0.040625 0.7234375 0.040625 0.7328125 0.0296875 0.7484375 0.0234375 0.7671875 0.015625 0.771875 0 0.7703125 0 0.68125 0.05 0.6640625 0.0765625 0.6640625
3 0.1984375 0.60625 0.2015625 0.6078125 0.203125 0.615625 0.2015625 0.6203125 0.19375 0.6234375 0.1890625 0.6234375 0.184375 0.6203125 0.184375 0.6125 0.1890625 0.60625 0.196875 0.60625
3 0.24375 0.634375 0.2515625 0.6328125 0.25625 0.6375 0.2546875 0.6546875 0.2484375 0.659375 0.240625 0.6609375 0.2375 0.6578125 0.2375 0.64375 0.24375 0.6359375
3 0.115625 0.6046875 0.1203125 0.6140625 0.11875 0.6234375 0.1125 0.6234375 0.1125 0.6078125 0.1140625 0.60625
3 0.046875 0.721875 0.053125 0.721875 0.059375 0.728125 0.065625 0.728125 0.065625 0.7453125 0.0609375 0.7625 0.04375 0.76875 0.03125 0.7796875 0.0265625 0.778125 0.0265625 0.7640625 0.0296875 0.7578125 0.0296875 0.7515625 0.040625 0.740625 0.04375 0.734375 0.04375 0.7265625 0.046875 0.7234375
5 0.3421875 0.8875 0.3640625 0.90625 0.38125 0.9359375 0.384375 0.9484375 0.384375 0.9765625 0.38125 0.984375 0.3734375 0.9953125 0.3703125 0.996875 0.3625 0.9953125 0.3578125 0.9984375 0.2734375 0.9984375 0.271875 0.996875 0.2046875 0.9984375 0.2015625 0.9953125 0.2125 0.9828125 0.21875 0.9796875 0.253125 0.946875 0.2765625 0.928125 0.2890625 0.9125 0.3 0.9109375 0.303125 0.9140625 0.328125 0.8890625 0.334375 0.8859375 0.340625 0.8875
5 0.4328125 0.5859375 0.43125 0.5671875 0.4359375 0.5640625 0.44375 0.5640625 0.446875 0.5703125 0.44375 0.578125 0.434375 0.584375
5 0.4625 0.5578125 0.4640625 0.559375 0.4625 0.5734375 0.4609375 0.571875 0.4484375 0.5734375 0.4453125 0.56875 0.4453125 0.5609375 0.453125 0.5578125 0.4609375 0.5578125
5 0.625 0.6171875 0.6296875 0.6203125 0.63125 0.625 0.63125 0.653125 0.621875 0.6578125 0.609375 0.6578125 0.6046875 0.6515625 0.5828125 0.646875 0.5796875 0.6421875 0.5796875 0.634375 0.58125 0.628125 0.5953125 0.615625 0.6109375 0.6140625 0.6234375 0.6171875
2 0.7265625 0.60625 0.7390625 0.6046875 0.7546875 0.615625 0.7484375 0.61875 0.746875 0.6171875 0.7390625 0.61875 0.7328125 0.625 0.73125 0.6296875 0.728125 0.6296875 0.7265625 0.628125 0.728125 0.6078125
2 0.2234375 0.6375 0.228125 0.6453125 0.228125 0.6609375 0.225 0.6703125 0.221875 0.6734375 0.2125 0.671875 0.209375 0.675 0.2015625 0.6765625 0.1921875 0.690625 0.1859375 0.6875 0.165625 0.690625 0.1625 0.684375 0.1640625 0.6703125 0.175 0.659375 0.1796875 0.65 0.1953125 0.6390625 0.2046875 0.6390625 0.209375 0.6359375 0.221875 0.6375
2 0.4953125 0.5640625 0.4953125 0.559375 0.5 0.553125 0.5109375 0.553125 0.5109375 0.5609375 0.50625 0.5671875 0.5015625 0.5640625 0.4953125 0.565625
2 0.5953125 0.7953125 0.6078125 0.796875 0.621875 0.803125 0.6296875 0.8109375 0.63125 0.8171875 0.6296875 0.8515625 0.6234375 0.8578125 0.6203125 0.86875 0.6109375 0.884375 0.609375 0.903125 0.60625 0.90625 0.6015625 0.90625 0.596875 0.9109375 0.5890625 0.9109375 0.575 0.9046875 0.5609375 0.8953125 0.55625 0.8875 0.5578125 0.853125 0.5640625 0.84375 0.5703125 0.8234375 0.5796875 0.803125 0.5859375 0.796875 0.59375 0.7953125
2 0.5375 0.5453125 0.540625 0.5484375 0.540625 0.553125 0.534375 0.5578125 0.53125 0.5578125 0.53125 0.5484375 0.5359375 0.5453125
2 0.4953125 0.5703125 0.5015625 0.578125 0.5 0.584375 0.490625 0.5890625 0.48125 0.5890625 0.478125 0.5828125 0.4796875 0.5765625 0.4859375 0.5703125 0.49375 0.5703125
2 0.4609375 0.5953125 0.465625 0.6 0.465625 0.6109375 0.459375 0.615625 0.45625 0.6140625 0.44375 0.615625 0.4328125 0.6125 0.4328125 0.6015625 0.4390625 0.596875 0.4484375 0.5921875 0.459375 0.5953125
2 0.4640625 0.5734375 0.4671875 0.58125 0.465625 0.5953125 0.4546875 0.590625 0.4453125 0.590625 0.4453125 0.578125 0.45 0.5734375 0.45625 0.571875 0.4625 0.5734375
2 0.9078125 0.65625 0.93125 0.65625 0.9453125 0.6609375 0.9453125 0.678125 0.940625 0.678125 0.9296875 0.671875 0.921875 0.671875 0.91875 0.66875 0.9078125 0.665625 0.90625 0.6640625 0.9078125 0.6578125
2 0.171875 0.6359375 0.1890625 0.6265625 0.1921875 0.628125 0.2015625 0.6265625 0.2125 0.63125 0.2125 0.634375 0.209375 0.6359375 0.1890625 0.6421875 0.171875 0.6625 0.1640625 0.6671875 0.15625 0.6640625 0.15625 0.65 0.171875 0.6375
2 0.5921875 0.571875 0.5953125 0.5734375 0.596875 0.578125 0.5953125 0.5921875 0.584375 0.590625 0.58125 0.5859375 0.5828125 0.5734375 0.5875 0.5703125 0.590625 0.571875
2 0.2625 0.625 0.2640625 0.628125 0.2625 0.6421875 0.2578125 0.6421875 0.2578125 0.6390625 0.2515625 0.6328125 0.2453125 0.6328125 0.2359375 0.646875 0.234375 0.659375 0.2296875 0.659375 0.2296875 0.64375 0.225 0.6375 0.225 0.63125 0.228125 0.6265625 0.240625 0.621875 0.2578125 0.621875 0.2609375 0.625
2 0.35546875 0.6046875 0.028125 0.03203125
2 0.3109375 0.6078125 0.3140625 0.6125 0.3171875 0.6265625 0.3140625 0.6328125 0.3078125 0.6359375 0.2953125 0.6375 0.2796875 0.6453125 0.26875 0.6453125 0.265625 0.6421875 0.265625 0.6296875 0.2796875 0.615625 0.290625 0.6125 0.29375 0.609375 0.309375 0.6078125
2 0.06875 0.5875 0.0765625 0.584375 0.084375 0.5875 0.075 0.5984375 0.06875 0.5984375 0.065625 0.5953125 0.06875 0.5890625
2 0.3421875 0.5859375 0.3484375 0.590625 0.3484375 0.5953125 0.3375 0.609375 0.3375 0.6125 0.3296875 0.6109375 0.31875 0.615625 0.315625 0.6109375 0.3171875 0.596875 0.3296875 0.5875 0.340625 0.5859375
2 0 0.6296875 0.0046875 0.6296875 0.009375 0.6359375 0.0078125 0.64375 0 0.65 0 0.63125
2 0.45 0.58515625 0.0359375 0.025
2 0.765625 0.6171875 0.7765625 0.615625 0.7921875 0.621875 0.7984375 0.628125 0.7953125 0.6296875 0.765625 0.61875
2 0.50625 0.5609375 0.5046875 0.5734375 0.49375 0.5703125 0.49375 0.5640625 0.4984375 0.559375 0.5046875 0.5609375
2 0.590625 0.6609375 0.615625 0.6609375 0.6203125 0.6890625 0.6203125 0.7 0.6125 0.7140625 0.6125 0.7234375 0.609375 0.7234375 0.6046875 0.7171875 0.59375 0.7140625 0.5875 0.715625 0.58125 0.721875 0.5796875 0.7203125 0.58125 0.678125 0.590625 0.6625
2 0.4890625 0.559375 0.4921875 0.5609375 0.4921875 0.5671875 0.4859375 0.5703125 0.478125 0.5796875 0.475 0.5765625 0.475 0.5671875 0.4796875 0.5609375 0.4875 0.559375
2 0.05625 0.5984375 0.0578125 0.6046875 0.053125 0.6078125 0.053125 0.6125 0.0515625 0.6109375 0.046875 0.6125 0.0453125 0.6203125 0.0359375 0.61875 0.0375 0.6046875 0.0421875 0.6 0.0546875 0.5984375