0 0.190625 0.609375 0.1921875 0.621875 0.1875 0.63125 0.1734375 0.6453125 0.1609375 0.6515625 0.1453125 0.6421875 0.1203125 0.640625 0.1203125 0.6265625 0.128125 0.621875 0.1359375 0.621875 0.1625 0.6125 0.1828125 0.6078125 0.1890625 0.609375
3 0.578125 0.5765625 0.58125 0.5765625 0.5796875 0.5890625 0.5765625 0.5890625 0.578125 0.578125
3 0.5625 0.5921875 0.565625 0.5984375 0.5640625 0.6078125 0.5625 0.609375 0.5609375 0.6078125 0.559375 0.5953125 0.5625 0.59375
3 0.5640625 0.978125 0.5703125 0.984375 0.575 0.99375 0.5578125 0.99375 0.559375 0.9796875 0.5625 0.978125
3 0.59375 0.696875 0.6015625 0.6984375 0.6015625 0.709375 0.596875 0.7203125 0.59375 0.7140625 0.59375 0.6984375
3 0.6453125 0.7288136574074073 0.0125 0.032905092592592576
3 0.590625 0.609375 0.5921875 0.6140625 0.590625 0.628125 0.5875 0.6265625 0.5890625 0.6109375
3 0.559375 0.565625 0.5609375 0.565625 0.5609375 0.578125 0.5578125 0.5796875 0.559375 0.5671875
3 0.303125 0.6140625 0.30625 0.615625 0.3046875 0.628125 0.3 0.6265625 0.2921875 0.628125 0.290625 0.625 0.2921875 0.61875 0.296875 0.6140625 0.3015625 0.6140625
3 0.1140625 0.6046875 0.1171875 0.6109375 0.1171875 0.6171875 0.1140625 0.6203125 0.109375 0.61875 0.109375 0.60625 0.1125 0.6046875
3 0.56875 0.565625 0.5703125 0.5765625 0.5671875 0.578125 0.5671875 0.5671875
3 0.525 0.775 0.53125 0.7875 0.53125 0.8 0.528125 0.809375 0.51875 0.8171875 0.5140625 0.828125 0.509375 0.825 0.5078125 0.8 0.5046875 0.79375 0.5046875 0.7859375 0.5109375 0.7828125 0.5140625 0.79375 0.51875 0.796875 0.5234375 0.790625 0.525 0.7765625
5 0.2546875 0.59375 0.2578125 0.6109375 0.2484375 0.615625 0.2421875 0.6234375 0.2359375 0.6265625 0.2328125 0.625 0.225 0.63125 0.221875 0.63125 0.21875 0.6265625 0.2078125 0.621875 0.2078125 0.6140625 0.2109375 0.60625 0.2203125 0.5984375 0.2375 0.596875 0.2421875 0.59375 0.253125 0.59375
5 0.36875 0.5796875 0.365625 0.596875 0.3640625 0.5953125 0.3453125 0.5953125 0.34375 0.590625 0.353125 0.58125 0.3671875 0.5796875
5 0.3203125 0.5828125 0.3234375 0.5859375 0.3234375 0.60625 0.3171875 0.6109375 0.3125 0.6109375 0.3109375 0.6046875 0.3 0.596875 0.2875 0.5984375 0.2875 0.59375 0.296875 0.5859375 0.3125 0.584375 0.315625 0.58125 0.31875 0.5828125
5 0.4828125 0.5565798611111111 0.015625 0.012615740740740743
1 0 0.628125 0.01875 0.6265625 0.021875 0.63125 0.0265625 0.65 0.025 0.6578125 0.0265625 0.659375 0.0265625 0.6765625 0.025 0.678125 0.0265625 0.6875 0.0234375 0.690625 0.01875 0.6859375 0.015625 0.6859375 0.0046875 0.6875 0 0.690625 0 0.6296875
2 0.2765625 0.6078125 0.2890625 0.5984375 0.3078125 0.6 0.3109375 0.60625 0.309375 0.6140625 0.3046875 0.6109375 0.303125 0.60625 0.3 0.60625 0.29375 0.61875 0.2875 0.6234375 0.284375 0.621875 0.2828125 0.615625 0.278125 0.6109375 0.275 0.6109375 0.2765625 0.609375
2 0.625 0.628125 0.6296875 0.6359375 0.6328125 0.6484375 0.6328125 0.66875 0.6265625 0.665625 0.6109375 0.6671875 0.6078125 0.6609375 0.60625 0.6484375 0.6078125 0.63125 0.6109375 0.6265625 0.6234375 0.628125
2 0.478125 0.5625 0.4796875 0.56875 0.475 0.575 0.4609375 0.571875 0.4609375 0.5671875 0.46875 0.5625 0.4765625 0.5625
2 0.5953125 0.740625 0.6203125 0.753125 0.625 0.7625 0.621875 0.7859375 0.603125 0.8046875 0.6015625 0.8171875 0.5984375 0.8203125 0.5953125 0.8203125 0.578125 0.809375 0.5671875 0.80625 0.5640625 0.8015625 0.5640625 0.778125 0.5703125 0.7578125 0.584375 0.7390625 0.59375 0.740625
2 0.478125 0.590625 0.48125 0.59375 0.484375 0.6046875 0.4796875 0.6171875 0.465625 0.615625 0.4578125 0.6171875 0.446875 0.615625 0.44375 0.6125 0.446875 0.596875 0.459375 0.590625 0.4765625 0.590625
2 0.4734375 0.5765625 0.4734375 0.5875 0.4578125 0.590625 0.4515625 0.596875 0.446875 0.596875 0.4453125 0.59375 0.446875 0.5859375 0.4609375 0.5734375 0.46875 0.5734375 0.471875 0.5765625
2 0.5078125 0.5609375 0.5140625 0.5640625 0.5140625 0.5734375 0.509375 0.5796875 0.503125 0.58125 0.4984375 0.578125 0.496875 0.56875 0.5015625 0.5609375 0.50625 0.5609375
2 0.0984375 0.721875 0.103125 0.728125 0.103125 0.7375 0.0953125 0.746875 0.0953125 0.7515625 0.0921875 0.75625 0.0859375 0.759375 0.0828125 0.7578125 0.071875 0.7609375 0.053125 0.771875 0.034375 0.7921875 0.0203125 0.790625 0.0109375 0.79375 0 0.79375 0 0.7609375 0.0140625 0.75 0.0203125 0.7390625 0.034375 0.725 0.05625 0.7171875 0.090625 0.71875 0.096875 0.721875
2 0.6015625 0.5890625 0.60625 0.590625 0.6109375 0.5984375 0.6109375 0.6140625 0.6078125 0.6171875 0.5953125 0.6140625 0.590625 0.60625 0.5921875 0.5921875 0.6 0.5890625
2 0.2796875 0.6125 0.2828125 0.6171875 0.2828125 0.625 0.278125 0.6328125 0.271875 0.6359375 0.259375 0.6375 0.2546875 0.6421875 0.2390625 0.6421875 0.2375 0.6328125 0.240625 0.6265625 0.253125 0.615625 0.26875 0.6109375 0.278125 0.6125
2 0.1421875 0.6421875 0.153125 0.646875 0.15625 0.6515625 0.15625 0.6578125 0.1484375 0.6671875 0.1453125 0.6625 0.1375 0.6578125 0.1265625 0.6546875 0.128125 0.646875 0.13125 0.64375 0.140625 0.6421875
2 0.4015625 0.5796875 0.4046875 0.5828125 0.403125 0.5984375 0.3984375 0.5984375 0.3984375 0.5859375 0.4015625 0.58125
2 0.2109375 0.625 0.2203125 0.63125 0.21875 0.65625 0.2 0.6609375 0.1890625 0.671875 0.184375 0.6703125 0.16875 0.671875 0.165625 0.66875 0.165625 0.65625 0.1859375 0.6328125 0.2 0.6265625 0.209375 0.625
2 0.3265625 0.6078125 0.3375 0.6046875 0.3453125 0.596875 0.3671875 0.5984375 0.36875 0.60625 0.3671875 0.61875 0.33125 0.6265625 0.325 0.625 0.3234375 0.6203125 0.3234375 0.6125 0.3265625 0.609375
2 0.4421875 0.5826620370370371 0.0203125 0.022025462962962993
2 0.7421875 0.60625 0.7546875 0.6140625 0.75625 0.61875 0.7515625 0.621875 0.75 0.6203125 0.7421875 0.621875 0.734375 0.634375 0.7296875 0.6296875 0.73125 0.6171875 0.7296875 0.609375 0.740625 0.60625
2 0.071875 0.5869675925925926 0.021875 0.01578703703703708
2 0.0703125 0.5953125 0.0765625 0.5875 0.09375 0.5859375 0.0921875 0.6 0.0859375 0.603125 0.0765625 0.603125 0.071875 0.596875
2 0.0203125 0.6890625 0.0296875 0.6984375 0.0328125 0.7171875 0.03125 0.7234375 0.025 0.728125 0.021875 0.7359375 0.0140625 0.7453125 0.00625 0.7453125 0.003125 0.7421875 0 0.74375 0 0.690625 0.01875 0.6890625
2 0.1515625 0.646875 0.15625 0.6515625 0.15625 0.6578125 0.1484375 0.66875 0.1375 0.6578125 0.1265625 0.65625 0.096875 0.6734375 0.0921875 0.6734375 0.0921875 0.671875 0.1125 0.6453125 0.1421875 0.6421875 0.15 0.646875
2 0.7828125 0.6203125 0.7984375 0.6265625 0.803125 0.6328125 0.7984375 0.6328125 0.790625 0.628125 0.78125 0.628125 0.771875 0.6234375 0.7703125 0.621875 0.771875 0.61875 0.78125 0.6203125
2 0.4765625 0.5765625 0.4859375 0.56875 0.490625 0.56875 0.496875 0.575 0.496875 0.5828125 0.484375 0.5890625 0.478125 0.5890625 0.4734375 0.5859375 0.4765625 0.578125
2 0.0484375 0.6078125 0.046875 0.603125 0.0421875 0.609375 0.0421875 0.615625 0.0390625 0.6171875 0.0328125 0.615625 0.0328125 0.6015625 0.0375 0.5953125 0.0453125 0.590625 0.0546875 0.5953125 0.0546875 0.6 0.05 0.6046875 0.05 0.6078125
2 0.5640625 0.5364467592592593 0.0109375 0.011018518518518493
2 0.134375 0.659375 0.1421875 0.6625 0.1484375 0.66875 0.140625 0.696875 0.1234375 0.7 0.1109375 0.7078125 0.1015625 0.7234375 0.09375 0.715625 0.06875 0.7140625 0.0671875 0.7125 0.06875 0.7 0.090625 0.675 0.096875 0.675 0.103125 0.66875 0.115625 0.6640625 0.1171875 0.6609375 0.1234375 0.6578125 0.1328125 0.659375