4 0.3734375 0.5671875 0.375 0.58125 0.3734375 0.5875 0.3765625 0.590625 0.3765625 0.596875 0.3734375 0.6 0.3609375 0.603125 0.3578125 0.609375 0.3546875 0.6109375 0.3453125 0.6109375 0.34375 0.60625 0.3453125 0.5921875 0.35 0.5828125 0.35 0.571875 0.3578125 0.56875 0.371875 0.5671875
4 0.1125 0.69375 0.1140625 0.6921875 0.1125 0.684375 0.1140625 0.66875 0.11875 0.659375 0.1296875 0.6515625 0.1296875 0.6453125 0.125 0.640625 0.1234375 0.63125 0.125 0.6265625 0.1296875 0.6234375 0.1359375 0.60625 0.140625 0.603125 0.1453125 0.603125 0.15 0.5984375 0.1625 0.5953125 0.221875 0.590625 0.2296875 0.6015625 0.2296875 0.6296875 0.2265625 0.6390625 0.2015625 0.6484375 0.190625 0.6609375 0.18125 0.6671875 0.178125 0.671875 0.1765625 0.6828125 0.1578125 0.6875 0.1453125 0.696875 0.115625 0.696875 0.1140625 0.6953125
3 0.6171875 0.6203125 0.6203125 0.6234375 0.61875 0.640625 0.6140625 0.6421875 0.6125 0.6375 0.6125 0.625 0.615625 0.621875
3 0.559375 0.7359375 0.5640625 0.7375 0.5640625 0.7609375 0.5546875 0.7625 0.55 0.7671875 0.5515625 0.76875 0.5484375 0.7734375 0.5421875 0.7671875 0.54375 0.746875 0.546875 0.7421875 0.553125 0.7421875 0.559375 0.7375
5 0.6921875 0.6109375 0.7 0.6140625 0.703125 0.621875 0.7046875 0.634375 0.7015625 0.6421875 0.696875 0.6421875 0.6875 0.6359375 0.66875 0.6375 0.6671875 0.6203125 0.6765625 0.6109375 0.684375 0.609375 0.690625 0.6109375
5 0.571875 0.6734375 0.5828125 0.66875 0.603125 0.6671875 0.6078125 0.671875 0.6171875 0.690625 0.6171875 0.7046875 0.6125 0.71875 0.60625 0.721875 0.596875 0.73125 0.58125 0.73125 0.5765625 0.728125 0.5703125 0.71875 0.5703125 0.6828125 0.571875 0.68125 0.5703125 0.678125 0.571875 0.675
5 0.5734375 0.6046875 0.584375 0.6078125 0.5921875 0.615625 0.5921875 0.6421875 0.590625 0.64375 0.584375 0.6421875 0.56875 0.64375 0.5546875 0.6359375 0.553125 0.6265625 0.5578125 0.609375 0.5625 0.60625 0.571875 0.6046875
5 0.05457175925925926 0.6171875 0.025196759259259256 0.0265625
5 0.3265625 0.59375 0.3328125 0.6 0.3328125 0.615625 0.3125 0.6140625 0.2984375 0.6203125 0.29375 0.628125 0.290625 0.6296875 0.2890625 0.628125 0.2890625 0.6140625 0.2984375 0.6 0.3078125 0.6 0.325 0.5953125
5 0.734375 0.675 0.7546875 0.6765625 0.7640625 0.68125 0.76875 0.696875 0.771875 0.734375 0.775 0.7359375 0.775 0.7484375 0.771875 0.7578125 0.74375 0.75 0.7359375 0.7515625 0.7328125 0.740625 0.734375 0.7390625 0.7328125 0.73125 0.734375 0.6765625
5 0.2984375 0.596875 0.3 0.6 0.2890625 0.6109375 0.2859375 0.628125 0.2796875 0.628125 0.2734375 0.6328125 0.259375 0.6328125 0.25625 0.6296875 0.2578125 0.6109375 0.2625 0.6046875 0.2671875 0.6046875 0.2734375 0.6 0.296875 0.596875
5 0.5984375 0.5546875 0.603125 0.5609375 0.603125 0.5828125 0.5953125 0.590625 0.590625 0.5875 0.5890625 0.5609375 0.5921875 0.55625 0.596875 0.55625
2 0.390625 0.9234375 0.403125 0.9296875 0.4140625 0.9453125 0.41875 0.9484375 0.4234375 0.9765625 0.4234375 0.9984375 0.2703125 0.9984375 0.3078125 0.9609375 0.321875 0.95 0.33125 0.9453125 0.3328125 0.946875 0.35 0.946875 0.3765625 0.921875 0.3890625 0.9234375
2 0.6078125 0.5859375 0.615625 0.59375 0.6140625 0.6078125 0.6015625 0.6078125 0.596875 0.603125 0.596875 0.590625 0.6015625 0.5859375 0.60625 0.5859375
2 0.5643692129629629 0.56875 0.012638888888888911 0.01875
2 0.0765625 0.5953125 0.0875 0.59375 0.0921875 0.596875 0.0859375 0.603125 0.084375 0.6078125 0.078125 0.6109375 0.071875 0.6078125 0.071875 0.603125 0.0765625 0.596875
2 0.6796875 0.6359375 0.68125 0.6375 0.6859375 0.6359375 0.6921875 0.6390625 0.6984375 0.6453125 0.7 0.65 0.7 0.6703125 0.6859375 0.671875 0.678125 0.6703125 0.675 0.6625 0.6671875 0.65625 0.66875 0.6375 0.678125 0.6359375
2 0.7828125 0.6109375 0.7984375 0.615625 0.80625 0.6234375 0.7734375 0.6171875 0.7765625 0.6109375 0.78125 0.6109375
2 0.4453125 0.5734375 0.4453125 0.56875 0.453125 0.5640625 0.4578125 0.5640625 0.4625 0.571875 0.453125 0.5765625 0.446875 0.5734375
2 0.734375 0.6015625 0.7453125 0.6015625 0.753125 0.6046875 0.759375 0.6125 0.75625 0.615625 0.7484375 0.6140625 0.740625 0.621875 0.740625 0.625 0.7359375 0.6265625 0.734375 0.625 0.7359375 0.609375 0.734375 0.603125
2 0.6359375 0.6015625 0.640625 0.6046875 0.64375 0.6140625 0.6421875 0.63125 0.628125 0.63125 0.6203125 0.621875 0.61875 0.6140625 0.6203125 0.6046875 0.625 0.6 0.634375 0.6015625
2 0.36625 0.61171875 0.02052083333333332 0.028125
2 0.540625 0.5328125 0.5453125 0.534375 0.54375 0.5421875 0.5390625 0.5421875 0.540625 0.534375
2 0.4578125 0.590625 0.4546875 0.5796875 0.4625 0.575 0.4671875 0.575 0.471875 0.5796875 0.475 0.5921875 0.4671875 0.5984375 0.4609375 0.6 0.459375 0.590625
2 0.675 0.828125 0.6890625 0.8328125 0.703125 0.8421875 0.7125 0.85625 0.7140625 0.8734375 0.7125 0.875 0.7125 0.8953125 0.703125 0.9046875 0.6953125 0.9234375 0.684375 0.9390625 0.6859375 0.946875 0.684375 0.9578125 0.678125 0.9625 0.6703125 0.9640625 0.6625 0.9625 0.6546875 0.9546875 0.6359375 0.9421875 0.621875 0.928125 0.6203125 0.903125 0.6234375 0.8875 0.6328125 0.871875 0.6390625 0.8515625 0.6515625 0.8296875 0.6546875 0.8265625 0.671875 0.8265625 0.6734375 0.828125
2 0.0125 0.7296875 0.0546875 0.7078125 0.0796875 0.70625 0.090625 0.7234375 0.0921875 0.7359375 0.090625 0.74375 0.0828125 0.753125 0.0796875 0.765625 0.065625 0.7640625 0.053125 0.771875 0.0453125 0.7734375 0.028125 0.784375 0.0203125 0.7921875 0.01875 0.796875 0.0125 0.8015625 0.0109375 0.7421875 0.009375 0.740625 0.009375 0.7328125 0.0125 0.73125
2 0.615625 0.6421875 0.621875 0.646875 0.6234375 0.6515625 0.6234375 0.6703125 0.6265625 0.678125 0.625 0.684375 0.6140625 0.6828125 0.6046875 0.665625 0.6046875 0.6453125 0.609375 0.6421875 0.6140625 0.6421875
2 0.5125 0.7890625 0.5203125 0.79375 0.525 0.7921875 0.5375 0.79375 0.5546875 0.8078125 0.5578125 0.8140625 0.5578125 0.8390625 0.553125 0.859375 0.5453125 0.8578125 0.5421875 0.859375 0.509375 0.890625 0.50625 0.9078125 0.4984375 0.915625 0.49375 0.9109375 0.4796875 0.9140625 0.4734375 0.90625 0.4734375 0.903125 0.4546875 0.884375 0.453125 0.846875 0.4578125 0.840625 0.4578125 0.8359375 0.4640625 0.821875 0.471875 0.8125 0.4828125 0.8015625 0.496875 0.7953125 0.5015625 0.790625 0.5109375 0.7890625
2 0.3101099537037037 0.6265625 0.04556712962962965 0.034375
2 0.4953125 0.596875 0.5046875 0.60625 0.5046875 0.6109375 0.4984375 0.6203125 0.4765625 0.6171875 0.471875 0.6125 0.4734375 0.6046875 0.4859375 0.596875 0.49375 0.596875
2 0.1 0.5953125 0.1046875 0.6 0.103125 0.6109375 0.0890625 0.6140625 0.0828125 0.6078125 0.0890625 0.5984375 0.0984375 0.596875
2 0.484375 0.559375 0.4890625 0.5625 0.490625 0.56875 0.4875 0.5765625 0.4765625 0.5765625 0.4703125 0.571875 0.4734375 0.5640625 0.4828125 0.559375
2 0.440625 0.615625 0.4390625 0.590625 0.44375 0.5859375 0.45625 0.5875 0.459375 0.59375 0.459375 0.6125 0.4578125 0.615625 0.4421875 0.615625
2 0.0078125 0.6390625 0.0140625 0.6390625 0.0171875 0.6453125 0.015625 0.6546875 0.0078125 0.6578125 0.0078125 0.640625
2 0.5703125 0.5734375 0.5765625 0.5765625 0.5796875 0.5890625 0.578125 0.5921875 0.56875 0.59375 0.565625 0.590625 0.5640625 0.5859375 0.56875 0.575
2 0.628125 0.7328125 0.659375 0.74375 0.665625 0.75625 0.6640625 0.7765625 0.646875 0.7890625 0.64375 0.8 0.64375 0.809375 0.6390625 0.8125 0.6171875 0.8 0.6078125 0.8 0.603125 0.796875 0.603125 0.76875 0.6125 0.753125 0.6171875 0.7421875 0.615625 0.740625 0.61875 0.7359375 0.6265625 0.7328125
2 0.490625 0.5578125 0.4953125 0.5578125 0.4984375 0.5625 0.4984375 0.56875 0.49375 0.571875 0.490625 0.56875 0.4890625 0.5625 0.490625 0.559375
2 0.4625 0.571875 0.4734375 0.56875 0.4796875 0.5765625 0.478125 0.5796875 0.4734375 0.58125 0.4625 0.5734375
2 0.5931423611111111 0.55078125 0.012604166666666661 0.0140625
2 0.18125 0.6890625 0.1796875 0.671875 0.203125 0.65 0.2296875 0.640625 0.2375 0.640625 0.240625 0.6453125 0.2421875 0.6609375 0.2375 0.6734375 0.2328125 0.678125 0.221875 0.678125 0.2140625 0.6828125 0.2078125 0.69375 0.2015625 0.690625 0.184375 0.690625 0.1828125 0.6890625