3 0.7203125 0.6984375 0.7234375 0.703125 0.725 0.7125 0.7234375 0.71875 0.71875 0.7203125 0.715625 0.715625 0.7140625 0.7 0.71875 0.7
3 0.2234375 0.6296875 0.228125 0.6296875 0.23125 0.634375 0.2296875 0.65 0.2265625 0.6546875 0.221875 0.6546875 0.2203125 0.6359375 0.2234375 0.63125
3 0.575 0.5765625 0.5765625 0.5625 0.578125 0.5625 0.5765625 0.5765625
3 0.6140625 0.9703125 0.621875 0.975 0.6203125 0.9828125 0.6234375 0.99375 0.621875 0.9984375 0.615625 0.996875 0.6125 0.9875 0.6078125 0.9828125 0.6078125 0.975 0.6125 0.9703125
3 0.553125 0.61015625 0.0078125 0.01953125
3 0.615625 0.6484375 0.6203125 0.65625 0.6234375 0.65625 0.6265625 0.65 0.628125 0.6515625 0.6296875 0.671875 0.6265625 0.6734375 0.6140625 0.6671875 0.6125 0.6640625 0.6140625 0.65
3 0.575 0.609375 0.58125 0.6171875 0.58125 0.6296875 0.578125 0.63125 0.5703125 0.628125 0.56875 0.6203125 0.575 0.6109375
3 0.75 0.778125 0.759375 0.78125 0.759375 0.7984375 0.7578125 0.8078125 0.7546875 0.809375 0.75 0.79375 0.75 0.7796875
3 0.234375 0.625 0.2375 0.625 0.2453125 0.634375 0.2453125 0.6421875 0.240625 0.6453125 0.2359375 0.6453125 0.2328125 0.640625 0.234375 0.6265625
3 0.2 0.60625 0.2015625 0.6203125 0.1984375 0.621875 0.184375 0.6203125 0.184375 0.6140625 0.1890625 0.6078125 0.1984375 0.60625
3 0.5609375 0.6234375 0.5671875 0.6265625 0.56875 0.63125 0.56875 0.6453125 0.559375 0.64375 0.5578125 0.6296875 0.5609375 0.625
3 0.1171875 0.6078125 0.11875 0.6234375 0.115625 0.625 0.1109375 0.6203125 0.1125 0.609375 0.115625 0.6078125
3 0.7484375 0.7515625 0.7578125 0.7546875 0.759375 0.7578125 0.7609375 0.7828125 0.7578125 0.8078125 0.7546875 0.809375 0.7515625 0.7953125 0.7453125 0.78125 0.7453125 0.7546875 0.746875 0.753125
3 0.2609375 0.6078125 0.26875 0.6109375 0.26875 0.6203125 0.265625 0.6234375 0.25625 0.6234375 0.253125 0.6203125 0.2546875 0.6125 0.259375 0.6078125
0 0.590625 0.5578125 0.5984375 0.5578125 0.6 0.5640625 0.6 0.578125 0.5890625 0.5796875 0.5890625 0.5609375 0.590625 0.559375
0 0.196875 0.6 0.2015625 0.6015625 0.2015625 0.60625 0.20625 0.615625 0.196875 0.621875 0.1859375 0.621875 0.1828125 0.6171875 0.184375 0.6046875 0.1875 0.6015625 0.1953125 0.6
0 0.3390625 0.5953125 0.3484375 0.6 0.35 0.603125 0.35 0.6109375 0.346875 0.6140625 0.3359375 0.6171875 0.33125 0.6234375 0.3265625 0.6234375 0.321875 0.628125 0.29375 0.63125 0.2828125 0.6375 0.2765625 0.6328125 0.275 0.625 0.2890625 0.6125 0.2890625 0.6046875 0.2921875 0.6015625 0.3109375 0.5984375 0.3171875 0.5953125 0.3375 0.5953125
0 0.471875 0.55625 0.4734375 0.5578125 0.471875 0.5703125 0.4578125 0.578125 0.453125 0.575 0.45625 0.5609375 0.4625 0.553125 0.4671875 0.553125 0.4703125 0.55625
5 0.3515625 0.5796875 0.3546875 0.5828125 0.353125 0.6046875 0.340625 0.5953125 0.3296875 0.5953125 0.31875 0.5921875 0.3234375 0.584375 0.35 0.5796875
5 0.6359375 0.7171875 0.64375 0.7171875 0.6609375 0.7234375 0.6703125 0.7390625 0.6703125 0.7625 0.6640625 0.79375 0.6546875 0.80625 0.6515625 0.828125 0.64375 0.83125 0.634375 0.825 0.621875 0.821875 0.609375 0.8140625 0.60625 0.8046875 0.6078125 0.7515625 0.625 0.725 0.6359375 0.71875
1 0.075 0.5953125 0.0796875 0.6015625 0.0828125 0.6125 0.0828125 0.65625 0.0625 0.6625 0.05625 0.6671875 0.0421875 0.66875 0.034375 0.6765625 0.028125 0.678125 0.021875 0.6765625 0.015625 0.6703125 0.009375 0.675 0 0.6765625 0 0.6046875 0.003125 0.603125 0.028125 0.6046875 0.0359375 0.6015625 0.05625 0.6 0.0734375 0.5953125
2 0.9078125 0.65625 0.9328125 0.65625 0.9453125 0.6609375 0.9453125 0.678125 0.940625 0.678125 0.928125 0.671875 0.921875 0.671875 0.91875 0.66875 0.90625 0.665625 0.9078125 0.6578125
2 0.565625 0.7671875 0.5796875 0.775 0.5890625 0.7875 0.5890625 0.8046875 0.5859375 0.821875 0.584375 0.825 0.5765625 0.8234375 0.553125 0.846875 0.55 0.865625 0.546875 0.86875 0.5265625 0.8640625 0.5171875 0.859375 0.5015625 0.84375 0.503125 0.80625 0.509375 0.7890625 0.534375 0.7640625 0.546875 0.7625 0.5640625 0.7671875
2 0.5578125 0.58125 0.5609375 0.5828125 0.5640625 0.590625 0.5640625 0.60625 0.5609375 0.6078125 0.553125 0.6 0.55 0.6046875 0.546875 0.603125 0.5453125 0.5984375 0.546875 0.584375 0.5515625 0.58125 0.55625 0.58125
2 0.4875 0.5890625 0.49375 0.5953125 0.49375 0.60625 0.490625 0.609375 0.46875 0.60625 0.4671875 0.6015625 0.471875 0.590625 0.4828125 0.5875 0.4859375 0.5890625
2 0.6375 0.6265625 0.6421875 0.6296875 0.653125 0.63125 0.659375 0.6390625 0.659375 0.65625 0.65 0.6609375 0.6359375 0.659375 0.6328125 0.653125 0.6265625 0.6484375 0.6234375 0.6390625 0.61875 0.640625 0.615625 0.6484375 0.6125 0.65 0.609375 0.6484375 0.609375 0.6375 0.6125 0.6328125 0.6203125 0.63125 0.628125 0.6265625 0.6359375 0.6265625
2 0.5078125 0.5625 0.5109375 0.56875 0.50625 0.58125 0.490625 0.5796875 0.4921875 0.56875 0.5015625 0.5625 0.50625 0.5625
2 0.17890625 0.64921875 0.05078125 0.0484375
2 0.4546875 0.578125 0.4578125 0.5859375 0.4375 0.5890625 0.4328125 0.5953125 0.4328125 0.5859375 0.440625 0.578125 0.446875 0.5765625 0.453125 0.578125
2 0.3671875 0.59375 0.36875 0.609375 0.365625 0.6125 0.3578125 0.6109375 0.359375 0.596875 0.365625 0.5953125
2 0.190625 0.6625 0.0609375 0.0546875
2 0.04375 0.7421875 0.0484375 0.7515625 0.0484375 0.765625 0.040625 0.7765625 0.0375 0.7859375 0.0328125 0.790625 0.0234375 0.790625 0.0015625 0.8015625 0 0.8015625 0 0.746875 0.0265625 0.740625 0.0421875 0.7421875
2 0.4578125 0.5875 0.4625 0.596875 0.4625 0.609375 0.459375 0.6140625 0.4390625 0.6140625 0.4328125 0.6109375 0.4328125 0.5953125 0.4375 0.590625 0.45625 0.5875
2 0.6140625 0.5984375 0.6203125 0.6 0.625 0.6078125 0.625 0.6203125 0.6203125 0.6265625 0.609375 0.6265625 0.60625 0.6234375 0.5875 0.6203125 0.5859375 0.6171875 0.5859375 0.6078125 0.59375 0.6 0.6 0.596875 0.6125 0.5984375
2 0.5609375 0.5609375 0.565625 0.565625 0.5671875 0.5765625 0.5640625 0.5796875 0.55625 0.578125 0.55625 0.5640625 0.559375 0.5625
2 0.340625 0.5953125 0.3484375 0.5984375 0.3515625 0.6046875 0.35 0.6140625 0.340625 0.6171875 0.3359375 0.6171875 0.3359375 0.596875 0.3390625 0.5953125