2 0.7366840277777778 0.6358564814814814 0.04908564814814813 0.0441087962962964
2 0.9106597222222221 0.7261979166666667 0.11060185185185176 0.08362268518518512
5 0.43182291666666667 0.7273379629629629 0.07482638888888893 0.09429398148148156
2 0.5057407407407407 0.6021180555555556 0.04582175925925931 0.03471064814814824
2 0.45980902777777777 0.9272135416666668 0.12094907407407404 0.14557291666666644
2 0.29576967592592596 0.7185185185185186 0.044884259259259277 0.07688657407407398
2 0.3550115740740741 0.6572453703703703 0.036539351851851795 0.040891203703703735
2 0.3670949074074074 0.7346701388888889 0.05747685185185185 0.08322916666666665
2 0.4308101851851852 0.60625 0.02385416666666664 0.028298611111111073
2 0.23471064814814815 0.6571354166666666 0.0616087962962963 0.045763888888888896
2 0.38972800925925927 0.627818287037037 0.04584490740740747 0.036273148148148235
2 0.9973466435185184 0.668269675925926 0.005306712962963189 0.0344444444444445
5 0.5316840277777778 0.8241608796296296 0.13032407407407404 0.14938657407407413
2 0.31298611111111113 0.6678703703703703 0.039571759259259306 0.034664351851851904