3 0.7307349537037038 0.6400983796296297 0.014456018518518566 0.02677083333333332
3 0.7140625 0.7484375 0.7171875 0.75 0.7234375 0.7609375 0.728125 0.7609375 0.7359375 0.765625 0.7359375 0.7796875 0.73125 0.7875 0.7265625 0.7875 0.71875 0.7734375 0.715625 0.75
3 0.475 0.5734375 0.48125 0.5765625 0.4796875 0.5859375 0.4765625 0.5890625 0.4734375 0.5859375 0.475 0.575
3 0.6375 0.61875 0.64375 0.6234375 0.646875 0.621875 0.6515625 0.6265625 0.653125 0.634375 0.65 0.64375 0.6453125 0.6390625 0.6390625 0.6375 0.634375 0.6328125 0.634375 0.6265625 0.6375 0.6203125
3 0.603125 0.5765625 0.60625 0.58125 0.60625 0.590625 0.603125 0.5921875 0.6015625 0.590625 0.603125 0.578125
3 0.1140625 0.7796875 0.11875 0.7828125 0.121875 0.7890625 0.1203125 0.80625 0.103125 0.815625 0.09375 0.8296875 0.090625 0.8296875 0.0875 0.825 0.0890625 0.8234375 0.0875 0.8171875 0.0921875 0.8078125 0.090625 0.8015625 0.09375 0.79375 0.096875 0.790625 0.1078125 0.7921875 0.1125 0.7875 0.1140625 0.78125
3 0.21875 0.634375 0.2234375 0.6390625 0.225 0.6484375 0.2234375 0.6515625 0.209375 0.6546875 0.2046875 0.6453125 0.2078125 0.6375 0.2125 0.6375 0.2171875 0.634375
3 0.3796875 0.6078125 0.38125 0.61875 0.3734375 0.6234375 0.3703125 0.621875 0.371875 0.6109375 0.378125 0.6078125
3 0.2625 0.6640625 0.265625 0.6640625 0.2640625 0.684375 0.2515625 0.69375 0.2484375 0.690625 0.2515625 0.6703125 0.259375 0.66875 0.2625 0.665625
3 0.1375 0.6453125 0.14375 0.6578125 0.1421875 0.665625 0.1359375 0.665625 0.134375 0.653125 0.1359375 0.646875
3 0.7140625 0.603125 0.7171875 0.6140625 0.715625 0.621875 0.7109375 0.621875 0.7078125 0.6140625 0.7078125 0.6078125 0.7125 0.603125
3 0.3203125 0.63125 0.3296875 0.6328125 0.33125 0.640625 0.3296875 0.6484375 0.3234375 0.6515625 0.3234375 0.6453125 0.31875 0.6390625 0.3203125 0.6328125
3 0.325 0.621875 0.3328125 0.6296875 0.3296875 0.6390625 0.3265625 0.6390625 0.3203125 0.63125 0.3234375 0.6234375
3 0.2125 0.7 0.21875 0.7046875 0.2234375 0.7 0.2265625 0.7 0.228125 0.7078125 0.225 0.7203125 0.2078125 0.7328125 0.20625 0.73125 0.2078125 0.7265625 0.20625 0.715625 0.2078125 0.70625 0.2109375 0.7015625
3 0.76875 0.659375 0.775 0.6578125 0.78125 0.6484375 0.7859375 0.6484375 0.7875 0.653125 0.7859375 0.6578125 0.7875 0.678125 0.784375 0.68125 0.7796875 0.6765625 0.7765625 0.675 0.771875 0.6765625 0.76875 0.6734375 0.7671875 0.66875 0.76875 0.6609375
3 0.1140625 0.640625 0.1171875 0.64375 0.1171875 0.6515625 0.10625 0.653125 0.1078125 0.6453125 0.1125 0.6421875
3 0.2625 0.6290625000000001 0.022222222222222233 0.023761574074074067
3 0.490625 0.5734375 0.4921875 0.571875 0.490625 0.5671875 0.4953125 0.5640625 0.4984375 0.571875 0.4953125 0.5765625 0.4921875 0.575
3 0.75 0.65625 0.75625 0.653125 0.7609375 0.65625 0.7640625 0.69375 0.7609375 0.7 0.7578125 0.6984375 0.7515625 0.6859375 0.7515625 0.6765625 0.7484375 0.671875 0.7515625 0.6578125
3 0.3171875 0.6375 0.3234375 0.6421875 0.325 0.646875 0.3234375 0.6546875 0.31875 0.659375 0.309375 0.6609375 0.3109375 0.6453125 0.315625 0.6390625
3 0.6917939814814815 0.5961342592592592 0.012847222222222232 0.023622685185185243
3 0.3875 0.60625 0.390625 0.60625 0.390625 0.621875 0.384375 0.61875 0.3875 0.6078125
3 0.596875 0.5609375 0.6015625 0.5578125 0.603125 0.571875 0.5984375 0.5703125 0.5984375 0.5625
5 0.1078125 0.71875 0.109375 0.7265625 0.1125 0.7296875 0.1125 0.74375 0.115625 0.7453125 0.1171875 0.7625 0.109375 0.765625 0.10625 0.759375 0.0984375 0.7609375 0.09375 0.7671875 0.0921875 0.784375 0.0609375 0.8046875 0.05625 0.8140625 0.05 0.8203125 0.04375 0.81875 0.0421875 0.7953125 0.0390625 0.7921875 0.034375 0.746875 0.04375 0.74375 0.0578125 0.7359375 0.0640625 0.7296875 0.071875 0.728125 0.078125 0.721875 0.0859375 0.71875 0.090625 0.7171875 0.10625 0.71875
5 0.078125 0.6453125 0.08125 0.6609375 0.071875 0.66875 0.065625 0.66875 0.0625 0.671875 0.0578125 0.665625 0.059375 0.6515625 0.0640625 0.646875 0.0765625 0.6453125
0 0.64375 0.5625 0.6546875 0.565625 0.659375 0.5734375 0.6578125 0.578125 0.659375 0.5953125 0.6453125 0.5953125 0.63125 0.5859375 0.6328125 0.5640625 0.6421875 0.5625
2 0.47493634259259265 0.5688715277777778 0.023761574074074067 0.022222222222222233
2 0.8140625 0.5796875 0.821875 0.5828125 0.825 0.5875 0.8015625 0.5828125 0.7953125 0.584375 0.7921875 0.5796875 0.7984375 0.5765625 0.8125 0.5796875
2 0.6125 0.5359375 0.6171875 0.5375 0.6203125 0.5515625 0.615625 0.5546875 0.609375 0.553125 0.6078125 0.54375 0.6109375 0.5375
2 0.6609375 0.6625 0.66875 0.6609375 0.6828125 0.6625 0.690625 0.66875 0.690625 0.6734375 0.69375 0.6765625 0.6953125 0.7203125 0.696875 0.721875 0.6953125 0.7296875 0.6859375 0.7234375 0.675 0.7234375 0.6671875 0.7296875 0.6625 0.7296875 0.659375 0.721875 0.6578125 0.7078125 0.659375 0.6953125 0.6578125 0.6921875 0.6609375 0.6796875 0.6578125 0.6765625 0.65625 0.66875 0.6609375 0.6640625
2 0.590625 0.53125 0.5953125 0.528125 0.5984375 0.5328125 0.5984375 0.5375 0.59375 0.5375 0.5921875 0.5328125
2 0.5800462962962963 0.5430902777777777 0.012754629629629654 0.017372685185185154
2 0.7018055555555556 0.6389641203703704 0.0366087962962963 0.04584490740740747
2 0.603125 0.5203125 0.6078125 0.5203125 0.6078125 0.5296875 0.603125 0.5296875 0.603125 0.521875
2 0.45625 0.5890625 0.4609375 0.590625 0.4640625 0.5984375 0.4640625 0.60625 0.4609375 0.6125 0.45625 0.6125 0.45625 0.60625 0.453125 0.6015625 0.4546875 0.590625
2 0.6171875 0.59375 0.6234375 0.60625 0.625 0.6203125 0.6234375 0.6234375 0.6203125 0.6203125 0.60625 0.6234375 0.6015625 0.61875 0.6 0.6109375 0.596875 0.6078125 0.5984375 0.5984375 0.6015625 0.59375 0.60625 0.5921875 0.615625 0.59375
2 0.596875 0.759375 0.6171875 0.7640625 0.625 0.771875 0.6296875 0.7859375 0.628125 0.7984375 0.6296875 0.8046875 0.61875 0.815625 0.615625 0.8234375 0.6109375 0.828125 0.60625 0.8375 0.60625 0.8484375 0.603125 0.8578125 0.5953125 0.8578125 0.5921875 0.8609375 0.575 0.859375 0.5625 0.853125 0.55625 0.846875 0.553125 0.8171875 0.5578125 0.809375 0.5640625 0.7859375 0.5734375 0.76875 0.58125 0.7625 0.5953125 0.759375
2 0.5875 0.5859375 0.584375 0.5703125 0.5890625 0.5640625 0.59375 0.5640625 0.596875 0.5671875 0.6015625 0.578125 0.5984375 0.5859375 0.5953125 0.584375 0.5890625 0.5859375
2 0.9765625 0.6203125 0.9640625 0.615625 0.9390625 0.6109375 0.9375 0.609375 0.9390625 0.6015625 0.95 0.5984375 0.9765625 0.6015625 0.9796875 0.6125 0.978125 0.61875
2 0.5765625 0.55 0.5796875 0.5515625 0.58125 0.5671875 0.575 0.5671875 0.571875 0.5625 0.571875 0.5515625 0.575 0.55