0 0.6765625 0.6640625 0.6796875 0.6625 0.6953125 0.6640625 0.7015625 0.6671875 0.7046875 0.671875 0.7078125 0.690625 0.70625 0.7046875 0.7078125 0.70625 0.7078125 0.7390625 0.709375 0.740625 0.709375 0.7453125 0.70625 0.7484375 0.703125 0.746875 0.7 0.7515625 0.6953125 0.753125 0.6859375 0.7484375 0.68125 0.7484375 0.6796875 0.7421875 0.671875 0.7359375 0.6734375 0.721875 0.671875 0.6859375 0.6765625 0.665625
3 0.6515625 0.621875 0.6546875 0.6234375 0.65625 0.6296875 0.6546875 0.6421875 0.65 0.6390625 0.65 0.6234375
3 0.646875 0.65 0.6484375 0.653125 0.646875 0.6671875 0.6421875 0.665625 0.6390625 0.65625 0.6390625 0.6515625 0.6453125 0.65
3 0.6625 0.8390625 0.66875 0.8421875 0.675 0.8390625 0.678125 0.8484375 0.678125 0.8578125 0.6765625 0.85625 0.6703125 0.8578125 0.66875 0.8734375 0.665625 0.8765625 0.6609375 0.8546875 0.6625 0.840625
3 0.5921875 0.59375 0.596875 0.6015625 0.596875 0.6125 0.5953125 0.615625 0.5921875 0.6140625 0.590625 0.6109375 0.5921875 0.5953125
3 0.2765625 0.59375 0.01953125 0.01484375
3 0.1859375 0.603125 0.196875 0.6015625 0.2 0.603125 0.2015625 0.609375 0.2015625 0.61875 0.1984375 0.621875 0.1859375 0.6234375 0.1828125 0.61875 0.1828125 0.609375 0.1859375 0.6046875
3 0.23984375 0.60390625 0.021875 0.0203125
3 0.48125 0.565625 0.484375 0.565625 0.4859375 0.5703125 0.4859375 0.575 0.4828125 0.578125 0.48125 0.5671875
3 0.66875 0.9109375 0.671875 0.9109375 0.678125 0.9203125 0.678125 0.925 0.6828125 0.9328125 0.678125 0.9546875 0.671875 0.9625 0.671875 0.9671875 0.66875 0.96875 0.6671875 0.953125 0.6640625 0.9484375 0.6640625 0.9265625 0.66875 0.9125
3 0.328125 0.60625 0.334375 0.609375 0.3375 0.6234375 0.334375 0.6265625 0.3265625 0.628125 0.3203125 0.6265625 0.321875 0.6125 0.3265625 0.6078125
3 0.553125 0.5640625 0.553125 0.578125 0.5515625 0.578125 0.553125 0.565625
3 0.1078125 0.6078125 0.109375 0.6140625 0.10625 0.628125 0.1 0.6265625 0.1015625 0.6109375 0.10625 0.6078125
3 0.66875 0.896875 0.66875 0.9046875 0.675 0.9109375 0.6859375 0.9140625 0.684375 0.915625 0.6859375 0.9359375 0.68125 0.9421875 0.678125 0.9578125 0.6734375 0.9609375 0.671875 0.96875 0.66875 0.96875 0.6671875 0.953125 0.6640625 0.9484375 0.6640625 0.9265625 0.66875 0.909375 0.66875 0.8984375
3 0.2203125 0.5953125 0.2265625 0.6015625 0.228125 0.60625 0.2265625 0.6140625 0.2234375 0.6171875 0.21875 0.6140625 0.2078125 0.615625 0.203125 0.6125 0.2046875 0.60625 0.21875 0.5953125
3 0.365625 0.5953125 0.36875 0.609375 0.3671875 0.6125 0.359375 0.615625 0.35625 0.615625 0.3546875 0.6125 0.35625 0.603125 0.359375 0.596875 0.3640625 0.5953125
3 0.115625 0.6046875 0.11875 0.60625 0.1203125 0.6140625 0.1203125 0.6234375 0.1140625 0.6234375 0.1125 0.615625 0.115625 0.60625
5 0.1640625 0.6484375 0.16875 0.6515625 0.16875 0.6765625 0.1703125 0.678125 0.16875 0.684375 0.1609375 0.690625 0.1578125 0.696875 0.146875 0.6984375 0.1203125 0.7109375 0.1078125 0.7234375 0.0890625 0.7234375 0.0875 0.721875 0.078125 0.7234375 0.071875 0.71875 0.0734375 0.7 0.078125 0.690625 0.0875 0.6828125 0.09375 0.6734375 0.1 0.6671875 0.1171875 0.6578125 0.146875 0.6484375 0.1625 0.65
5 0.025 0.6203125 0.028125 0.625 0.028125 0.6453125 0.025 0.6515625 0.021875 0.65 0.021875 0.64375 0.0171875 0.6390625 0.0078125 0.6390625 0.0046875 0.6421875 0 0.6421875 0 0.625 0.00625 0.621875 0.0234375 0.6203125
5 0.0390625 0.6 0.04375 0.596875 0.059375 0.5984375 0.0546875 0.6078125 0.0546875 0.6125 0.0484375 0.6203125 0.0375 0.6203125 0.0359375 0.609375 0.0390625 0.6015625
2 0.775 0.615625 0.796875 0.625 0.7984375 0.6296875 0.7671875 0.6203125 0.765625 0.6171875 0.7734375 0.615625
2 0.5921875 0.5515625 0.01171875 0.01640625
2 0.5765625 0.5984375 0.58125 0.60625 0.58125 0.6203125 0.578125 0.621875 0.565625 0.6203125 0.559375 0.6109375 0.559375 0.60625 0.565625 0.596875 0.575 0.5984375
2 0.5640625 0.578125 0.575 0.5765625 0.5796875 0.5875 0.578125 0.5953125 0.5640625 0.59375 0.5625 0.590625 0.5640625 0.5796875
2 0.6265625 0.615625 0.63125 0.621875 0.634375 0.634375 0.63125 0.6421875 0.615625 0.6421875 0.6078125 0.6328125 0.609375 0.6171875 0.6125 0.6171875 0.6171875 0.6125 0.621875 0.6125 0.625 0.615625
2 0.6 0.5734375 0.6046875 0.584375 0.603125 0.5953125 0.5984375 0.5953125 0.59375 0.5921875 0.5859375 0.59375 0.5875 0.5765625 0.5984375 0.5734375
2 0.09375 0.590625 0.0953125 0.6015625 0.0875 0.60625 0.078125 0.6046875 0.075 0.6015625 0.075 0.596875 0.08125 0.590625 0.0921875 0.590625
2 0.6203125 0.5953125 0.63125 0.6046875 0.6328125 0.6109375 0.63125 0.6171875 0.621875 0.6109375 0.60625 0.6140625 0.6046875 0.6109375 0.60625 0.596875 0.6125 0.59375 0.61875 0.5953125
2 0.7265625 0.6046875 0.7390625 0.6046875 0.746875 0.609375 0.75 0.6140625 0.75 0.615625 0.740625 0.615625 0.7328125 0.625 0.7328125 0.628125 0.7296875 0.6296875 0.7265625 0.6265625 0.728125 0.615625 0.7265625 0.60625
2 0.2828125 0.6171875 0.2953125 0.6234375 0.29375 0.6375 0.2890625 0.6421875 0.2796875 0.6421875 0.2625 0.6515625 0.25 0.65 0.2484375 0.646875 0.25 0.6359375 0.2578125 0.625 0.2625 0.621875 0.2734375 0.6171875 0.28125 0.6171875
2 0.5890625 0.559375 0.5953125 0.5609375 0.5984375 0.571875 0.5921875 0.571875 0.5875 0.575 0.5859375 0.5734375 0.5875 0.5609375
2 0.5921875 0.64375 0.60625 0.6421875 0.609375 0.6453125 0.6140625 0.6625 0.6125 0.6828125 0.609375 0.6796875 0.59375 0.6796875 0.5921875 0.6765625 0.5921875 0.6453125
2 0.5859375 0.7984375 0.5921875 0.8015625 0.596875 0.809375 0.596875 0.8375 0.5953125 0.846875 0.584375 0.8625 0.5828125 0.8703125 0.5765625 0.8796875 0.575 0.9 0.5703125 0.90625 0.5671875 0.90625 0.559375 0.9 0.5453125 0.9 0.5375 0.896875 0.5296875 0.896875 0.5234375 0.8921875 0.5234375 0.8546875 0.528125 0.8484375 0.5375 0.821875 0.55 0.7984375 0.559375 0.79375 0.5703125 0.79375 0.584375 0.7984375
2 0.5953125 0.5359375 0.6 0.534375 0.603125 0.5375 0.6015625 0.5453125 0.5953125 0.5421875 0.5953125 0.5375
2 0.9078125 0.65625 0.934375 0.65625 0.9453125 0.6625 0.9453125 0.678125 0.9390625 0.678125 0.928125 0.671875 0.921875 0.671875 0.9140625 0.6671875 0.90625 0.665625 0.9078125 0.6578125
2 0.065625 0.5984375 0.065625 0.5921875 0.0703125 0.5859375 0.08125 0.5859375 0.084375 0.5890625 0.0765625 0.5953125 0.0765625 0.5984375 0.0671875 0.5984375
2 0.70625 0.6453125 0.7171875 0.646875 0.7328125 0.6546875 0.7390625 0.665625 0.7390625 0.684375 0.73125 0.6890625 0.7203125 0.6890625 0.7171875 0.6921875 0.7109375 0.690625 0.70625 0.6703125 0.7015625 0.665625 0.6859375 0.6609375 0.678125 0.6625 0.678125 0.65625 0.68125 0.6515625 0.690625 0.646875 0.7046875 0.6453125