2 0.42454282407407407 0.78203125 0.07565972222222221 0.0890625
2 0.8924884259259258 0.6734375 0.07374999999999972 0.0421875
2 0.3405497685185185 0.728125 0.04265046296296297 0.0625
2 0.40435185185185185 0.69296875 0.039456018518518474 0.053125
2 0.6327546296296296 0.94140625 0.1524305555555557 0.1171875
2 0.5302662037037037 0.60546875 0.03298611111111107 0.0234375
2 0.3864756944444444 0.6 0.029872685185185155 0.025
2 0.9288541666666668 0.73125 0.0990046296296299 0.0765625
2 0.18800925925925926 0.7015625 0.10839120370370373 0.078125
2 0.4490856481481481 0.93125 0.1260185185185186 0.1375
2 0.7054398148148148 0.62890625 0.04715277777777782 0.0375
1 0.32438078703703704 0.6546875 0.0817708333333333 0.0703125
0 0.2780960648148148 0.734375 0.061863425925925954 0.125
2 0.9335069444444443 0.62109375 0.03456018518518533 0.025
2 0.5637847222222222 0.5953125 0.023692129629629476 0.034375
4 0.4264699074074074 0.6203125 0.053622685185185225 0.0671875
2 0.9929224537037037 0.634375 0.014155092592592667 0.028125
2 0.5074016203703703 0.57734375 0.020486111111111073 0.0234375
2 0.4551967592592593 0.59609375 0.01894675925925924 0.0265625
2 0.9632986111111113 0.63515625 0.026747685185185333 0.025
2 0.7844618055555556 0.64453125 0.03456018518518533 0.025
2 0.8166493055555556 0.98203125 0.050266203703703737 0.0359375
5 0.7648090277777777 0.628125 0.07390046296296297 0.0625