3 0.621875 0.6140625 0.6234375 0.628125 0.6203125 0.63125 0.615625 0.6265625 0.615625 0.6171875 0.6203125 0.6140625
3 0.58125 0.603125 0.584375 0.6109375 0.5828125 0.6234375 0.578125 0.6234375 0.5765625 0.6171875 0.5765625 0.6046875 0.5796875 0.603125
3 0.2796875 0.60625 0.284375 0.615625 0.284375 0.6234375 0.275 0.628125 0.2703125 0.6234375 0.26875 0.6125 0.2703125 0.609375 0.278125 0.60625
3 0.64375 0.621875 0.646875 0.621875 0.65 0.6265625 0.65 0.634375 0.646875 0.640625 0.6421875 0.634375 0.64375 0.6234375
3 0.1125 0.6234375 0.1125 0.6109375 0.115625 0.60625 0.11875 0.609375 0.11875 0.6234375 0.1140625 0.6234375
3 0.5578125 0.575 0.559375 0.5875 0.55625 0.5890625 0.55625 0.5765625
3 0.46875 0.5953125 0.4734375 0.5953125 0.4765625 0.6046875 0.4765625 0.6140625 0.4640625 0.6125 0.4640625 0.6046875 0.46875 0.596875
0 0.009375 0.690625 0.025 0.684375 0.0265625 0.675 0.025 0.66875 0.0328125 0.6609375 0.053125 0.6515625 0.0578125 0.6515625 0.0875 0.6390625 0.0921875 0.6390625 0.1 0.634375 0.1171875 0.634375 0.11875 0.6359375 0.11875 0.659375 0.1203125 0.6609375 0.1203125 0.665625 0.115625 0.671875 0.1125 0.671875 0.103125 0.6828125 0.0921875 0.684375 0.075 0.69375 0.0703125 0.69375 0.05625 0.6859375 0.0453125 0.684375 0.03125 0.684375 0.0109375 0.6953125 0.0078125 0.69375 0.009375 0.6921875
5 0.365625 0.5828125 0.3671875 0.603125 0.35625 0.6078125 0.3515625 0.60625 0.34375 0.5984375 0.3265625 0.5984375 0.325 0.6 0.325 0.59375 0.328125 0.5875 0.34375 0.5828125 0.3640625 0.584375
5 0.2453125 0.6046875 0.246875 0.6203125 0.2359375 0.6234375 0.225 0.6359375 0.2234375 0.6359375 0.221875 0.625 0.2171875 0.6234375 0.2109375 0.6453125 0.203125 0.65 0.1984375 0.6375 0.2015625 0.61875 0.2078125 0.6125 0.21875 0.6078125 0.2375 0.603125 0.24375 0.6046875
5 0.1890625 0.6140625 0.1921875 0.6171875 0.19375 0.634375 0.1625 0.6390625 0.1375 0.6625 0.1328125 0.6625 0.1296875 0.65625 0.1328125 0.640625 0.1421875 0.6265625 0.1796875 0.6140625 0.1875 0.6140625
2 0.7265625 0.6046875 0.7375 0.6046875 0.7453125 0.6078125 0.7515625 0.6140625 0.7515625 0.6171875 0.7375 0.6203125 0.73125 0.628125 0.728125 0.628125 0.7265625 0.6265625 0.728125 0.615625 0.7265625 0.60625
2 0.4640625 0.5640625 0.46875 0.565625 0.4703125 0.571875 0.4625 0.5765625 0.4578125 0.5765625 0.45 0.5859375 0.446875 0.58125 0.446875 0.575 0.4546875 0.5671875 0.4625 0.565625
2 0.475 0.578125 0.4734375 0.590625 0.4578125 0.596875 0.45 0.5953125 0.45 0.584375 0.453125 0.5796875 0.465625 0.5734375 0.4703125 0.5734375 0.4734375 0.578125
2 0.06875 0.5875 0.071875 0.5859375 0.084375 0.5875 0.084375 0.5921875 0.0796875 0.59375 0.075 0.6 0.065625 0.5984375 0.065625 0.5921875 0.06875 0.5890625
2 0.4796875 0.5703125 0.4875 0.565625 0.4953125 0.565625 0.4984375 0.571875 0.4984375 0.58125 0.490625 0.5859375 0.4765625 0.5859375 0.4765625 0.5734375 0.4796875 0.571875
2 0.5125 0.5609375 0.5140625 0.5734375 0.509375 0.578125 0.5015625 0.5765625 0.4984375 0.565625 0.503125 0.5609375 0.5109375 0.5609375
2 0.93125 0.65625 0.9453125 0.6609375 0.9453125 0.678125 0.934375 0.6765625 0.928125 0.671875 0.921875 0.671875 0.915625 0.6671875 0.9078125 0.665625 0.909375 0.6578125 0.9296875 0.65625
2 0.025 0.7234375 0.034375 0.7296875 0.0390625 0.7359375 0.0390625 0.740625 0.034375 0.753125 0.0296875 0.7578125 0.0265625 0.771875 0.021875 0.7765625 0 0.7734375 0 0.725 0.0109375 0.721875 0.0234375 0.7234375
2 0.09375 0.59375 0.1046875 0.5953125 0.1078125 0.6015625 0.10625 0.6109375 0.0859375 0.615625 0.0828125 0.609375 0.0828125 0.603125 0.09375 0.5953125
2 0.4328125 0.58125 0.43125 0.575 0.4359375 0.571875 0.4453125 0.5734375 0.4453125 0.5828125 0.440625 0.5859375 0.434375 0.58125
2 0.58125 0.584375 0.5859375 0.5890625 0.5875 0.60625 0.584375 0.60625 0.58125 0.6015625 0.575 0.6046875 0.571875 0.6015625 0.5703125 0.590625 0.571875 0.5875 0.5796875 0.584375
2 0.1921875 0.6359375 0.2 0.64375 0.2 0.6515625 0.196875 0.6578125 0.1921875 0.6625 0.1796875 0.6640625 0.165625 0.671875 0.1578125 0.6625 0.1421875 0.6625 0.14375 0.6578125 0.1671875 0.6390625 0.190625 0.6359375
2 0.1578125 0.6640625 0.1640625 0.671875 0.1640625 0.6765625 0.15625 0.696875 0.146875 0.696875 0.128125 0.70625 0.121875 0.715625 0.1046875 0.7171875 0.0953125 0.7203125 0.0921875 0.7171875 0.0921875 0.703125 0.0953125 0.6953125 0.0984375 0.69375 0.109375 0.678125 0.1265625 0.665625 0.15625 0.6640625
2 0.265625 0.6203125 0.2703125 0.625 0.271875 0.6453125 0.2640625 0.6515625 0.2578125 0.6515625 0.2390625 0.659375 0.2328125 0.665625 0.2265625 0.6625 0.209375 0.6609375 0.20625 0.6578125 0.2109375 0.646875 0.2234375 0.6390625 0.2359375 0.6265625 0.253125 0.6203125 0.2640625 0.6203125
2 0.615625 0.6390625 0.61875 0.6375 0.6296875 0.6390625 0.6375 0.646875 0.640625 0.6609375 0.640625 0.6796875 0.6359375 0.675 0.6171875 0.6765625 0.615625 0.66875 0.6125 0.665625 0.6125 0.6453125 0.615625 0.640625
2 0.0421875 0.6859375 0.065625 0.6921875 0.071875 0.696875 0.0734375 0.703125 0.071875 0.709375 0.0671875 0.7125 0.0609375 0.7234375 0.053125 0.7234375 0.046875 0.7265625 0.04375 0.7265625 0.0390625 0.721875 0.0359375 0.7125 0.03125 0.7234375 0.0234375 0.7203125 0.009375 0.7203125 0 0.7234375 0 0.70625 0.0078125 0.6984375 0.0328125 0.6859375 0.040625 0.6859375
2 0.078125 0.5921875 0.0890625 0.5890625 0.0953125 0.590625 0.0953125 0.596875 0.084375 0.60625 0.078125 0.60625 0.075 0.603125 0.0734375 0.5984375 0.078125 0.59375
2 0.4328125 0.5796875 0.4359375 0.5796875 0.440625 0.5859375 0.440625 0.5953125 0.4359375 0.6015625 0.4328125 0.6015625 0.43125 0.5984375 0.43125 0.5828125 0.4328125 0.58125
2 0.3015625 0.6171875 0.309375 0.6125 0.3140625 0.6125 0.325 0.6 0.3421875 0.6 0.346875 0.6078125 0.346875 0.6203125 0.3421875 0.6265625 0.3296875 0.6265625 0.3171875 0.6296875 0.3140625 0.6328125 0.3078125 0.6328125 0.3 0.625 0.3015625 0.61875
2 0.278125 0.60625 0.278125 0.6015625 0.2859375 0.596875 0.296875 0.596875 0.30625 0.603125 0.3078125 0.6109375 0.3046875 0.6140625 0.2875 0.6203125 0.2796875 0.60625
2 0 0.6296875 0.0046875 0.6296875 0.009375 0.634375 0.0078125 0.64375 0.003125 0.6484375 0 0.6484375 0 0.63125
2 0.775 0.615625 0.7953125 0.6234375 0.7984375 0.6296875 0.7671875 0.6203125 0.765625 0.6171875 0.7734375 0.615625
2 0.5796875 0.553125 0.58125 0.565625 0.578125 0.571875 0.5703125 0.5703125 0.571875 0.5546875 0.578125 0.553125
2 0.1109375 0.5796875 0.1125 0.5875 0.1046875 0.59375 0.0984375 0.5921875 0.096875 0.5875 0.0984375 0.5828125 0.109375 0.5796875
2 0.5609375 0.534375 0.5640625 0.5375 0.5609375 0.5421875 0.553125 0.5421875 0.553125 0.5375 0.559375 0.534375
2 0.0515625 0.5953125 0.059375 0.5984375 0.059375 0.6046875 0.05 0.603125 0.0453125 0.609375 0.04375 0.6203125 0.0359375 0.61875 0.0359375 0.609375 0.0390625 0.6 0.0453125 0.5953125 0.05 0.5953125