2 0.7233622685185186 0.68046875 0.07268518518518512 0.0546875
2 0.6404108796296296 0.67109375 0.0726157407407408 0.05
2 0.656869212962963 0.72734375 0.04628472222222228 0.065625
2 0.7805844907407407 0.74609375 0.058807870370370455 0.0671875
2 0.4690914351851852 0.603125 0.03947916666666664 0.028125
2 0.0995486111111111 0.60234375 0.03947916666666669 0.028125
5 0.5136342592592593 0.60390625 0.04743055555555564 0.0375
2 0.32219328703703703 0.6015625 0.08201388888888887 0.0515625
5 0.5656712962962963 0.6359375 0.047546296296296295 0.0453125
5 0.5835069444444445 0.78515625 0.1097337962962964 0.1296875
2 0.5848090277777778 0.609375 0.031643518518518474 0.0265625
5 0.1544097222222222 0.6140625 0.0857175925925926 0.090625