5 0.225 0.5875 0.2296875 0.59375 0.228125 0.6015625 0.221875 0.603125 0.20625 0.61875 0.1953125 0.625 0.178125 0.621875 0.178125 0.6109375 0.18125 0.60625 0.184375 0.60625 0.1984375 0.5921875 0.215625 0.5875 0.2234375 0.5875
5 0.6296875 0.6609375 0.6375 0.659375 0.6515625 0.6625 0.6546875 0.66875 0.6546875 0.703125 0.6515625 0.7109375 0.6515625 0.71875 0.64375 0.7328125 0.6421875 0.7375 0.64375 0.740625 0.6359375 0.7421875 0.6140625 0.73125 0.6109375 0.725 0.6140625 0.6859375 0.6171875 0.678125 0.6296875 0.6625
5 0.4859375 0.5546875 0.4921875 0.55625 0.496875 0.5609375 0.4921875 0.565625 0.4890625 0.565625 0.4859375 0.5703125 0.4828125 0.5703125 0.478125 0.565625 0.478125 0.559375 0.484375 0.55625
3 0.590625 0.603125 0.5921875 0.5875 0.5953125 0.5890625 0.5953125 0.603125 0.59375 0.6046875 0.5921875 0.603125
3 0.5578125 0.73125 0.5578125 0.7375 0.5609375 0.7421875 0.546875 0.7578125 0.5453125 0.7578125 0.5421875 0.7453125 0.54375 0.7328125 0.5546875 0.734375 0.5578125 0.7328125
3 0.5638020833333334 0.6017997685185186 0.006388888888888911 0.018796296296296332
3 0.19375 0.5796875 0.1984375 0.5828125 0.19375 0.5953125 0.1828125 0.603125 0.175 0.6 0.1796875 0.58125 0.1921875 0.58125
3 0.5734375 0.5796875 0.5765625 0.5796875 0.575 0.59375 0.571875 0.5921875 0.5734375 0.58125
3 0.09824074074074074 0.7124074074074074 0.03321759259259259 0.05493055555555557
3 0.0046875 0.7296875 0.0109375 0.73125 0.0140625 0.7359375 0.0125 0.74375 0.01875 0.7546875 0.015625 0.759375 0.00625 0.7640625 0.0046875 0.73125
3 0.5828125 0.7015625 0.584375 0.7 0.584375 0.6828125 0.5890625 0.6796875 0.5921875 0.6828125 0.5921875 0.7 0.5875 0.70625 0.584375 0.703125
3 0.2875 0.603125 0.290625 0.6078125 0.2890625 0.6234375 0.28125 0.628125 0.2734375 0.628125 0.2734375 0.6203125 0.2796875 0.6078125 0.2859375 0.603125
3 0.2390625 0.575 0.24375 0.578125 0.2453125 0.5828125 0.2453125 0.590625 0.2421875 0.5953125 0.234375 0.5953125 0.228125 0.5859375 0.228125 0.5796875 0.2328125 0.575 0.2375 0.575
3 0.0046875 0.5921875 0.00625 0.5984375 0.0046875 0.6046875 0.0046875 0.59375
3 0.5875 0.559375 0.5890625 0.5609375 0.5875 0.575 0.5859375 0.5734375 0.5875 0.5609375
3 0.7359375 0.5984375 0.7421875 0.60625 0.740625 0.6125 0.73125 0.609375 0.73125 0.6 0.734375 0.5984375
3 0.5578125 0.5625 0.5609375 0.5640625 0.5609375 0.571875 0.5578125 0.575 0.5578125 0.5640625
4 0.45658564814814817 0.5760069444444444 0.029895833333333323 0.028344907407407405
4 0.0609375 0.5671875 0.0734375 0.559375 0.08125 0.559375 0.0859375 0.5640625 0.084375 0.5765625 0.0796875 0.58125 0.0734375 0.5828125 0.0703125 0.5828125 0.0640625 0.5765625 0.0609375 0.56875
4 0.3609375 0.5625 0.3625 0.571875 0.359375 0.5953125 0.35 0.6046875 0.34375 0.6 0.3359375 0.5984375 0.328125 0.6046875 0.3234375 0.6046875 0.31875 0.5984375 0.3203125 0.578125 0.3359375 0.5625 0.359375 0.5625
2 0.59375 0.6203125 0.6015625 0.6359375 0.6015625 0.6515625 0.5984375 0.6578125 0.59375 0.6546875 0.58125 0.65625 0.5796875 0.65 0.571875 0.646875 0.5703125 0.64375 0.571875 0.6265625 0.58125 0.6203125 0.5921875 0.6203125
2 0.4875 0.590625 0.4953125 0.59375 0.5015625 0.6 0.5015625 0.60625 0.4953125 0.6171875 0.4796875 0.6125 0.46875 0.6125 0.4640625 0.609375 0.465625 0.6015625 0.4734375 0.59375 0.4859375 0.590625
2 0.471875 0.5859375 0.475 0.5921875 0.4625 0.603125 0.45 0.6 0.4484375 0.5890625 0.4578125 0.584375 0.4703125 0.5859375
2 0.76875 0.63125 0.7828125 0.63125 0.7875 0.6359375 0.8015625 0.6421875 0.803125 0.646875 0.7953125 0.6453125 0.7703125 0.6328125
2 0.3640625 0.5796875 0.365625 0.5953125 0.3640625 0.596875 0.3609375 0.5953125 0.3625 0.58125
2 0.2859375 0.590625 0.290625 0.5984375 0.28125 0.6046875 0.2765625 0.6125 0.2671875 0.6125 0.2609375 0.6171875 0.2578125 0.615625 0.2546875 0.6 0.2671875 0.5890625 0.278125 0.5875 0.284375 0.590625
2 0.665625 0.625 0.6765625 0.6296875 0.68125 0.6359375 0.6828125 0.6421875 0.68125 0.653125 0.6765625 0.6609375 0.659375 0.6609375 0.6546875 0.653125 0.6390625 0.6515625 0.6359375 0.6453125 0.6390625 0.6328125 0.6546875 0.625 0.6609375 0.6234375 0.6640625 0.625
2 0.44375 0.5859375 0.4484375 0.59375 0.4484375 0.603125 0.4421875 0.609375 0.4328125 0.609375 0.4296875 0.60625 0.43125 0.6046875 0.4296875 0.59375 0.43125 0.5859375 0.4328125 0.584375 0.4421875 0.5859375
2 0.396875 0.5703125 0.403125 0.5734375 0.4015625 0.6015625 0.3984375 0.60625 0.3953125 0.6046875 0.396875 0.571875
2 0.296875 0.5765625 0.3015625 0.5828125 0.3015625 0.59375 0.296875 0.5984375 0.2921875 0.5984375 0.2859375 0.5890625 0.2796875 0.5890625 0.275 0.5828125 0.28125 0.5765625 0.2953125 0.5765625
2 0.0734375 0.6484375 0.084375 0.6390625 0.1015625 0.6328125 0.1046875 0.6296875 0.128125 0.6296875 0.1359375 0.6453125 0.1359375 0.65625 0.1265625 0.675 0.1171875 0.6734375 0.1078125 0.678125 0.1 0.6765625 0.09375 0.6828125 0.0921875 0.6890625 0.0859375 0.69375 0.053125 0.690625 0.0484375 0.6875 0.053125 0.665625 0.0609375 0.659375 0.0671875 0.6578125 0.0734375 0.65
2 0.4984375 0.7859375 0.5203125 0.790625 0.5296875 0.7953125 0.5359375 0.8015625 0.5375 0.80625 0.5359375 0.834375 0.5328125 0.8453125 0.5296875 0.84375 0.5265625 0.8453125 0.51875 0.853125 0.5140625 0.8640625 0.50625 0.8734375 0.503125 0.8890625 0.4984375 0.896875 0.49375 0.89375 0.48125 0.8953125 0.4765625 0.890625 0.459375 0.884375 0.4515625 0.8765625 0.453125 0.846875 0.4625 0.834375 0.465625 0.8234375 0.48125 0.796875 0.4890625 0.7890625 0.496875 0.7859375
2 0.2484375 0.5984375 0.2546875 0.6015625 0.25625 0.609375 0.25625 0.61875 0.2515625 0.6296875 0.2484375 0.6328125 0.2375 0.63125 0.228125 0.6359375 0.221875 0.64375 0.215625 0.640625 0.203125 0.640625 0.1984375 0.6328125 0.2 0.628125 0.221875 0.6046875 0.2390625 0.5984375 0.246875 0.5984375
2 0.06589120370370369 0.5637384259259259 0.020439814814814817 0.017337962962962906
2 0.6015625 0.7640625 0.6125 0.7703125 0.621875 0.76875 0.628125 0.771875 0.6328125 0.7765625 0.634375 0.784375 0.6328125 0.821875 0.6265625 0.8328125 0.625 0.8421875 0.615625 0.8546875 0.6140625 0.8765625 0.6109375 0.8796875 0.6 0.86875 0.5828125 0.86875 0.571875 0.865625 0.5671875 0.8625 0.5609375 0.85 0.5625 0.8484375 0.5625 0.8203125 0.5734375 0.7890625 0.5828125 0.775 0.584375 0.76875 0.5890625 0.7640625 0.6 0.7640625
2 0.73125 0.6171875 0.734375 0.615625 0.7421875 0.6171875 0.7515625 0.6265625 0.7515625 0.6328125 0.7453125 0.628125 0.740625 0.634375 0.7390625 0.64375 0.7328125 0.646875 0.7296875 0.6421875 0.73125 0.61875
2 0.5 0.5578125 0.5015625 0.5484375 0.50625 0.5453125 0.5109375 0.5453125 0.5140625 0.5484375 0.5125 0.5546875 0.5078125 0.5578125 0.5015625 0.5578125 0.5 0.5609375 0.5 0.559375
2 0.21875 0.5859375 0.225 0.5875 0.2296875 0.5921875 0.2296875 0.5984375 0.2234375 0.6015625 0.2171875 0.609375 0.2015625 0.6203125 0.1984375 0.625 0.1796875 0.6234375 0.178125 0.6109375 0.1828125 0.6046875 0.1859375 0.6046875 0.1953125 0.59375 0.2171875 0.5875
2 0.4925347222222222 0.5778356481481481 0.022083333333333323 0.028287037037037076
2 0.4765625 0.5875 0.46875 0.58125 0.4703125 0.5671875 0.475 0.5625 0.4828125 0.5703125 0.4828125 0.5765625 0.4765625 0.5859375
2 0.040625 0.565625 0.0515625 0.5671875 0.05 0.58125 0.0484375 0.584375 0.04375 0.5859375 0.0421875 0.578125 0.0390625 0.575 0.03125 0.590625 0.0265625 0.590625 0.0265625 0.5765625 0.03125 0.5671875 0.0390625 0.565625
2 0.5 0.559375 0.5125 0.55625 0.515625 0.5625 0.5140625 0.5734375 0.5046875 0.575 0.5 0.5671875 0.5 0.5609375
2 0.578125 0.55625 0.58125 0.559375 0.58125 0.56875 0.571875 0.571875 0.5703125 0.571875 0.56875 0.559375 0.571875 0.55625 0.5765625 0.55625