0 0.409375 0.5734375 0.4109375 0.56875 0.4171875 0.565625 0.4234375 0.575 0.421875 0.58125 0.4234375 0.5859375 0.4171875 0.590625 0.4125 0.5859375 0.4109375 0.575
3 0.384375 0.6734375 0.3921875 0.671875 0.3921875 0.6828125 0.3875 0.684375 0.3859375 0.675
3 0.9921875 0.6234375 0.9953125 0.625 0.996875 0.6296875 0.9984375 0.6265625 0.9984375 0.64375 0.99375 0.6453125 0.9859375 0.640625 0.984375 0.6328125 0.9859375 0.6265625 0.990625 0.6234375
3 0.896875 0.5625 0.9015625 0.565625 0.903125 0.5734375 0.9015625 0.58125 0.896875 0.578125 0.8953125 0.571875 0.896875 0.5640625
3 0.8734375 0.61875 0.8765625 0.625 0.8796875 0.6265625 0.88125 0.634375 0.8859375 0.6390625 0.884375 0.6453125 0.88125 0.6453125 0.8765625 0.640625 0.86875 0.6421875 0.8640625 0.6390625 0.8578125 0.6265625 0.859375 0.6203125 0.8703125 0.6296875 0.8734375 0.6265625 0.871875 0.625 0.8734375 0.6203125
3 0.796875 0.6046875 0.7984375 0.603125 0.8046875 0.60625 0.8078125 0.603125 0.8125 0.6046875 0.815625 0.609375 0.815625 0.615625 0.81875 0.61875 0.8171875 0.6234375 0.8 0.6171875 0.7984375 0.60625
3 0.8203125 0.5734375 0.83125 0.578125 0.8296875 0.590625 0.815625 0.5875 0.815625 0.575 0.81875 0.5734375
3 0.384375 0.665625 0.39375 0.6671875 0.3921875 0.6828125 0.3875 0.684375 0.384375 0.6671875
5 0.55 0.571875 0.55625 0.5734375 0.5640625 0.58125 0.565625 0.59375 0.5625 0.596875 0.54375 0.59375 0.540625 0.590625 0.5390625 0.575 0.5484375 0.571875
5 0.4734375 0.6046875 0.48125 0.6078125 0.4859375 0.6203125 0.4828125 0.6359375 0.471875 0.634375 0.465625 0.640625 0.4546875 0.6421875 0.4484375 0.6390625 0.4453125 0.6125 0.471875 0.60625
5 0.6890625 0.575 0.71875 0.5765625 0.728125 0.5859375 0.73125 0.5859375 0.740625 0.596875 0.740625 0.6046875 0.7328125 0.609375 0.728125 0.609375 0.71875 0.6046875 0.6953125 0.6078125 0.6890625 0.6046875 0.6859375 0.596875 0.6875 0.5953125 0.6859375 0.58125 0.6890625 0.5765625
5 0.8953125 0.58125 0.91875 0.5859375 0.9203125 0.584375 0.9375 0.5859375 0.9421875 0.5890625 0.946875 0.5890625 0.9625 0.6015625 0.9703125 0.6109375 0.975 0.621875 0.9734375 0.63125 0.9515625 0.6328125 0.940625 0.6265625 0.9296875 0.625 0.9078125 0.6265625 0.9 0.61875 0.89375 0.61875 0.8890625 0.5984375 0.890625 0.5875 0.8890625 0.584375 0.89375 0.5828125
4 0.565625 0.5515625 0.5703125 0.553125 0.5796875 0.565625 0.58125 0.5859375 0.5734375 0.590625 0.5671875 0.5890625 0.5671875 0.5828125 0.5609375 0.575 0.5546875 0.571875 0.540625 0.571875 0.5390625 0.5671875 0.5375 0.5546875 0.5390625 0.5515625 0.5453125 0.55 0.5640625 0.5515625
4 0.7691666666666667 0.5892592592592593 0.059699074074074064 0.04418981481481481
2 0.4234375 0.55 0.4234375 0.55625 0.41875 0.559375 0.415625 0.5578125 0.415625 0.5546875 0.41875 0.5484375 0.421875 0.55
2 0.4296875 0.58125 0.4328125 0.5828125 0.4359375 0.5890625 0.4359375 0.6 0.4265625 0.603125 0.421875 0.5984375 0.4234375 0.5859375 0.425 0.5828125 0.428125 0.5828125
2 0.9265625 0.5453125 0.9265625 0.5421875 0.93125 0.5390625 0.94375 0.540625 0.9484375 0.5484375 0.94375 0.5515625 0.9375 0.5515625 0.928125 0.5453125
2 0.5025925925925925 0.5646296296296296 0.014212962962962993 0.02041666666666666
2 0.4640625 0.58125 0.4671875 0.5890625 0.4671875 0.5984375 0.459375 0.6 0.45625 0.6 0.4546875 0.596875 0.453125 0.5828125 0.459375 0.5796875 0.4625 0.58125
2 0.9578125 0.5609375 0.9546875 0.55625 0.9546875 0.5515625 0.959375 0.5484375 0.971875 0.55 0.9765625 0.55625 0.971875 0.571875 0.9625 0.56875 0.959375 0.5609375
2 0.440625 0.54375 0.4484375 0.5421875 0.4515625 0.5484375 0.4484375 0.5515625 0.4453125 0.55 0.44375 0.5515625 0.440625 0.5453125
2 0.646875 0.5859375 0.665625 0.5984375 0.6640625 0.609375 0.6578125 0.6078125 0.65 0.609375 0.646875 0.5984375 0.646875 0.5875
2 0.4203125 0.559375 0.428125 0.5625 0.4265625 0.575 0.4234375 0.575 0.41875 0.5640625 0.4203125 0.5609375
2 0.8921875 0.5390625 0.903125 0.540625 0.9109375 0.5515625 0.9109375 0.559375 0.90625 0.5609375 0.896875 0.559375 0.8921875 0.5484375 0.8921875 0.540625
2 0.51875 0.55625 0.525 0.55625 0.53125 0.5640625 0.5296875 0.571875 0.528125 0.5703125 0.5203125 0.571875 0.5171875 0.56875 0.51875 0.5578125
2 0.6921875 0.565625 0.7 0.571875 0.690625 0.5734375 0.6828125 0.5796875 0.6765625 0.578125 0.671875 0.571875 0.678125 0.5671875 0.690625 0.565625
2 0.2515625 0.65 0.253125 0.65 0.2515625 0.653125 0.221875 0.665625 0.221875 0.6625 0.2296875 0.6578125 0.2328125 0.653125 0.25 0.6484375
2 0.1046875 0.70625 0.10625 0.7078125 0.1140625 0.70625 0.115625 0.715625 0.1125 0.715625 0.1046875 0.721875 0.1 0.721875 0.084375 0.7328125 0.0796875 0.73125 0.078125 0.7171875 0.0859375 0.709375 0.0953125 0.709375 0.0984375 0.70625 0.103125 0.70625
2 0.2640625 0.6453125 0.275 0.6359375 0.2875 0.6328125 0.2890625 0.6421875 0.2921875 0.646875 0.2921875 0.6578125 0.2890625 0.6625 0.2828125 0.6625 0.2703125 0.65625 0.2625 0.6484375 0.2640625 0.646875
2 0.6140625 0.5828125 0.6171875 0.5890625 0.6171875 0.6 0.6140625 0.6015625 0.6125 0.5984375 0.6109375 0.5875 0.6125 0.584375
2 0.6734375 0.5765625 0.6859375 0.584375 0.684375 0.59375 0.6859375 0.5984375 0.678125 0.6015625 0.653125 0.5890625 0.65625 0.58125 0.6640625 0.5765625 0.671875 0.5765625
2 0.4 0.5484375 0.4046875 0.55 0.4046875 0.55625 0.4015625 0.5578125 0.4015625 0.55
1 0.4984375 0.540625 0.5109375 0.5453125 0.5125 0.553125 0.515625 0.55625 0.5140625 0.5609375 0.5078125 0.5625 0.4984375 0.553125 0.4984375 0.5421875