0 0.2375 0.5953125 0.2390625 0.625 0.2296875 0.6265625 0.2234375 0.6328125 0.2125 0.63125 0.1984375 0.6359375 0.184375 0.6328125 0.1703125 0.634375 0.1703125 0.6296875 0.1828125 0.621875 0.18125 0.6171875 0.1828125 0.609375 0.209375 0.6 0.2359375 0.5953125
0 0.75 0.671875 0.75625 0.6796875 0.76875 0.7078125 0.76875 0.7375 0.771875 0.75625 0.76875 0.7765625 0.7609375 0.7765625 0.7546875 0.7734375 0.746875 0.775 0.7375 0.771875 0.7328125 0.7671875 0.7328125 0.7609375 0.7296875 0.7578125 0.7265625 0.7453125 0.7234375 0.715625 0.7203125 0.70625 0.7203125 0.6859375 0.721875 0.684375 0.7203125 0.6765625 0.728125 0.66875 0.7484375 0.671875
3 0.5796875 0.721875 0.58125 0.7234375 0.5890625 0.721875 0.5890625 0.7390625 0.5859375 0.746875 0.58125 0.75 0.578125 0.740625 0.578125 0.7234375
3 0.565625 0.6078125 0.56875 0.6078125 0.5703125 0.6109375 0.5703125 0.6171875 0.56875 0.6203125 0.565625 0.6203125 0.5640625 0.61875 0.565625 0.609375
3 0.2814525462962963 0.5917303240740741 0.020613425925925945 0.020462962962962905
3 0.115625 0.603125 0.1203125 0.60625 0.1203125 0.61875 0.1140625 0.6203125 0.115625 0.6046875
3 0.021875 0.625 0.0265625 0.6234375 0.03125 0.6265625 0.0296875 0.64375 0.0234375 0.64375 0.021875 0.6265625
3 0.6828125 0.6453125 0.6890625 0.6515625 0.69375 0.646875 0.7 0.6484375 0.6953125 0.6671875 0.690625 0.66875 0.678125 0.6625 0.678125 0.6515625 0.68125 0.646875
3 0.253125 0.5921875 0.2546875 0.6046875 0.25 0.6109375 0.240625 0.609375 0.2390625 0.596875 0.24375 0.5921875 0.2515625 0.5921875
4 0.14375 0.6546875 0.1453125 0.65625 0.1453125 0.6734375 0.1390625 0.6828125 0.134375 0.6984375 0.1296875 0.703125 0.1203125 0.7015625 0.115625 0.7046875 0.1109375 0.7046875 0.10625 0.709375 0.0984375 0.725 0.0875 0.7234375 0.071875 0.7265625 0.0609375 0.7234375 0.0578125 0.7203125 0.05625 0.69375 0.0625 0.6875 0.065625 0.6765625 0.0796875 0.6671875 0.1046875 0.665625 0.1203125 0.65625 0.1421875 0.6546875
5 0.5515625 0.590625 0.5640625 0.596875 0.5640625 0.615625 0.5609375 0.6203125 0.5484375 0.6234375 0.54375 0.6234375 0.540625 0.6203125 0.5390625 0.621875 0.5328125 0.6203125 0.5234375 0.621875 0.5203125 0.6171875 0.5203125 0.6125 0.521875 0.6046875 0.5296875 0.5921875 0.55 0.590625
5 0.509375 0.5828125 0.51875 0.5859375 0.5171875 0.5875 0.5171875 0.60625 0.5078125 0.6140625 0.5 0.609375 0.4921875 0.6078125 0.4859375 0.609375 0.48125 0.603125 0.48125 0.590625 0.4875 0.58125 0.4921875 0.5796875 0.4984375 0.5828125 0.5078125 0.5828125
2 0.7484375 0.60625 0.7640625 0.6171875 0.7609375 0.621875 0.7484375 0.6234375 0.7421875 0.634375 0.7375 0.63125 0.7390625 0.6171875 0.7375 0.6078125 0.746875 0.60625
2 0.5037152777777777 0.5635185185185185 0.020636574074074064 0.022025462962962906
2 0.6453125 0.6953125 0.6515625 0.696875 0.6625 0.70625 0.6609375 0.734375 0.6578125 0.7515625 0.6546875 0.7546875 0.628125 0.75 0.625 0.7453125 0.625 0.725 0.63125 0.7015625 0.6359375 0.6953125 0.64375 0.6953125
2 0.9515625 0.6609375 0.95625 0.6625 0.9609375 0.6703125 0.9578125 0.684375 0.9234375 0.671875 0.9203125 0.66875 0.9234375 0.6625 0.95 0.6609375
2 0.0109375 0.7265625 0.01875 0.7328125 0.0234375 0.7421875 0.025 0.7578125 0.025 0.765625 0.0140625 0.778125 0.0109375 0.7890625 0.0109375 0.728125
2 0.1875 0.6359375 0.2 0.640625 0.2015625 0.6453125 0.2 0.65625 0.1921875 0.6640625 0.1734375 0.6671875 0.1609375 0.678125 0.146875 0.6765625 0.146875 0.653125 0.1515625 0.646875 0.1671875 0.6375 0.1859375 0.6359375
2 0.5109375 0.5515625 0.515625 0.5484375 0.5203125 0.5484375 0.5203125 0.559375 0.515625 0.5609375 0.5109375 0.55625 0.5109375 0.553125
2 0.6859375 0.75625 0.7109375 0.765625 0.715625 0.771875 0.7125 0.7796875 0.715625 0.7859375 0.715625 0.840625 0.7140625 0.8484375 0.709375 0.853125 0.671875 0.8390625 0.6703125 0.8296875 0.671875 0.7890625 0.6703125 0.7875 0.6734375 0.778125 0.6734375 0.759375 0.684375 0.75625
2 0.296875 0.6125 0.303125 0.625 0.303125 0.6296875 0.296875 0.6390625 0.2890625 0.6390625 0.28125 0.64375 0.275 0.64375 0.2703125 0.6484375 0.253125 0.646875 0.2515625 0.6453125 0.253125 0.6328125 0.275 0.615625 0.2953125 0.6125
2 0.4640625 0.5734375 0.471875 0.5859375 0.4625 0.5984375 0.45625 0.5859375 0.440625 0.584375 0.440625 0.5796875 0.4453125 0.575 0.4625 0.5734375
2 0.484375 0.5703125 0.4890625 0.5765625 0.48125 0.5859375 0.478125 0.584375 0.471875 0.5859375 0.471875 0.58125 0.4671875 0.5765625 0.4671875 0.5734375 0.4734375 0.56875 0.4828125 0.5703125
2 0.0828125 0.58125 0.084375 0.5859375 0.078125 0.590625 0.078125 0.59375 0.0734375 0.5984375 0.06875 0.5984375 0.065625 0.5953125 0.065625 0.5890625 0.0703125 0.5828125 0.08125 0.58125
2 0.08608217592592593 0.5892708333333333 0.022106481481481477 0.01578703703703699
2 0.0828125 0.58125 0.0875 0.5859375 0.096875 0.5859375 0.0921875 0.5953125 0.08125 0.5984375 0.0703125 0.5984375 0.065625 0.5953125 0.065625 0.5890625 0.0703125 0.5828125 0.08125 0.58125
2 0.4625 0.56875 0.465625 0.575 0.4515625 0.578125 0.446875 0.578125 0.4453125 0.571875 0.4515625 0.5671875 0.4609375 0.56875
2 0.890625 0.7109375 0.909375 0.7171875 0.9109375 0.7234375 0.909375 0.7265625 0.909375 0.7421875 0.9109375 0.74375 0.909375 0.7640625 0.9109375 0.765625 0.9078125 0.7671875 0.884375 0.7625 0.8609375 0.7484375 0.846875 0.7484375 0.840625 0.7375 0.8390625 0.7296875 0.8453125 0.7171875 0.871875 0.7140625 0.878125 0.7109375 0.8890625 0.7109375
2 0.334375 0.5953125 0.3375 0.5984375 0.3359375 0.6171875 0.3296875 0.621875 0.3296875 0.625 0.3203125 0.628125 0.3078125 0.628125 0.3046875 0.625 0.2984375 0.6125 0.3 0.60625 0.303125 0.6015625 0.30625 0.6015625 0.3171875 0.59375 0.3296875 0.5921875 0.3328125 0.5953125
2 0.453125 0.584375 0.4578125 0.5859375 0.4609375 0.5921875 0.4609375 0.6046875 0.4546875 0.6109375 0.4390625 0.609375 0.4375 0.6 0.4390625 0.5875 0.4515625 0.584375
2 0.7875 0.61875 0.80625 0.6265625 0.8109375 0.6328125 0.809375 0.634375 0.778125 0.6234375 0.7765625 0.621875 0.778125 0.61875 0.7859375 0.61875