0 0.553125 0.6015625 0.56875 0.60625 0.575 0.6109375 0.5765625 0.615625 0.575 0.6421875 0.5546875 0.6421875 0.5328125 0.628125 0.5328125 0.6203125 0.5390625 0.6109375 0.5390625 0.6046875 0.54375 0.6015625 0.5515625 0.6015625
1 0.509375 0.61875 0.5015625 0.6125 0.4671875 0.6125 0.4625 0.60625 0.4578125 0.6046875 0.459375 0.58125 0.4640625 0.5671875 0.478125 0.5625 0.4984375 0.5625 0.5078125 0.565625 0.5359375 0.565625 0.5390625 0.584375 0.5375 0.609375 0.5328125 0.615625 0.5109375 0.6171875
1 0.6765625 0.5890625 0.703125 0.6140625 0.7046875 0.61875 0.70625 0.628125 0.70625 0.6796875 0.7046875 0.6828125 0.690625 0.6828125 0.675 0.6796875 0.671875 0.6609375 0.6671875 0.65625 0.653125 0.6515625 0.646875 0.6390625 0.6453125 0.628125 0.646875 0.5890625 0.6515625 0.5859375 0.66875 0.5859375 0.675 0.5890625
3 0.6375 0.640625 0.640625 0.6515625 0.63125 0.6609375 0.628125 0.646875 0.6296875 0.64375 0.6359375 0.640625
3 0.240625 0.6328125 0.2421875 0.64375 0.23125 0.65 0.2265625 0.65 0.23125 0.63125 0.234375 0.6296875 0.2390625 0.634375
3 0.234375 0.6125 0.234375 0.5984375 0.2375 0.5953125 0.2484375 0.5953125 0.25 0.6078125 0.24375 0.6140625 0.2359375 0.6125
3 0.1125 0.6234375 0.1125 0.609375 0.115625 0.6046875 0.11875 0.6078125 0.1203125 0.6203125 0.11875 0.6234375 0.115625 0.625 0.1140625 0.6234375
3 0.728125 0.6625 0.734375 0.671875 0.7375 0.6671875 0.74375 0.6703125 0.7453125 0.6796875 0.7375 0.6890625 0.7359375 0.6875 0.728125 0.6890625 0.7171875 0.6828125 0.715625 0.678125 0.7171875 0.6703125 0.7203125 0.665625 0.7265625 0.6625
4 0.615625 0.6296875 0.03359375 0.0390625
4 0.653125 0.6546875 0.66875 0.6609375 0.6734375 0.684375 0.6734375 0.71875 0.6703125 0.734375 0.665625 0.7390625 0.6625 0.746875 0.6609375 0.759375 0.646875 0.753125 0.6328125 0.7515625 0.628125 0.746875 0.625 0.7328125 0.625 0.715625 0.6234375 0.7140625 0.625 0.671875 0.6390625 0.65625 0.6515625 0.6546875
5 0.4984375 0.775 0.5203125 0.7859375 0.53125 0.8 0.5359375 0.821875 0.5359375 0.8421875 0.5296875 0.853125 0.5265625 0.86875 0.5171875 0.8734375 0.509375 0.8875 0.50625 0.8890625 0.496875 0.9046875 0.490625 0.9109375 0.4828125 0.934375 0.4796875 0.9375 0.4734375 0.9359375 0.4640625 0.94375 0.453125 0.94375 0.440625 0.9390625 0.43125 0.9296875 0.4296875 0.9234375 0.4234375 0.9171875 0.4265625 0.85 0.4296875 0.83125 0.4375 0.8203125 0.45625 0.80625 0.4875 0.7765625 0.496875 0.775
5 0.2265625 0.59375 0.23125 0.5953125 0.23125 0.6171875 0.2171875 0.628125 0.2078125 0.6265625 0.190625 0.63125 0.1828125 0.6265625 0.184375 0.6140625 0.19375 0.6015625 0.2109375 0.5953125 0.225 0.5953125
5 0.490625 0.5484375 0.4953125 0.553125 0.4953125 0.559375 0.4921875 0.5609375 0.4796875 0.5609375 0.48125 0.5515625 0.4890625 0.5484375
2 0.615625 0.6109375 0.6234375 0.615625 0.6265625 0.6234375 0.63125 0.628125 0.63125 0.64375 0.6140625 0.6484375 0.609375 0.6453125 0.609375 0.640625 0.6015625 0.6328125 0.6 0.628125 0.6015625 0.6171875 0.60625 0.6125 0.6140625 0.6109375
2 0.5875 0.7875 0.596875 0.790625 0.6078125 0.7890625 0.6203125 0.7953125 0.63125 0.803125 0.6359375 0.8140625 0.6359375 0.8359375 0.6328125 0.8546875 0.6265625 0.859375 0.6140625 0.8796875 0.6078125 0.896875 0.60625 0.909375 0.5984375 0.9140625 0.5890625 0.9125 0.5734375 0.9046875 0.5609375 0.8953125 0.553125 0.8875 0.5515625 0.8828125 0.5515625 0.859375 0.553125 0.8578125 0.5515625 0.8453125 0.56875 0.8078125 0.578125 0.79375 0.5828125 0.7890625 0.5859375 0.7890625
2 0.5265625 0.5546875 0.5296875 0.55625 0.53125 0.5609375 0.5296875 0.5640625 0.521875 0.5640625 0.521875 0.559375 0.525 0.55625
2 0.5984375 0.6703125 0.60625 0.671875 0.6203125 0.68125 0.621875 0.6875 0.6203125 0.7140625 0.609375 0.725 0.6046875 0.734375 0.590625 0.728125 0.5828125 0.728125 0.578125 0.73125 0.5734375 0.7265625 0.571875 0.7203125 0.571875 0.6953125 0.575 0.6875 0.5796875 0.678125 0.5875 0.671875 0.596875 0.6703125
2 0.59765625 0.65078125 0.0265625 0.040625
2 0.340625 0.5953125 0.3421875 0.596875 0.3484375 0.5953125 0.353125 0.603125 0.353125 0.6140625 0.35 0.6203125 0.325 0.625 0.3140625 0.625 0.3109375 0.6203125 0.3109375 0.615625 0.328125 0.5984375 0.3390625 0.5953125
2 0.6578125 0.8703125 0.6859375 0.884375 0.703125 0.9015625 0.7078125 0.9140625 0.70625 0.965625 0.703125 0.9734375 0.69375 0.98125 0.6890625 0.9953125 0.684375 0.9984375 0.5921875 0.996875 0.5921875 0.9671875 0.6015625 0.9484375 0.609375 0.9234375 0.6375 0.8765625 0.640625 0.8734375 0.65 0.8734375 0.65625 0.8703125
2 0.26875 0.6046875 0.278125 0.6 0.2890625 0.590625 0.30625 0.590625 0.309375 0.5953125 0.309375 0.60625 0.3046875 0.6109375 0.2875 0.6140625 0.2796875 0.6203125 0.2671875 0.615625 0.26875 0.60625
2 0.453125 0.578125 0.45625 0.5796875 0.45625 0.5984375 0.45 0.603125 0.434375 0.6015625 0.4328125 0.5953125 0.4390625 0.5828125 0.4453125 0.5796875 0.4515625 0.5796875
2 0.08125 0.5859375 0.084375 0.5890625 0.0765625 0.59375 0.0734375 0.5984375 0.0671875 0.596875 0.0671875 0.5890625 0.071875 0.5859375 0.0796875 0.5859375
2 0 0.6296875 0.00625 0.63125 0.009375 0.6375 0.00625 0.646875 0 0.65 0 0.63125
2 0.771875 0.66875 0.7890625 0.6734375 0.80625 0.68125 0.8109375 0.68125 0.81875 0.6859375 0.821875 0.7015625 0.8234375 0.73125 0.8171875 0.7359375 0.803125 0.7359375 0.8 0.740625 0.79375 0.7390625 0.7921875 0.734375 0.7828125 0.7265625 0.7609375 0.7171875 0.746875 0.71875 0.740625 0.7109375 0.7390625 0.70625 0.740625 0.6859375 0.7578125 0.6734375 0.7703125 0.66875
2 0.34375 0.5828125 0.3609375 0.58125 0.3671875 0.5921875 0.3625 0.603125 0.35625 0.60625 0.3484375 0.5953125 0.3375 0.59375 0.3375 0.590625 0.34375 0.584375
2 0.5796875 0.5390625 0.5828125 0.5390625 0.5859375 0.54375 0.584375 0.55 0.58125 0.55 0.578125 0.5484375 0.5796875 0.540625
2 0.5921875 0.5359375 0.5953125 0.5375 0.5953125 0.5484375 0.590625 0.546875 0.5921875 0.5375