1 0.4953125 0.5421875 0.5 0.5484375 0.4875 0.5515625 0.48125 0.5609375 0.4796875 0.571875 0.4703125 0.5765625 0.4640625 0.56875 0.4609375 0.56875 0.4609375 0.5515625 0.471875 0.5453125 0.49375 0.54375
3 0.525 0.609375 0.528125 0.6125 0.5265625 0.6296875 0.521875 0.6296875 0.5140625 0.625 0.5140625 0.6140625 0.51875 0.609375 0.5234375 0.6109375
3 0.6226331018518518 0.6405844907407408 0.007962962962962995 0.020370370370370327
3 0.1125 0.6 0.1140625 0.61875 0.109375 0.61875 0.10625 0.6140625 0.10625 0.60625 0.1078125 0.6015625 0.1109375 0.6
3 0.18689814814814815 0.610011574074074 0.018900462962962973 0.02045138888888891
3 0.484375 0.6015625 0.4890625 0.609375 0.4890625 0.6234375 0.484375 0.6234375 0.478125 0.61875 0.478125 0.6125 0.4828125 0.603125
3 0.3546875 0.60625 0.3609375 0.6078125 0.3625 0.6109375 0.3625 0.621875 0.35 0.625 0.346875 0.6203125 0.3546875 0.6078125
3 0.5515625 0.571875 0.553125 0.5734375 0.553125 0.5890625 0.5515625 0.590625 0.5484375 0.584375 0.55 0.5734375
5 0.478125 0.5875 0.484375 0.59375 0.4734375 0.6171875 0.45625 0.6171875 0.4546875 0.615625 0.44375 0.6171875 0.4421875 0.60625 0.4453125 0.596875 0.4546875 0.5890625 0.4640625 0.5859375 0.4765625 0.5875
5 0.15 0.621875 0.1546875 0.6359375 0.153125 0.665625 0.1453125 0.671875 0.1390625 0.684375 0.1328125 0.68125 0.125 0.68125 0.1125 0.690625 0.1046875 0.6921875 0.0984375 0.6984375 0.09375 0.7078125 0.0546875 0.7078125 0.053125 0.7046875 0.0546875 0.6859375 0.0671875 0.66875 0.0796875 0.64375 0.084375 0.6375 0.1203125 0.6234375 0.1328125 0.6203125 0.1484375 0.621875
5 0.0296875 0.6609375 0.034375 0.6640625 0.0375 0.6734375 0.0390625 0.7140625 0.0359375 0.7234375 0.021875 0.734375 0.0171875 0.746875 0.0125 0.7515625 0.0046875 0.75 0.003125 0.74375 0 0.7421875 0 0.6625 0.028125 0.6609375
4 0.4921875 0.58125 0.4921875 0.578125 0.4859375 0.571875 0.48125 0.5703125 0.48125 0.5625 0.4875 0.5515625 0.496875 0.546875 0.503125 0.5484375 0.50625 0.553125 0.5078125 0.571875 0.49375 0.58125
2 0.2859375 0.5890625 0.2890625 0.59375 0.290625 0.603125 0.28125 0.6140625 0.2703125 0.6125 0.2578125 0.615625 0.25 0.6203125 0.2421875 0.615625 0.24375 0.6015625 0.2546875 0.596875 0.259375 0.5921875 0.2703125 0.5890625 0.284375 0.5890625
2 0.06989583333333334 0.5841435185185185 0.0204050925925926 0.012650462962962905
2 0.4625 0.571875 0.4671875 0.58125 0.4640625 0.584375 0.45625 0.5859375 0.45 0.5921875 0.44375 0.5921875 0.440625 0.584375 0.446875 0.575 0.4578125 0.5703125 0.4609375 0.571875
2 0.578125 0.6046875 0.584375 0.609375 0.5875 0.625 0.584375 0.63125 0.5796875 0.63125 0.575 0.634375 0.5671875 0.628125 0.553125 0.6296875 0.5515625 0.6171875 0.559375 0.609375 0.56875 0.6046875 0.5765625 0.6046875
2 0.4453125 0.565625 0.45 0.5671875 0.4515625 0.5703125 0.4421875 0.5828125 0.4359375 0.5875 0.43125 0.578125 0.4359375 0.5703125 0.44375 0.565625
2 0.5671875 0.56875 0.571875 0.56875 0.5734375 0.571875 0.5734375 0.5859375 0.5640625 0.5875 0.5640625 0.5765625 0.5671875 0.5703125
2 0.428125 0.5796875 0.43125 0.5796875 0.434375 0.584375 0.434375 0.59375 0.43125 0.60625 0.4296875 0.60625 0.4265625 0.6 0.428125 0.58125
2 0.603125 0.5875 0.6078125 0.5890625 0.6109375 0.59375 0.6078125 0.6140625 0.6 0.6125 0.596875 0.6140625 0.590625 0.6078125 0.584375 0.6078125 0.5796875 0.603125 0.58125 0.5953125 0.5875 0.5875 0.5921875 0.5859375 0.6015625 0.5875
2 0.2265625 0.6171875 0.2328125 0.621875 0.234375 0.628125 0.2328125 0.6359375 0.228125 0.6390625 0.2171875 0.6390625 0.209375 0.64375 0.1953125 0.6453125 0.184375 0.64375 0.1828125 0.6390625 0.1859375 0.6328125 0.2 0.61875 0.209375 0.615625 0.225 0.6171875
2 0.653125 0.678125 0.6578125 0.684375 0.659375 0.734375 0.65625 0.734375 0.6484375 0.7265625 0.6390625 0.7265625 0.63125 0.73125 0.6296875 0.725 0.6296875 0.7046875 0.6328125 0.6921875 0.628125 0.684375 0.6390625 0.6765625 0.6515625 0.678125
2 0.2015625 0.6453125 0.2125 0.6515625 0.2125 0.6625 0.209375 0.6703125 0.20625 0.6734375 0.1984375 0.6734375 0.1921875 0.6765625 0.178125 0.6890625 0.175 0.6875 0.1578125 0.6890625 0.153125 0.68125 0.15625 0.6703125 0.1828125 0.6453125 0.1890625 0.646875 0.2 0.6453125
2 0.7234375 0.615625 0.734375 0.6140625 0.740625 0.6171875 0.75 0.6265625 0.7453125 0.634375 0.7390625 0.63125 0.7359375 0.6328125 0.728125 0.64375 0.7234375 0.6375 0.725 0.621875 0.7234375 0.6171875
2 0.0640625 0.5796875 0.0796875 0.5796875 0.0890625 0.584375 0.0875 0.5921875 0.075 0.59375 0.06875 0.590625 0.0625 0.590625 0.059375 0.5875 0.0640625 0.58125
2 0.3328125 0.5953125 0.340625 0.603125 0.340625 0.6109375 0.3328125 0.621875 0.309375 0.621875 0.3078125 0.6203125 0.303125 0.621875 0.2984375 0.6171875 0.2984375 0.6125 0.3046875 0.6046875 0.3265625 0.5953125 0.33125 0.5953125
2 0 0.6234375 0.003125 0.6296875 0 0.6390625 0 0.625
2 0.5716377314814816 0.5636400462962963 0.011053240740740744 0.015706018518518494
2 0.7640625 0.628125 0.778125 0.6296875 0.7890625 0.634375 0.796875 0.6421875 0.7921875 0.6421875 0.778125 0.6359375 0.771875 0.6359375 0.765625 0.6328125 0.7640625 0.6296875
2 0.5859375 0.5671875 0.596875 0.571875 0.596875 0.5828125 0.5859375 0.5890625 0.584375 0.5875 0.584375 0.5703125 0.5859375 0.56875
2 0.46875 0.584375 0.475 0.575 0.4875 0.5734375 0.490625 0.5765625 0.4890625 0.5921875 0.4828125 0.5921875 0.478125 0.5859375 0.4734375 0.584375 0.4703125 0.5859375
2 0.603125 0.5421875 0.6046875 0.5515625 0.6015625 0.5546875 0.596875 0.5515625 0.5984375 0.54375 0.6015625 0.5421875
2 0.5296875 0.5515625 0.5359375 0.5515625 0.5375 0.5546875 0.5359375 0.559375 0.53125 0.5625 0.528125 0.559375 0.5296875 0.553125
2 0.0515625 0.5890625 0.0515625 0.5953125 0.04375 0.5953125 0.040625 0.5984375 0.0375 0.6078125 0.0390625 0.615625 0.0359375 0.61875 0.0296875 0.61875 0.0296875 0.5984375 0.0328125 0.5921875 0.040625 0.5875 0.05 0.5890625