3 0.39773148148148146 0.7542476851851851 0.020625000000000025 0.042488425925925985
3 0.359375 0.7234375 0.3609375 0.7265625 0.3671875 0.721875 0.3671875 0.7375 0.365625 0.7390625 0.3671875 0.74375 0.3640625 0.7484375 0.3578125 0.746875 0.359375 0.725
3 0.6296875 0.625 0.6328125 0.6265625 0.63125 0.6453125 0.6265625 0.64375 0.6296875 0.6265625
3 0.8375 0.6859375 0.8421875 0.6875 0.846875 0.69375 0.8484375 0.6984375 0.846875 0.70625 0.8375 0.70625 0.8296875 0.7015625 0.828125 0.6890625 0.83125 0.6859375 0.8359375 0.6859375
3 0.39375 0.69375 0.4 0.69375 0.4015625 0.696875 0.3984375 0.7046875 0.3984375 0.7140625 0.39375 0.7171875 0.3921875 0.715625 0.39375 0.6953125
3 0.659375 0.6234375 0.6625 0.6265625 0.665625 0.6421875 0.6625 0.6453125 0.65625 0.6421875 0.6546875 0.628125 0.6578125 0.625
3 0.740625 0.665625 0.7421875 0.6734375 0.740625 0.684375 0.7328125 0.6828125 0.7296875 0.675 0.7296875 0.6671875 0.7359375 0.6640625 0.7390625 0.665625
3 0.8578125 0.7625 0.8640625 0.76875 0.8671875 0.76875 0.86875 0.765625 0.8734375 0.76875 0.8796875 0.778125 0.88125 0.790625 0.88125 0.803125 0.878125 0.80625 0.8734375 0.8046875 0.8640625 0.79375 0.8578125 0.790625 0.8546875 0.7796875 0.8578125 0.7640625
3 0.45 0.7828125 0.4515625 0.775 0.4546875 0.7734375 0.4546875 0.7796875 0.45 0.784375 0.4484375 0.7921875 0.4515625 0.7984375 0.4578125 0.7875 0.4609375 0.7875 0.4671875 0.7796875 0.4734375 0.784375 0.475 0.790625 0.4734375 0.796875 0.46875 0.8015625 0.465625 0.8265625 0.4609375 0.828125 0.45625 0.81875 0.4484375 0.8109375 0.45 0.784375
3 0.715625 0.63125 0.7234375 0.634375 0.7265625 0.646875 0.721875 0.6484375 0.7140625 0.6453125 0.7125 0.6421875 0.7140625 0.6328125
3 0.9118171296296296 0.764988425925926 0.03474537037037031 0.05050925925925922
3 0.4671875 0.6125 0.46875 0.615625 0.4671875 0.625 0.459375 0.6234375 0.459375 0.6140625 0.4625 0.6109375 0.465625 0.6125
3 0.6484375 0.634375 0.6515625 0.6390625 0.6515625 0.6515625 0.64375 0.6515625 0.6375 0.6453125 0.640625 0.6328125 0.64375 0.63125 0.646875 0.634375
0 0.396875 0.5515625 0.4015625 0.5515625 0.4046875 0.5546875 0.4046875 0.56875 0.396875 0.5703125 0.39375 0.5671875 0.39375 0.5578125 0.396875 0.553125
4 0.7671875 0.6640625 0.76875 0.665625 0.778125 0.6625 0.7953125 0.6640625 0.8109375 0.68125 0.8140625 0.68125 0.8234375 0.6984375 0.821875 0.7125 0.81875 0.715625 0.8125 0.7140625 0.803125 0.715625 0.7921875 0.703125 0.78125 0.696875 0.7734375 0.69375 0.7671875 0.6953125 0.7609375 0.684375 0.7578125 0.6734375 0.7578125 0.66875 0.765625 0.6640625
5 0.5140625 0.5953125 0.5234375 0.6 0.525 0.6046875 0.525 0.6171875 0.521875 0.6234375 0.51875 0.625 0.5140625 0.6203125 0.5078125 0.6203125 0.5046875 0.625 0.5015625 0.625 0.490625 0.6171875 0.4921875 0.596875 0.5 0.59375 0.5125 0.5953125
5 0.95 0.6671875 0.9625 0.6703125 0.9734375 0.678125 0.9765625 0.6828125 0.9796875 0.6890625 0.9796875 0.703125 0.9765625 0.7109375 0.9703125 0.7109375 0.9640625 0.70625 0.9578125 0.696875 0.953125 0.696875 0.9546875 0.69375 0.95 0.678125 0.940625 0.6703125 0.9453125 0.665625 0.9484375 0.6671875
5 0.8890625 0.6859375 0.896875 0.6921875 0.91875 0.7015625 0.928125 0.7125 0.9296875 0.7203125 0.9328125 0.7234375 0.9328125 0.7296875 0.9296875 0.7328125 0.9296875 0.7453125 0.9265625 0.75 0.9234375 0.75 0.9078125 0.7390625 0.9015625 0.74375 0.896875 0.7421875 0.89375 0.7328125 0.8875 0.7265625 0.8828125 0.7171875 0.8734375 0.721875 0.859375 0.7125 0.85625 0.7078125 0.8578125 0.69375 0.8625 0.68125 0.8734375 0.6796875 0.875 0.6828125 0.88125 0.6828125 0.8875 0.6859375
5 0.9625 0.7265625 0.9859375 0.7390625 0.9875 0.75 0.9828125 0.8 0.9546875 0.784375 0.95 0.7859375 0.9453125 0.784375 0.9390625 0.771875 0.93125 0.765625 0.9296875 0.7515625 0.9328125 0.746875 0.9328125 0.73125 0.9359375 0.7296875 0.9359375 0.725 0.9421875 0.7234375 0.9453125 0.7265625 0.9609375 0.7265625
5 0.5359375 0.6296875 0.534375 0.6171875 0.540625 0.6015625 0.5546875 0.6015625 0.5640625 0.6046875 0.565625 0.61875 0.5640625 0.628125 0.559375 0.6328125 0.553125 0.63125 0.54375 0.6328125 0.5375 0.6296875
2 0.4 0.5375 0.4015625 0.546875 0.3984375 0.55 0.3953125 0.5421875 0.3953125 0.5390625 0.3984375 0.5375
2 0.8375 0.70625 0.840625 0.709375 0.8546875 0.7109375 0.8578125 0.715625 0.8703125 0.7203125 0.8890625 0.7375 0.890625 0.7421875 0.89375 0.74375 0.8953125 0.7515625 0.9046875 0.7609375 0.9078125 0.7765625 0.903125 0.784375 0.8890625 0.7859375 0.88125 0.7828125 0.88125 0.775 0.8671875 0.753125 0.8578125 0.7546875 0.8546875 0.7578125 0.8484375 0.7578125 0.84375 0.7546875 0.8359375 0.7546875 0.828125 0.7484375 0.8265625 0.7390625 0.8234375 0.734375 0.8234375 0.725 0.8265625 0.721875 0.828125 0.7109375 0.8359375 0.7078125
2 0.41973379629629637 0.5608449074074074 0.011064814814814828 0.01734953703703699
2 0.51875 0.5734375 0.5234375 0.58125 0.5203125 0.584375 0.5109375 0.5859375 0.5078125 0.5765625 0.5125 0.5734375 0.5171875 0.5734375
2 0.5109375 0.5859375 0.5203125 0.584375 0.5296875 0.590625 0.534375 0.596875 0.53125 0.603125 0.525 0.603125 0.51875 0.5953125 0.5109375 0.59375 0.5109375 0.5875
2 0.265625 0.590625 0.2671875 0.5921875 0.265625 0.615625 0.2625 0.6171875 0.253125 0.603125 0.2421875 0.6015625 0.2484375 0.59375 0.25625 0.590625 0.2640625 0.590625
2 0.4703125 0.5640625 0.478125 0.5625 0.484375 0.5671875 0.484375 0.5734375 0.478125 0.575 0.4703125 0.5703125 0.4703125 0.565625
2 0.0515625 0.6421875 0.05 0.640625 0.0453125 0.64375 0.040625 0.64375 0.0421875 0.6265625 0.046875 0.6234375 0.0796875 0.625 0.08125 0.6359375 0.053125 0.640625
2 0.53125 0.575 0.5359375 0.58125 0.5359375 0.59375 0.528125 0.5890625 0.5234375 0.5828125 0.521875 0.575 0.5234375 0.5734375 0.5296875 0.575
2 0.5421875 0.6 0.540625 0.5921875 0.546875 0.5828125 0.5546875 0.5828125 0.565625 0.59375 0.5671875 0.6 0.565625 0.603125 0.5546875 0.6 0.54375 0.6
2 0.88125 0.634375 0.8890625 0.634375 0.8953125 0.646875 0.89375 0.65625 0.8875 0.65625 0.8828125 0.653125 0.8796875 0.6484375 0.88125 0.6359375
2 0.9171875 0.640625 0.9296875 0.640625 0.9328125 0.64375 0.934375 0.6515625 0.9328125 0.6546875 0.928125 0.6515625 0.925 0.653125 0.921875 0.6484375 0.9171875 0.646875 0.9171875 0.6421875
2 0.5527430555555556 0.5893750000000001 0.023564814814814827 0.017534722222222233
2 0.228125 0.6 0.2265625 0.603125 0.21875 0.60625 0.2140625 0.6078125 0.20625 0.60625 0.196875 0.6109375 0.1953125 0.60625 0.2015625 0.603125 0.2171875 0.5984375 0.2265625 0.6
2 0.6828125 0.6265625 0.7015625 0.64375 0.7015625 0.6515625 0.69375 0.6484375 0.6921875 0.64375 0.6859375 0.6375 0.6734375 0.6359375 0.665625 0.640625 0.665625 0.6296875 0.678125 0.625 0.68125 0.6265625
2 0.990625 0.69375 0.9890625 0.7046875 0.9875 0.7015625 0.990625 0.6953125
2 0.4265625 0.5390625 0.428125 0.5421875 0.4265625 0.5546875 0.421875 0.5546875 0.41875 0.55 0.4203125 0.540625 0.425 0.5390625
2 0.4953125 0.5734375 0.5 0.5734375 0.5046875 0.5765625 0.5078125 0.5796875 0.509375 0.5875 0.509375 0.5921875 0.50625 0.59375 0.4953125 0.5921875 0.490625 0.5859375 0.490625 0.5796875 0.4953125 0.575
2 0.4078125 0.615625 0.4125 0.625 0.4203125 0.6328125 0.41875 0.640625 0.4125 0.646875 0.409375 0.64375 0.3984375 0.6453125 0.3921875 0.653125 0.3890625 0.65 0.3875 0.6515625 0.3828125 0.65 0.375 0.640625 0.375 0.63125 0.378125 0.621875 0.384375 0.615625 0.39375 0.6171875 0.40625 0.615625
2 0.66875 0.6390625 0.671875 0.6375 0.6875 0.6390625 0.6984375 0.653125 0.70625 0.6546875 0.7109375 0.659375 0.7078125 0.6703125 0.6984375 0.6703125 0.6921875 0.665625 0.6828125 0.6640625 0.665625 0.6546875 0.6640625 0.646875 0.66875 0.640625