0 0.025 0.6375 0.0265625 0.6390625 0.025 0.6765625 0.0140625 0.6796875 0.0046875 0.6796875 0.0015625 0.6828125 0 0.6828125 0 0.640625 0.0125 0.6375 0.0234375 0.6375
3 0.6734375 0.6578125 0.6734375 0.6640625 0.678125 0.66875 0.68125 0.6640625 0.6859375 0.66875 0.6875 0.6765625 0.6859375 0.6890625 0.6765625 0.6828125 0.6703125 0.6828125 0.665625 0.6796875 0.6640625 0.671875 0.6671875 0.6578125 0.66875 0.65625 0.671875 0.6578125
3 0.671875 0.8515625 0.6765625 0.8546875 0.6828125 0.8546875 0.6859375 0.8578125 0.6859375 0.86875 0.6890625 0.871875 0.6859375 0.8875 0.678125 0.9 0.675 0.8984375 0.675 0.8921875 0.671875 0.8875 0.6703125 0.853125
3 0.55625 0.590625 0.559375 0.590625 0.559375 0.6015625 0.55625 0.6 0.55625 0.5921875
3 0.078125 0.659375 0.0828125 0.6625 0.0921875 0.6640625 0.09375 0.6671875 0.0921875 0.6765625 0.0890625 0.678125 0.075 0.6765625 0.065625 0.684375 0.0609375 0.684375 0.059375 0.68125 0.0609375 0.6734375 0.0703125 0.6609375 0.0765625 0.659375
3 0.6125 0.7375 0.6140625 0.7390625 0.6125 0.7703125 0.6078125 0.7734375 0.603125 0.7625 0.603125 0.7421875 0.6109375 0.7390625
3 0.5703125 0.59375 0.575 0.5984375 0.575 0.603125 0.571875 0.60625 0.5703125 0.5953125
3 0.78125 0.6984375 0.7859375 0.6984375 0.7875 0.7046875 0.7953125 0.7125 0.8 0.709375 0.8046875 0.709375 0.8078125 0.7203125 0.8078125 0.7265625 0.8046875 0.7328125 0.8015625 0.7328125 0.7875 0.7203125 0.7796875 0.721875 0.7765625 0.71875 0.7765625 0.70625 0.78125 0.7
3 0.4875 0.8953125 0.490625 0.8953125 0.490625 0.903125 0.49375 0.909375 0.4921875 0.9421875 0.484375 0.953125 0.484375 0.95625 0.4671875 0.9765625 0.4625 0.9875 0.459375 0.9875 0.453125 0.9765625 0.453125 0.9625 0.45625 0.9546875 0.4578125 0.9375 0.4625 0.9296875 0.4734375 0.934375 0.4796875 0.934375 0.4828125 0.93125 0.484375 0.91875 0.4890625 0.9125 0.490625 0.903125 0.4875 0.896875
3 0.5328125 0.6171875 0.5390625 0.61875 0.5390625 0.6328125 0.5328125 0.63125 0.528125 0.6265625 0.528125 0.61875 0.53125 0.6171875
5 0.5328125 0.5546875 0.53125 0.546875 0.5328125 0.5390625 0.5359375 0.5359375 0.5421875 0.5375 0.5421875 0.5453125 0.5390625 0.5515625 0.534375 0.5546875
4 0.5984375 0.6421875 0.0375 0.0765625
1 0.5953125 0.55 0.596875 0.5515625 0.5953125 0.5765625 0.5859375 0.5765625 0.584375 0.5640625 0.5859375 0.553125 0.5890625 0.55 0.59375 0.55
2 0.2265625 0.64375 0.2328125 0.646875 0.234375 0.65 0.2328125 0.659375 0.228125 0.665625 0.2234375 0.66875 0.215625 0.66875 0.203125 0.6734375 0.196875 0.68125 0.1765625 0.6796875 0.1734375 0.675 0.175 0.6671875 0.1953125 0.646875 0.2078125 0.64375 0.225 0.64375
2 0.765625 0.6171875 0.76875 0.615625 0.78125 0.6171875 0.796875 0.625 0.7984375 0.628125 0.7984375 0.6296875 0.7890625 0.628125 0.784375 0.625 0.765625 0.6203125 0.765625 0.61875
2 0.66875 0.6015625 0.68125 0.60625 0.6859375 0.6171875 0.6859375 0.6265625 0.6828125 0.63125 0.66875 0.634375 0.6625 0.628125 0.6515625 0.6265625 0.6484375 0.6234375 0.6484375 0.6078125 0.659375 0.6015625 0.6671875 0.6015625
2 0.58125 0.5515625 0.58125 0.5453125 0.584375 0.5421875 0.5875 0.54375 0.5875 0.55 0.584375 0.553125 0.5828125 0.5515625
2 0.578125 0.8734375 0.59375 0.8796875 0.60625 0.890625 0.6125 0.9078125 0.6125 0.9265625 0.6109375 0.928125 0.6109375 0.9453125 0.6078125 0.9546875 0.5984375 0.9640625 0.59375 0.9734375 0.5921875 0.9828125 0.5859375 0.99375 0.5734375 0.9984375 0.503125 0.9984375 0.503125 0.978125 0.5078125 0.9625 0.515625 0.9515625 0.515625 0.946875 0.51875 0.94375 0.5234375 0.928125 0.5390625 0.896875 0.5453125 0.8890625 0.546875 0.8796875 0.5578125 0.878125 0.5671875 0.871875 0.5765625 0.8734375
2 0.5546875 0.5578125 0.559375 0.5578125 0.5625 0.5640625 0.5578125 0.5703125 0.5578125 0.578125 0.5515625 0.5671875 0.5546875 0.559375
2 0.6515625 0.71875 0.6671875 0.721875 0.678125 0.73125 0.678125 0.7640625 0.6734375 0.79375 0.653125 0.7921875 0.64375 0.7875 0.6375 0.7875 0.6359375 0.784375 0.634375 0.775 0.6359375 0.753125 0.64375 0.7234375 0.6453125 0.7203125 0.65 0.71875
2 0.596875 0.5828125 0.6015625 0.5921875 0.6015625 0.603125 0.5828125 0.603125 0.58125 0.6 0.5828125 0.5859375 0.5875 0.5828125 0.5953125 0.5828125
2 0.7265625 0.6046875 0.7421875 0.60625 0.7546875 0.615625 0.7484375 0.621875 0.7375 0.6203125 0.7296875 0.628125 0.7265625 0.6265625 0.728125 0.6203125 0.7265625 0.60625
2 0.0484375 0.6171875 0.0484375 0.60625 0.0609375 0.5984375 0.0765625 0.6 0.08125 0.6046875 0.0796875 0.6203125 0.0703125 0.6265625 0.0625 0.6171875 0.05 0.6171875
2 0.3015625 0.5890625 0.3046875 0.590625 0.3046875 0.5953125 0.2984375 0.5953125 0.2875 0.6 0.28125 0.60625 0.278125 0.6125 0.2796875 0.615625 0.2734375 0.615625 0.26875 0.6203125 0.265625 0.6203125 0.2640625 0.6171875 0.2640625 0.60625 0.2734375 0.6015625 0.278125 0.5953125 0.2859375 0.590625 0.3 0.5890625
2 0.2484375 0.603125 0.2546875 0.6078125 0.25625 0.6125 0.2546875 0.6203125 0.25 0.6234375 0.240625 0.6234375 0.23125 0.628125 0.2265625 0.6203125 0.2265625 0.609375 0.2328125 0.6046875 0.246875 0.603125
2 0.221875 0.609375 0.225 0.6125 0.2265625 0.6296875 0.2203125 0.6359375 0.2203125 0.6390625 0.2171875 0.6421875 0.2109375 0.640625 0.2015625 0.6421875 0.18125 0.6515625 0.1765625 0.6515625 0.1671875 0.646875 0.165625 0.6328125 0.18125 0.625 0.190625 0.615625 0.196875 0.6125 0.203125 0.6125 0.209375 0.609375 0.2203125 0.609375
2 0.309375 0.5984375 0.3140625 0.6046875 0.3140625 0.615625 0.3140625 0.6125 0.3078125 0.609375 0.2953125 0.6109375 0.2875 0.6171875 0.2875 0.6203125 0.28125 0.6203125 0.275 0.6296875 0.271875 0.6296875 0.26875 0.6234375 0.2734375 0.6171875 0.28125 0.615625 0.2828125 0.6078125 0.2890625 0.6015625 0.2953125 0.5984375 0.3046875 0.596875 0.3078125 0.5984375
2 0.365625 0.5875 0.36875 0.590625 0.3671875 0.609375 0.359375 0.609375 0.35625 0.6125 0.34375 0.6109375 0.3453125 0.6 0.35625 0.590625 0.3640625 0.5890625
2 0.9328125 0.65625 0.9453125 0.6609375 0.9453125 0.6796875 0.934375 0.6765625 0.928125 0.671875 0.921875 0.671875 0.91875 0.66875 0.90625 0.665625 0.90625 0.6609375 0.9109375 0.65625 0.93125 0.65625
2 0.571875 0.5703125 0.5703125 0.5609375 0.5734375 0.55625 0.578125 0.55625 0.5828125 0.565625 0.58125 0.571875 0.575 0.56875 0.5734375 0.5703125
2 0.7296875 0.6296875 0.7359375 0.6359375 0.740625 0.65 0.740625 0.6609375 0.7375 0.665625 0.71875 0.665625 0.7125 0.659375 0.703125 0.6546875 0.6953125 0.6546875 0.6921875 0.6515625 0.6921875 0.6375 0.6953125 0.634375 0.7109375 0.6265625 0.728125 0.6296875
2 0.125 0.625 0.0546875 0.03203125
2 0.546875 0.5671875 0.553125 0.5734375 0.553125 0.590625 0.540625 0.5921875 0.5390625 0.5890625 0.5390625 0.5734375 0.540625 0.5703125 0.5453125 0.56875
2 0.6046875 0.5359375 0.60625 0.5375 0.6046875 0.5453125 0.6 0.54375 0.6 0.5375 0.603125 0.5359375
2 0.484375 0.578125 0.484375 0.5671875 0.4921875 0.5609375 0.496875 0.5609375 0.5015625 0.565625 0.503125 0.5703125 0.5015625 0.575 0.4859375 0.578125
2 0.559375 0.5609375 0.565625 0.5625 0.56875 0.5703125 0.5640625 0.58125 0.5578125 0.5796875 0.5546875 0.56875 0.559375 0.5625
2 0.046875 0.5953125 0.0578125 0.5984375 0.0484375 0.6078125 0.046875 0.6203125 0.0359375 0.61875 0.0359375 0.6078125 0.0390625 0.6 0.0453125 0.596875
2 0.5703125 0.5703125 0.578125 0.5703125 0.58125 0.5734375 0.5796875 0.5921875 0.5703125 0.59375 0.56875 0.5890625 0.5703125 0.571875
2 0.3109375 0.6125 0.315625 0.6265625 0.3140625 0.6328125 0.2953125 0.6375 0.2890625 0.6421875 0.2765625 0.640625 0.275 0.6328125 0.28125 0.621875 0.2875 0.6203125 0.2953125 0.6125 0.3 0.6109375 0.309375 0.6125