2 0.2140625 0.6437268518518519 0.05625 0.034791666666666644
2 0.5984375 0.7057233796296296 0.04375 0.059699074074073974
2 0.66171875 0.7349421296296297 0.053125 0.07383101851851848
2 0.14765625 0.6864062499999999 0.0765625 0.06462962962962955
2 0.5625 0.5958333333333333 0.028125 0.02833333333333332
2 0.5453125 0.8178356481481481 0.090625 0.10848379629629648
2 0.62734375 0.5922280092592593 0.0328125 0.026805555555555572
2 0.446875 0.5896585648148148 0.028125 0.03458333333333332
2 0.48828125 0.5971643518518518 0.028125 0.022083333333333323
2 0.31640625 0.98828125 0.0578125 0.019178240740740905
5 0.27421875 0.608125 0.0671875 0.05049768518518523
5 0.7 0.6463773148148148 0.0890625 0.07409722222222222
2 0.08203125 0.6142361111111111 0.03125 0.025231481481481487
2 0.50546875 0.5673495370370369 0.021875 0.020474537037037166
2 0.8859375 0.7067187500000001 0.1171875 0.07274305555555553
2 0.47109375 0.5738541666666667 0.028125 0.02364583333333332
3 0.075 0.7377256944444445 0.0359375 0.05339120370370374
2 0.015625 0.6272280092592593 0.025 0.028310185185185154
4 0.60390625 0.6291203703703705 0.046875 0.07065972222222214
2 0.334375 0.6108043981481481 0.040625 0.02998842592592581
2 0.571875 0.5551388888888888 0.0265625 0.020509259259259238
0 0.7234375 0.7797974537037037 0.0890625 0.1678472222222222
2 0.01015625 0.6561747685185185 0.0109375 0.025081018518518405
2 0.05 0.6277546296296297 0.0203125 0.022025462962962906
2 0.290625 0.9908159722222223 0.10625 0.014849537037036953
2 0.4828125 0.5925173611111111 0.03125 0.02366898148148149
2 0.596875 0.5830787037037037 0.025 0.020497685185185334