3 0.2515625 0.634375 0.2546875 0.621875 0.2609375 0.6140625 0.265625 0.6140625 0.2671875 0.6234375 0.2578125 0.6328125 0.253125 0.634375
3 0.125 0.709375 0.125 0.7296875 0.121875 0.7328125 0.115625 0.7328125 0.103125 0.74375 0.0984375 0.74375 0.096875 0.7328125 0.1046875 0.715625 0.1078125 0.7125 0.1125 0.715625 0.1171875 0.715625 0.1234375 0.709375
3 0.59375 0.565625 0.5953125 0.553125 0.5953125 0.565625
3 0.5828125 0.61875 0.5828125 0.634375 0.58125 0.6359375 0.571875 0.6296875 0.571875 0.6203125 0.575 0.6171875 0.58125 0.61875
3 0.7214699074074075 0.68359375 0.015879629629629567 0.034375
3 0.7171875 0.6609375 0.715625 0.65625 0.7171875 0.646875 0.728125 0.646875 0.7296875 0.6546875 0.728125 0.6640625 0.725 0.665625 0.721875 0.6609375 0.71875 0.6609375
3 0.125 0.6140625 0.128125 0.6140625 0.1359375 0.625 0.13125 0.634375 0.121875 0.6328125 0.1203125 0.6234375 0.125 0.615625
3 0.659375 0.64375 0.6640625 0.646875 0.671875 0.6453125 0.675 0.653125 0.675 0.6609375 0.6734375 0.6625 0.6625 0.6609375 0.65625 0.653125 0.6578125 0.6453125
3 0.2046875 0.609375 0.209375 0.6140625 0.209375 0.6265625 0.2046875 0.628125 0.19375 0.628125 0.190625 0.6234375 0.19375 0.6109375 0.203125 0.609375
3 0.3116203703703704 0.61953125 0.01733796296296295 0.0203125
3 0.0328125 0.746875 0.040625 0.75 0.0421875 0.778125 0.0390625 0.784375 0.034375 0.7890625 0.0265625 0.7890625 0.0125 0.796875 0.0125 0.7765625 0.0109375 0.775 0.0109375 0.765625 0.015625 0.7609375 0.01875 0.7640625 0.0234375 0.7640625 0.0296875 0.771875 0.034375 0.76875 0.0328125 0.7484375
3 0.6328125 0.7265625 0.6421875 0.728125 0.64375 0.7359375 0.6421875 0.74375 0.6375 0.75 0.63125 0.7375 0.6328125 0.728125
3 0.2109375 0.64375 0.21875 0.6484375 0.2171875 0.6640625 0.2 0.6703125 0.203125 0.653125 0.209375 0.6453125
3 0.2328125 0.6046875 0.2359375 0.615625 0.23125 0.621875 0.2109375 0.61875 0.2109375 0.6140625 0.21875 0.6046875 0.2234375 0.6015625 0.228125 0.6015625 0.23125 0.6046875
3 0.690625 0.7859375 0.6953125 0.796875 0.6921875 0.83125 0.6796875 0.8484375 0.6765625 0.8453125 0.6734375 0.828125 0.675 0.809375 0.6765625 0.8078125 0.6859375 0.8125 0.6921875 0.8046875 0.690625 0.7875
3 0.2484375 0.5984375 0.25625 0.603125 0.2546875 0.6140625 0.25 0.6171875 0.2421875 0.6171875 0.2375 0.6140625 0.2375 0.60625 0.24375 0.6 0.246875 0.6
5 0.05379050925925925 0.6171875 0.023622685185185188 0.025
5 0.1828125 0.640625 0.1859375 0.653125 0.1859375 0.678125 0.178125 0.6890625 0.1671875 0.6890625 0.1515625 0.696875 0.1421875 0.7078125 0.1359375 0.7046875 0.1328125 0.70625 0.125 0.7046875 0.115625 0.6984375 0.1078125 0.7 0.1078125 0.6828125 0.1125 0.671875 0.1234375 0.659375 0.13125 0.6546875 0.14375 0.6515625 0.1640625 0.640625 0.18125 0.640625
5 0.4375 0.5921875 0.440625 0.5859375 0.4578125 0.5859375 0.4609375 0.590625 0.4609375 0.6015625 0.4578125 0.6109375 0.45 0.6171875 0.440625 0.609375 0.4390625 0.59375
4 0.615625 0.6453125 0.6296875 0.6546875 0.6296875 0.6671875 0.6328125 0.678125 0.63125 0.6984375 0.6296875 0.7015625 0.6265625 0.7015625 0.6234375 0.6984375 0.6125 0.696875 0.6015625 0.7046875 0.5984375 0.69375 0.6 0.6828125 0.5984375 0.671875 0.603125 0.6625 0.6046875 0.646875 0.6140625 0.6453125
4 0.5837442129629629 0.54765625 0.011122685185185244 0.025
2 0.5984375 0.590625 0.603125 0.5859375 0.6109375 0.5859375 0.6171875 0.59375 0.6171875 0.6046875 0.6078125 0.6078125 0.6 0.6046875 0.6 0.5921875
2 0.63125 0.628125 0.646875 0.6421875 0.646875 0.6546875 0.64375 0.6578125 0.6359375 0.659375 0.63125 0.6578125 0.6296875 0.653125 0.61875 0.6453125 0.6078125 0.6453125 0.6046875 0.65 0.6015625 0.646875 0.603125 0.6359375 0.6171875 0.628125 0.6234375 0.6265625 0.6296875 0.628125
2 0.5265625 0.55625 0.5296875 0.559375 0.5296875 0.5640625 0.521875 0.571875 0.51875 0.5703125 0.51875 0.5609375 0.525 0.55625
2 0.6125 0.5515625 0.6140625 0.5640625 0.609375 0.5640625 0.6109375 0.553125
2 0.734375 0.6015625 0.7453125 0.6015625 0.753125 0.6046875 0.759375 0.6125 0.75625 0.6140625 0.7484375 0.6125 0.7390625 0.6265625 0.7359375 0.6265625 0.734375 0.625 0.734375 0.603125
2 0.61875 0.60625 0.6296875 0.6109375 0.6375 0.6171875 0.6390625 0.6203125 0.6375 0.6296875 0.63125 0.6265625 0.615625 0.6265625 0.6046875 0.6296875 0.6 0.628125 0.6 0.615625 0.6171875 0.60625
2 0.3296875 0.5984375 0.3390625 0.5984375 0.34375 0.5953125 0.3578125 0.59375 0.3640625 0.6 0.3625 0.61875 0.359375 0.621875 0.346875 0.6234375 0.3359375 0.6296875 0.321875 0.6234375 0.321875 0.6078125 0.3296875 0.6
2 0.11075231481481482 0.6078125 0.020474537037037034 0.021875
2 0.5046875 0.5703125 0.5078125 0.5765625 0.503125 0.5890625 0.4921875 0.5875 0.4890625 0.5828125 0.4890625 0.578125 0.49375 0.571875 0.503125 0.5703125
2 0.2921875 0.6203125 0.2953125 0.621875 0.2984375 0.628125 0.2984375 0.640625 0.2953125 0.6453125 0.290625 0.6484375 0.2734375 0.65 0.2625 0.659375 0.25625 0.65625 0.2484375 0.65625 0.2453125 0.653125 0.2453125 0.6421875 0.2734375 0.6203125 0.290625 0.6203125
2 0.5609375 0.73125 0.578125 0.7375 0.5859375 0.74375 0.5875 0.771875 0.5828125 0.775 0.5734375 0.775 0.5609375 0.7875 0.5609375 0.796875 0.5578125 0.8046875 0.5546875 0.8046875 0.55 0.8 0.53125 0.796875 0.5265625 0.7921875 0.5234375 0.7921875 0.5203125 0.7875 0.5203125 0.771875 0.51875 0.7703125 0.5375 0.734375 0.546875 0.7296875 0.559375 0.73125
2 0.540625 0.6 0.55 0.603125 0.5546875 0.609375 0.5546875 0.6203125 0.553125 0.625 0.5484375 0.628125 0.5390625 0.628125 0.5296875 0.6234375 0.521875 0.6234375 0.5203125 0.61875 0.521875 0.609375 0.53125 0.6015625 0.5390625 0.6
2 0.3609375 0.596875 0.359375 0.59375 0.3609375 0.590625 0.365625 0.590625 0.371875 0.5859375 0.375 0.5875 0.3765625 0.6046875 0.36875 0.609375 0.365625 0.609375 0.3625 0.596875
2 0.009375 0.721875 0.0140625 0.7234375 0.0375 0.721875 0.0421875 0.7265625 0.0453125 0.7359375 0.0453125 0.7453125 0.0390625 0.7453125 0.0359375 0.7421875 0.0296875 0.7453125 0.021875 0.7375 0.0171875 0.74375 0.0171875 0.7515625 0.0140625 0.7546875 0.0140625 0.746875 0.0109375 0.7453125 0.009375 0.740625 0.009375 0.7234375
2 0.5088599537037037 0.56328125 0.015752314814814827 0.0171875
2 0.503125 0.590625 0.5046875 0.5921875 0.50625 0.590625 0.5140625 0.5984375 0.5109375 0.60625 0.503125 0.6109375 0.4984375 0.6109375 0.4953125 0.6078125 0.4890625 0.6078125 0.484375 0.6109375 0.4796875 0.6078125 0.48125 0.596875 0.4859375 0.5921875 0.4921875 0.5890625 0.5015625 0.590625
2 0.0078125 0.6359375 0.0140625 0.6390625 0.0171875 0.646875 0.015625 0.6546875 0.0125 0.6578125 0.0078125 0.6578125 0.0078125 0.6375
2 0.7921875 0.6140625 0.8046875 0.6203125 0.80625 0.625 0.7875 0.61875 0.7796875 0.61875 0.7765625 0.615625 0.7734375 0.6171875 0.775 0.6125 0.790625 0.6140625
2 0.690625 0.675 0.6921875 0.678125 0.690625 0.6828125 0.6921875 0.725 0.671875 0.71875 0.6609375 0.7203125 0.659375 0.7078125 0.6640625 0.6671875 0.665625 0.665625 0.684375 0.6671875 0.6890625 0.675
2 0.5703125 0.584375 0.575 0.5828125 0.5828125 0.584375 0.5875 0.59375 0.5875 0.6046875 0.575 0.60625 0.56875 0.603125 0.5671875 0.590625 0.5703125 0.5859375