1 0.5703125 0.803125 0.575 0.80625 0.584375 0.80625 0.5875 0.809375 0.6046875 0.815625 0.6265625 0.834375 0.634375 0.8375 0.6421875 0.875 0.646875 0.8796875 0.653125 0.875 0.65625 0.8765625 0.6578125 0.90625 0.6546875 0.909375 0.6546875 0.9953125 0.65 0.9984375 0.628125 0.9984375 0.6265625 0.996875 0.625 0.9984375 0.6015625 0.9984375 0.6 0.996875 0.596875 0.9984375 0.5515625 0.9984375 0.546875 0.9953125 0.540625 0.9984375 0.4828125 0.9984375 0.48125 0.996875 0.478125 0.9984375 0.4625 0.9984375 0.4609375 0.996875 0.4328125 0.9984375 0.4859375 0.9171875 0.5390625 0.84375 0.5546875 0.8203125 0.5578125 0.8109375 0.56875 0.803125
1 0.0078125 0.6015625 0.0140625 0.6046875 0.028125 0.6046875 0.0421875 0.6 0.0609375 0.5984375 0.0671875 0.5953125 0.075 0.5953125 0.0796875 0.6 0.0828125 0.615625 0.0828125 0.634375 0.0796875 0.6375 0.06875 0.6375 0.059375 0.64375 0.0609375 0.6578125 0.0453125 0.6625 0.0375 0.6734375 0.03125 0.678125 0.021875 0.6765625 0.0171875 0.6703125 0.0125 0.6703125 0 0.6765625 0 0.603125 0.00625 0.603125
5 0.609375 0.5953125 0.621875 0.6015625 0.625 0.6234375 0.6203125 0.63125 0.6078125 0.6328125 0.5953125 0.6234375 0.59375 0.609375 0.5953125 0.6 0.6078125 0.5953125
5 0.29375 0.590625 0.296875 0.5953125 0.296875 0.60625 0.29375 0.6171875 0.28125 0.6109375 0.26875 0.6109375 0.2609375 0.6140625 0.2515625 0.6234375 0.246875 0.621875 0.246875 0.609375 0.253125 0.6 0.28125 0.590625 0.2921875 0.590625
5 0.684375 0.684375 0.70625 0.690625 0.715625 0.70625 0.7125 0.7140625 0.7140625 0.715625 0.7125 0.7609375 0.70625 0.7765625 0.68125 0.7671875 0.66875 0.7671875 0.665625 0.7625 0.6671875 0.7109375 0.675 0.690625 0.678125 0.6859375 0.6828125 0.684375
0 0.3046875 0.5953125 0.3109375 0.590625 0.3140625 0.584375 0.3375 0.5796875 0.3453125 0.5796875 0.3484375 0.5828125 0.3453125 0.5953125 0.3484375 0.6015625 0.3453125 0.6046875 0.3390625 0.5984375 0.3296875 0.5984375 0.30625 0.6125 0.303125 0.6109375 0.3046875 0.596875
0 0.1375 0.625 0.1421875 0.628125 0.140625 0.659375 0.1359375 0.6671875 0.125 0.6671875 0.1140625 0.675 0.109375 0.675 0.1078125 0.671875 0.090625 0.671875 0.0859375 0.675 0.0640625 0.6796875 0.05 0.690625 0.0421875 0.6890625 0.0359375 0.6796875 0.046875 0.6640625 0.0578125 0.6625 0.0625 0.6578125 0.0609375 0.64375 0.0703125 0.6390625 0.0875 0.6375 0.0921875 0.634375 0.1 0.634375 0.1109375 0.6296875 0.1359375 0.6265625
0 0.59609375 0.5671875 0.015625 0.02265625
3 0.640625 0.6078125 0.6453125 0.609375 0.646875 0.6125 0.646875 0.625 0.6421875 0.6234375 0.640625 0.609375
3 0.5640625 0.571875 0.5625 0.5671875 0.5640625 0.5625 0.5671875 0.5625 0.5671875 0.571875 0.565625 0.571875
3 0.63125 0.790625 0.640625 0.790625 0.6453125 0.8140625 0.64375 0.8328125 0.640625 0.8390625 0.6375 0.8375 0.6328125 0.821875 0.63125 0.7921875
3 0.1875 0.6078125 0.2 0.6046875 0.203125 0.6125 0.2015625 0.6203125 0.1890625 0.6234375 0.184375 0.6203125 0.184375 0.6125 0.1875 0.609375
3 0.453125 0.59375 0.45625 0.5984375 0.45625 0.6046875 0.453125 0.609375 0.446875 0.6078125 0.446875 0.5984375 0.4515625 0.59375
3 0.171875 0.6328125 0.1765625 0.634375 0.178125 0.6375 0.178125 0.64375 0.175 0.65 0.1578125 0.6546875 0.1578125 0.646875 0.1625 0.6359375 0.1703125 0.634375
3 0.5921875 0.7109375 0.5984375 0.7125 0.5984375 0.7234375 0.5953125 0.73125 0.5921875 0.7328125 0.590625 0.728125 0.590625 0.7125
3 0.1171875 0.6109375 0.1203125 0.6171875 0.1203125 0.621875 0.1171875 0.625 0.1125 0.6234375 0.1125 0.6125 0.115625 0.6109375
3 0.4921875 0.6046875 0.503125 0.603125 0.5015625 0.6203125 0.4921875 0.6171875 0.4921875 0.60625
3 0.634375 0.6859375 0.64375 0.6859375 0.64375 0.7046875 0.640625 0.7109375 0.634375 0.7046875 0.6328125 0.6921875 0.634375 0.6875
3 0.465625 0.6 0.46875 0.6078125 0.4671875 0.615625 0.45625 0.6140625 0.4578125 0.6046875 0.4640625 0.6
2 0.7375 0.6046875 0.74375 0.6078125 0.7484375 0.6125 0.7484375 0.615625 0.7421875 0.6140625 0.7375 0.61875 0.7375 0.63125 0.734375 0.6375 0.7265625 0.6296875 0.7265625 0.6140625 0.728125 0.6125 0.7265625 0.60625 0.7359375 0.6046875
2 0.3578125 0.9375 0.3734375 0.9421875 0.38125 0.95 0.3921875 0.9828125 0.390625 0.9984375 0.3609375 0.9984375 0.359375 0.996875 0.3578125 0.9984375 0.2546875 0.9984375 0.2578125 0.9921875 0.2859375 0.965625 0.3078125 0.9484375 0.33125 0.946875 0.3484375 0.940625 0.3515625 0.9375 0.35625 0.9375
2 0.540625 0.54375 0.54375 0.5515625 0.5375 0.5546875 0.5328125 0.5546875 0.5328125 0.5453125 0.5390625 0.54375
2 0.4875 0.5875 0.490625 0.5921875 0.4890625 0.60625 0.4859375 0.6078125 0.4703125 0.60625 0.4671875 0.6015625 0.4671875 0.5953125 0.471875 0.590625 0.4859375 0.5890625
2 0.465625 0.5828125 0.4765625 0.5796875 0.484375 0.58125 0.4875 0.584375 0.4875 0.5890625 0.4859375 0.5875 0.471875 0.5890625 0.4671875 0.5953125 0.4625 0.590625 0.465625 0.584375
2 0.5421875 0.584375 0.546875 0.5921875 0.546875 0.5984375 0.54375 0.6015625 0.5359375 0.6046875 0.5203125 0.6046875 0.51875 0.60625 0.515625 0.60625 0.5125 0.6015625 0.5140625 0.590625 0.528125 0.5828125 0.540625 0.584375
2 0.6359375 0.634375 0.6421875 0.6421875 0.6453125 0.6625 0.64375 0.6671875 0.640625 0.6640625 0.6375 0.665625 0.63125 0.675 0.6234375 0.675 0.621875 0.671875 0.61875 0.6625 0.61875 0.6390625 0.621875 0.6328125 0.634375 0.634375
2 0.5078125 0.57109375 0.015625 0.0171875
2 0.4984375 0.565625 0.5015625 0.578125 0.4953125 0.5859375 0.490625 0.5859375 0.4875 0.5828125 0.4875 0.578125 0.490625 0.575 0.4921875 0.5671875 0.496875 0.565625
2 0.3375 0.5984375 0.3453125 0.60625 0.3421875 0.615625 0.3375 0.6203125 0.334375 0.6203125 0.328125 0.609375 0.325 0.615625 0.315625 0.6234375 0.3078125 0.6234375 0.30625 0.6203125 0.3078125 0.6125 0.325 0.6 0.3359375 0.5984375
2 0.4765625 0.5703125 0.475 0.5796875 0.4703125 0.5796875 0.465625 0.5828125 0.4578125 0.58125 0.459375 0.575 0.46875 0.56875 0.475 0.5703125
2 0.5140625 0.55625 0.515625 0.5625 0.5125 0.565625 0.503125 0.5640625 0.5078125 0.55625 0.5125 0.55625
2 0.484375 0.5671875 0.490625 0.5671875 0.490625 0.575 0.4875 0.58125 0.4765625 0.578125 0.4765625 0.575 0.484375 0.56875
2 0.2828125 0.6140625 0.2953125 0.6203125 0.2984375 0.6359375 0.2890625 0.6421875 0.2640625 0.65 0.2609375 0.65 0.25625 0.6453125 0.2578125 0.634375 0.26875 0.6234375 0.28125 0.615625
2 0.559375 0.6 0.5671875 0.60625 0.56875 0.6109375 0.56875 0.6234375 0.565625 0.628125 0.5515625 0.628125 0.546875 0.6234375 0.5375 0.6234375 0.534375 0.6203125 0.5359375 0.60625 0.546875 0.6 0.5578125 0.6
2 0.3671875 0.5953125 0.36875 0.5984375 0.3671875 0.6203125 0.3609375 0.6203125 0.35625 0.6234375 0.3484375 0.6234375 0.346875 0.6125 0.3515625 0.6046875 0.365625 0.5953125
2 0.45625 0.5953125 0.4484375 0.590625 0.45 0.584375 0.4546875 0.58125 0.4640625 0.5828125 0.4640625 0.5890625 0.4578125 0.59375
2 0.28125 0.6125 0.28125 0.615625 0.2609375 0.6296875 0.2546875 0.6421875 0.2515625 0.64375 0.24375 0.6421875 0.2453125 0.6265625 0.2546875 0.621875 0.265625 0.6125 0.2796875 0.6125
2 0.4328125 0.58125 0.4375 0.58125 0.440625 0.5859375 0.4390625 0.596875 0.4328125 0.6 0.43125 0.59375 0.4328125 0.5828125
2 0.5796875 0.5546875 0.5796875 0.5453125 0.5828125 0.5421875 0.5875 0.546875 0.5875 0.5546875 0.584375 0.55625 0.58125 0.5546875
2 0.5625 0.5578125 0.0109375 0.0171875