0 0.4875 0.5984375 0.4921875 0.6015625 0.5140625 0.6 0.5171875 0.6109375 0.5234375 0.61875 0.5234375 0.621875 0.5203125 0.625 0.503125 0.625 0.49375 0.628125 0.4796875 0.6265625 0.478125 0.609375 0.4796875 0.6046875 0.4859375 0.6
1 0.3859375 0.5390625 0.390625 0.5390625 0.3953125 0.546875 0.39375 0.5609375 0.3875 0.5625 0.384375 0.55625 0.3859375 0.540625
3 0.346875 0.61875 0.3484375 0.6296875 0.3453125 0.634375 0.340625 0.634375 0.3390625 0.6265625 0.3390625 0.6203125 0.3453125 0.61875
3 0.3663078703703704 0.6949768518518519 0.011307870370370354 0.025081018518518582
3 0.221875 0.746875 0.23125 0.7484375 0.234375 0.753125 0.234375 0.7609375 0.23125 0.76875 0.2265625 0.775 0.2203125 0.775 0.2171875 0.7671875 0.221875 0.7484375
3 0.821875 0.628125 0.8296875 0.6375 0.8296875 0.646875 0.828125 0.6484375 0.8171875 0.646875 0.8140625 0.64375 0.8140625 0.634375 0.8203125 0.6296875
3 0.770150462962963 0.649525462962963 0.0206828703703704 0.025150462962962992
3 0.8671875 0.6390625 0.8734375 0.64375 0.875 0.65625 0.8625 0.65625 0.859375 0.653125 0.8578125 0.646875 0.865625 0.6390625
3 0.796875 0.6171875 0.803125 0.6203125 0.8078125 0.6265625 0.8078125 0.634375 0.8046875 0.6375 0.796875 0.6375 0.790625 0.63125 0.7921875 0.61875 0.7953125 0.6171875
3 0.178125 0.696875 0.1828125 0.7015625 0.1859375 0.709375 0.1875 0.715625 0.1859375 0.725 0.1828125 0.728125 0.175 0.728125 0.165625 0.7328125 0.15625 0.740625 0.1515625 0.7359375 0.153125 0.715625 0.1546875 0.7140625 0.1734375 0.715625 0.175 0.7140625 0.1734375 0.6984375 0.1765625 0.696875
3 0.70625 0.615625 0.7140625 0.6234375 0.715625 0.6375 0.7078125 0.6375 0.703125 0.634375 0.7015625 0.6171875 0.7046875 0.615625
3 0.878125 0.6109375 0.8828125 0.615625 0.88125 0.625 0.878125 0.625 0.875 0.6203125 0.8765625 0.6125
3 0.7515625 0.6515625 0.7546875 0.6515625 0.7578125 0.65625 0.7609375 0.6671875 0.7609375 0.6734375 0.7578125 0.6765625 0.7515625 0.675 0.74375 0.66875 0.7421875 0.65625 0.7484375 0.65625 0.7515625 0.653125
4 0.490625 0.559375 0.503125 0.5625 0.5140625 0.5734375 0.509375 0.578125 0.5078125 0.5921875 0.496875 0.5921875 0.4875 0.5828125 0.4875 0.56875 0.490625 0.5609375
5 0.403125 0.5703125 0.4140625 0.571875 0.415625 0.575 0.415625 0.584375 0.4125 0.5875 0.4125 0.59375 0.4078125 0.596875 0.3984375 0.5953125 0.396875 0.5921875 0.4015625 0.571875
2 0.2609375 0.60625 0.259375 0.63125 0.25625 0.634375 0.25 0.621875 0.2453125 0.61875 0.2375 0.61875 0.2359375 0.615625 0.246875 0.60625 0.253125 0.6046875 0.259375 0.60625
2 0.7765625 0.6296875 0.7796875 0.634375 0.7796875 0.6453125 0.775 0.6453125 0.775 0.6421875 0.765625 0.63125 0.7578125 0.640625 0.75625 0.6390625 0.7484375 0.640625 0.7453125 0.6375 0.740625 0.6375 0.7359375 0.634375 0.7328125 0.6265625 0.734375 0.615625 0.7421875 0.6125 0.7578125 0.6140625 0.7671875 0.625 0.7703125 0.625 0.775 0.6296875
2 0.425 0.5625 0.4265625 0.5765625 0.4203125 0.5765625 0.4171875 0.5734375 0.4171875 0.5640625 0.4234375 0.5625
2 0.9203125 0.6015625 0.9265625 0.6046875 0.9296875 0.6125 0.9296875 0.61875 0.9265625 0.621875 0.921875 0.621875 0.91875 0.6125 0.9109375 0.60625 0.91875 0.6015625
2 0.534375 0.58125 0.5390625 0.5859375 0.5390625 0.590625 0.5296875 0.596875 0.528125 0.603125 0.5234375 0.603125 0.515625 0.5953125 0.5171875 0.5875 0.521875 0.58125 0.5328125 0.58125
2 0.37376157407407407 0.6137731481481481 0.02539351851851852 0.026747685185185242
2 0.528125 0.56875 0.5375 0.56875 0.5453125 0.571875 0.5484375 0.5765625 0.5390625 0.584375 0.5328125 0.5796875 0.528125 0.5796875 0.5265625 0.5765625 0.528125 0.5703125
2 0.875 0.6234375 0.8828125 0.6265625 0.8859375 0.63125 0.89375 0.6359375 0.8953125 0.6390625 0.89375 0.6515625 0.8765625 0.6515625 0.8734375 0.64375 0.8625 0.63125 0.8578125 0.6328125 0.85625 0.646875 0.8515625 0.6453125 0.8484375 0.6375 0.8484375 0.628125 0.85625 0.6234375 0.8734375 0.6234375
2 0.3251099537037037 0.6806076388888889 0.03346064814814813 0.04399305555555557
2 0.640625 0.603125 0.6515625 0.6109375 0.6515625 0.615625 0.6453125 0.628125 0.628125 0.6265625 0.6234375 0.6234375 0.6234375 0.609375 0.63125 0.603125 0.6390625 0.603125
2 0.6484375 0.6 0.6578125 0.60625 0.6578125 0.6109375 0.6515625 0.6140625 0.6484375 0.6140625 0.6390625 0.60625 0.6265625 0.60625 0.628125 0.6015625 0.6375 0.5984375 0.646875 0.6
2 0.5109375 0.5765625 0.515625 0.575 0.5203125 0.578125 0.5203125 0.5828125 0.515625 0.590625 0.509375 0.5890625 0.5109375 0.578125
2 0.5890625 0.590625 0.59375 0.590625 0.5921875 0.6140625 0.5875 0.609375 0.5890625 0.5921875
2 0.8625 0.671875 0.88125 0.68125 0.8921875 0.6921875 0.89375 0.6984375 0.903125 0.703125 0.9125 0.7140625 0.9140625 0.7234375 0.9125 0.7296875 0.9046875 0.734375 0.896875 0.734375 0.8890625 0.73125 0.884375 0.7359375 0.878125 0.7359375 0.871875 0.725 0.859375 0.7171875 0.846875 0.7125 0.840625 0.7140625 0.8359375 0.7125 0.8265625 0.6953125 0.8328125 0.6734375 0.8375 0.66875 0.846875 0.6671875 0.85 0.6703125 0.8609375 0.671875
2 0.4256944444444445 0.5891550925925927 0.0159953703703704 0.025115740740740744
2 0.6578125 0.6125 0.66875 0.615625 0.6796875 0.6265625 0.6828125 0.6265625 0.6875 0.63125 0.6890625 0.6421875 0.6734375 0.64375 0.6640625 0.6375 0.6484375 0.6359375 0.6453125 0.6296875 0.646875 0.621875 0.65 0.6171875 0.65625 0.6140625
2 0.071875 0.6515625 0.078125 0.65625 0.0796875 0.6625 0.06875 0.6640625 0.0625 0.66875 0.0546875 0.66875 0.04375 0.675 0.0390625 0.6734375 0.0390625 0.65625 0.040625 0.6546875 0.0703125 0.6515625
2 0.69375 0.596875 0.6984375 0.5984375 0.7046875 0.60625 0.7109375 0.6078125 0.715625 0.6140625 0.715625 0.6203125 0.7109375 0.6203125 0.70625 0.615625 0.7015625 0.615625 0.6984375 0.6234375 0.6890625 0.6203125 0.678125 0.60625 0.678125 0.6 0.68125 0.596875 0.6921875 0.596875
2 0.9875 0.690625 0.984375 0.6953125 0.984375 0.7203125 0.975 0.7109375 0.9734375 0.703125 0.9765625 0.69375 0.9859375 0.690625
2 0.5375 0.5828125 0.5453125 0.5796875 0.55 0.5796875 0.5546875 0.5828125 0.55625 0.59375 0.54375 0.59375 0.5390625 0.584375
2 0.9046875 0.6234375 0.9125 0.625 0.9171875 0.6296875 0.9171875 0.646875 0.915625 0.6484375 0.8984375 0.6453125 0.896875 0.6296875 0.8984375 0.625 0.903125 0.6234375
2 0.9875 0.6515625 0.9875 0.6640625 0.9859375 0.6609375 0.9875 0.653125
2 0.2 0.6140625 0.1984375 0.621875 0.16875 0.6375 0.165625 0.6359375 0.15625 0.6375 0.15625 0.6296875 0.16875 0.61875 0.1796875 0.6125 0.196875 0.6125 0.1984375 0.6140625
2 0.4015625 0.54375 0.4078125 0.546875 0.4078125 0.5546875 0.403125 0.55625 0.4015625 0.5453125
2 0.48125 0.5765625 0.4828125 0.5625 0.4875 0.565625 0.4875 0.578125 0.4828125 0.5765625
2 0.4734375 0.5578125 0.478125 0.5625 0.478125 0.571875 0.465625 0.5671875 0.4640625 0.5625 0.4671875 0.559375 0.471875 0.559375
2 0.9390625 0.6125 0.95625 0.61875 0.9578125 0.64375 0.9515625 0.6453125 0.94375 0.6375 0.940625 0.628125 0.934375 0.6265625 0.934375 0.61875 0.9375 0.6140625