0 0.3578125 0.5890625 0.3625 0.590625 0.3640625 0.5953125 0.3625 0.5984375 0.365625 0.6078125 0.365625 0.6171875 0.35 0.625 0.3296875 0.625 0.31875 0.628125 0.3078125 0.628125 0.3078125 0.6171875 0.3109375 0.609375 0.321875 0.5953125 0.35625 0.5890625
3 0.584375 0.5640625 0.5859375 0.565625 0.584375 0.5765625 0.5828125 0.565625
3 0.44375 0.59375 0.446875 0.5953125 0.45 0.6046875 0.45 0.6140625 0.440625 0.615625 0.4359375 0.609375 0.4375 0.6015625 0.4421875 0.5953125
3 0.24375 0.5921875 0.2484375 0.5953125 0.2484375 0.603125 0.24375 0.60625 0.2328125 0.60625 0.234375 0.5953125 0.2421875 0.5921875
3 0.2234375 0.5953125 0.228125 0.6015625 0.228125 0.609375 0.2234375 0.615625 0.209375 0.6140625 0.20625 0.6109375 0.2078125 0.603125 0.215625 0.5953125 0.21875 0.59375 0.221875 0.5953125
3 0.115625 0.6578125 0.1203125 0.665625 0.13125 0.659375 0.128125 0.6796875 0.115625 0.6828125 0.109375 0.6890625 0.1046875 0.6890625 0.1046875 0.6796875 0.1125 0.6609375 0.115625 0.659375
3 0.015625 0.6859375 0.0203125 0.6859375 0.028125 0.6953125 0.0328125 0.7078125 0.0421875 0.6953125 0.046875 0.6984375 0.04375 0.7140625 0.0265625 0.71875 0.015625 0.7265625 0.0046875 0.71875 0.0046875 0.709375 0.015625 0.6875
3 0.19375 0.61171875 0.01953125 0.021875
3 0 0.6328125 0.0078125 0.634375 0.009375 0.6375 0.009375 0.65625 0 0.6609375 0 0.634375
4 0.46015625 0.5796875 0.03125 0.0359375
4 0.6203125 0.596875 0.6390625 0.5984375 0.6453125 0.6015625 0.653125 0.6109375 0.6515625 0.615625 0.653125 0.6578125 0.6484375 0.6640625 0.6484375 0.66875 0.646875 0.671875 0.6390625 0.6671875 0.628125 0.66875 0.61875 0.65 0.6203125 0.5984375
5 0.6 0.6859375 0.60625 0.6875 0.6140625 0.6984375 0.615625 0.725 0.6125 0.7453125 0.596875 0.771875 0.575 0.7703125 0.5640625 0.7625 0.5640625 0.709375 0.5796875 0.690625 0.5875 0.6859375 0.5984375 0.6859375
5 0.271875 0.6328125 0.2703125 0.63125 0.2609375 0.6328125 0.25 0.640625 0.234375 0.6390625 0.23125 0.6359375 0.23125 0.625 0.234375 0.6140625 0.2421875 0.6078125 0.2484375 0.6078125 0.265625 0.6 0.2765625 0.6 0.2796875 0.603125 0.28125 0.6203125 0.2796875 0.625 0.2734375 0.63125
2 0.7265625 0.6046875 0.7390625 0.6046875 0.75 0.6125 0.7484375 0.6171875 0.746875 0.615625 0.7375 0.6171875 0.73125 0.6328125 0.7265625 0.628125 0.728125 0.6125 0.7265625 0.60625
2 0.065625 0.5953125 0.071875 0.5859375 0.0828125 0.5859375 0.084375 0.5875 0.0828125 0.5921875 0.078125 0.59375 0.075 0.5984375 0.0671875 0.596875
2 0.484375 0.5734375 0.4890625 0.5734375 0.49375 0.5796875 0.4921875 0.596875 0.4796875 0.5984375 0.4765625 0.590625 0.478125 0.5828125 0.484375 0.575
2 0.9078125 0.65625 0.93125 0.65625 0.9453125 0.6609375 0.9453125 0.678125 0.940625 0.678125 0.928125 0.671875 0.921875 0.671875 0.91875 0.66875 0.90625 0.665625 0.9078125 0.6578125
2 0.50390625 0.5703125 0.01953125 0.0203125
2 0.603125 0.534375 0.6046875 0.5421875 0.6015625 0.5453125 0.5984375 0.54375 0.5984375 0.5359375 0.6015625 0.534375
2 0.0734375 0.6328125 0.0703125 0.6265625 0.0703125 0.6171875 0.0734375 0.609375 0.078125 0.6046875 0.0921875 0.6046875 0.0953125 0.6265625 0.075 0.6328125
2 0.578125 0.5484375 0.5828125 0.5484375 0.584375 0.5515625 0.584375 0.5640625 0.578125 0.565625 0.5765625 0.5640625 0.578125 0.55
2 0.1796875 0.6359375 0.18125 0.6375 0.1890625 0.6359375 0.19375 0.640625 0.196875 0.646875 0.1953125 0.665625 0.190625 0.6703125 0.1765625 0.671875 0.1671875 0.6796875 0.165625 0.684375 0.14375 0.684375 0.1390625 0.678125 0.140625 0.665625 0.1578125 0.646875 0.16875 0.6390625 0.178125 0.6359375
2 0.4375 0.578125 0.44375 0.584375 0.44375 0.5921875 0.4390625 0.596875 0.4359375 0.60625 0.4328125 0.60625 0.43125 0.603125 0.43125 0.58125 0.4359375 0.578125
2 0.0046875 0.7421875 0.0125 0.7328125 0.021875 0.7265625 0.05625 0.715625 0.0828125 0.715625 0.0890625 0.73125 0.0875 0.740625 0.08125 0.7453125 0.075 0.75625 0.0640625 0.75625 0.0328125 0.775 0.0203125 0.790625 0.0109375 0.7890625 0 0.7921875 0 0.746875 0.0046875 0.74375
2 0.5890625 0.63125 0.5828125 0.621875 0.5828125 0.603125 0.5875 0.6 0.5984375 0.6 0.6046875 0.609375 0.60625 0.61875 0.6046875 0.6296875 0.603125 0.63125 0.590625 0.6296875
2 0 0.721875 0.0046875 0.721875 0.009375 0.725 0.009375 0.7359375 0.003125 0.7453125 0 0.7453125 0 0.7234375
2 0.775 0.615625 0.7921875 0.621875 0.7984375 0.6265625 0.7984375 0.6296875 0.765625 0.6203125 0.765625 0.6171875 0.7734375 0.615625
2 0.3 0.590625 0.3046875 0.6 0.303125 0.6125 0.3 0.615625 0.2875 0.615625 0.2828125 0.61875 0.28125 0.603125 0.2765625 0.5984375 0.278125 0.5953125 0.2875 0.590625 0.2984375 0.590625
2 0.5921875 0.5359375 0.5953125 0.5390625 0.5953125 0.5453125 0.5921875 0.546875 0.5890625 0.5453125 0.590625 0.5375
2 0.85 0.959375 0.8640625 0.965625 0.86875 0.9703125 0.8859375 0.9703125 0.8953125 0.975 0.9109375 0.9875 0.9203125 0.9921875 0.925 0.9984375 0.859375 0.9984375 0.8578125 0.996875 0.7890625 0.9984375 0.7890625 0.99375 0.79375 0.9875 0.81875 0.9703125 0.84375 0.959375 0.8484375 0.959375
2 0.5015625 0.5609375 0.5 0.553125 0.503125 0.55 0.5125 0.5515625 0.5109375 0.559375 0.503125 0.559375
2 0.484375 0.565625 0.4859375 0.5734375 0.4765625 0.584375 0.475 0.5703125 0.478125 0.565625 0.4828125 0.565625
2 0.53125 0.55625 0.5328125 0.5453125 0.5375 0.5453125 0.540625 0.55 0.5375 0.5546875 0.5328125 0.55625
2 0.0578125 0.5984375 0.059375 0.60625 0.0484375 0.6203125 0.0359375 0.61875 0.0375 0.6046875 0.040625 0.6 0.046875 0.596875 0.05625 0.5984375