2 0.5875 0.7328125 0.059375 0.0671875
2 0.81953125 0.71796875 0.096875 0.06484375
4 0.52734375 0.60546875 0.046875 0.03046875
2 0.49375 0.83515625 0.10078125 0.125
2 0.571875 0.6203125 0.025 0.0375
5 0.62109375 0.6375 0.06171875 0.05625
0 0.7046875 0.659375 0.04921875 0.071875
2 0.66015625 0.675 0.02890625 0.03203125
2 0.4453125 0.5921875 0.0265625 0.02734375
2 0.21875 0.61484375 0.05546875 0.034375
2 0.61640625 0.8515625 0.0828125 0.12421875
3 0.11640625 0.68828125 0.02890625 0.04375
5 0.29921875 0.60703125 0.05 0.0390625
2 0.078125 0.6 0.03203125 0.02421875
2 0.60546875 0.6828125 0.0296875 0.0484375
4 0.67109375 0.73125 0.07109375 0.09296875
2 0.3515625 0.60625 0.0390625 0.03671875