3 0.2234375 0.5953125 0.228125 0.5984375 0.2296875 0.603125 0.2265625 0.615625 0.2109375 0.6171875 0.203125 0.615625 0.203125 0.60625 0.2171875 0.5953125 0.221875 0.5953125
3 0.6171875 0.640625 0.6140625 0.628125 0.6171875 0.621875 0.6203125 0.6234375 0.61875 0.640625
3 0.6265625 0.61875 0.63125 0.61875 0.63125 0.6328125 0.628125 0.63125 0.6265625 0.6203125
3 0.11953125 0.6171875 0.01484375 0.01953125
3 0.3625 0.590625 0.365625 0.5953125 0.365625 0.603125 0.3625 0.6046875 0.353125 0.603125 0.353125 0.596875 0.3609375 0.5921875
3 0.2484375 0.5953125 0.2515625 0.603125 0.25 0.6109375 0.24375 0.6140625 0.234375 0.6125 0.2328125 0.60625 0.2375 0.5953125 0.240625 0.59375 0.246875 0.5953125
3 0.5859375 0.55625 0.5875 0.55625 0.5859375 0.56875 0.584375 0.5640625 0.5859375 0.5578125
3 0.1921875 0.61171875 0.02109375 0.02265625
5 0.565625 0.5984375 0.578125 0.6015625 0.58125 0.625 0.575 0.63125 0.5640625 0.634375 0.5609375 0.634375 0.55625 0.628125 0.54375 0.6296875 0.5390625 0.6203125 0.5390625 0.6125 0.54375 0.6 0.5640625 0.5984375
5 0.178125 0.60625 0.18125 0.6140625 0.18125 0.621875 0.175 0.628125 0.165625 0.634375 0.1546875 0.6328125 0.1359375 0.6359375 0.1296875 0.6328125 0.1296875 0.625 0.140625 0.6171875 0.14375 0.6125 0.159375 0.60625 0.1734375 0.6046875 0.1765625 0.60625
5 0.10859375 0.59765625 0.02578125 0.02578125
5 0.1484375 0.6390625 0.1515625 0.6453125 0.1515625 0.6625 0.153125 0.6640625 0.1515625 0.6703125 0.14375 0.6765625 0.128125 0.6796875 0.109375 0.690625 0.0953125 0.709375 0.090625 0.70625 0.0796875 0.7078125 0.0625 0.7046875 0.0609375 0.7 0.0625 0.6859375 0.0671875 0.6765625 0.0765625 0.6640625 0.096875 0.65 0.1296875 0.6390625 0.146875 0.6390625
5 0.325 0.5921875 0.3296875 0.5984375 0.328125 0.61875 0.3203125 0.6265625 0.315625 0.625 0.3046875 0.6265625 0.296875 0.6296875 0.2921875 0.634375 0.2828125 0.6296875 0.28125 0.6265625 0.2828125 0.615625 0.2984375 0.6078125 0.3015625 0.5953125 0.3171875 0.590625 0.3234375 0.5921875
5 0.0578125 0.5984375 0.059375 0.609375 0.0484375 0.6203125 0.0375 0.6203125 0.0359375 0.6109375 0.0390625 0.6015625 0.046875 0.596875 0.05625 0.5984375
2 0.7265625 0.6046875 0.7375 0.6046875 0.75 0.6140625 0.7484375 0.6171875 0.740625 0.6171875 0.734375 0.6234375 0.73125 0.6328125 0.7265625 0.628125 0.7265625 0.60625
2 0.9234375 0.6546875 0.94375 0.659375 0.9453125 0.6625 0.94375 0.678125 0.934375 0.6765625 0.928125 0.671875 0.921875 0.671875 0.915625 0.6671875 0.9078125 0.665625 0.9078125 0.659375 0.9109375 0.65625 0.921875 0.6546875
2 0.1515625 0.678125 0.1578125 0.6890625 0.159375 0.6984375 0.1578125 0.7125 0.128125 0.728125 0.1234375 0.7375 0.11875 0.740625 0.10625 0.7390625 0.096875 0.7421875 0.0875 0.7390625 0.0875 0.7265625 0.103125 0.7 0.1203125 0.6859375 0.1421875 0.678125 0.15 0.678125
2 0.5796875 0.5984375 0.596875 0.6 0.6015625 0.609375 0.6015625 0.6203125 0.5984375 0.6265625 0.5953125 0.6296875 0.59375 0.628125 0.584375 0.6296875 0.58125 0.6234375 0.5796875 0.6
2 0.478125 0.5875 0.48125 0.590625 0.4828125 0.6015625 0.475 0.6125 0.4703125 0.6109375 0.453125 0.6125 0.4484375 0.609375 0.4484375 0.6 0.4515625 0.5953125 0.4546875 0.5953125 0.4625 0.5875 0.4765625 0.5875
2 0.4859375 0.5671875 0.4953125 0.5703125 0.4984375 0.578125 0.496875 0.584375 0.4875 0.5890625 0.48125 0.5890625 0.478125 0.584375 0.4671875 0.5828125 0.46875 0.5734375 0.484375 0.5671875
2 0.609375 0.6296875 0.6140625 0.6328125 0.6171875 0.6421875 0.6203125 0.6625 0.6203125 0.684375 0.6109375 0.6796875 0.603125 0.6796875 0.6 0.6828125 0.5953125 0.6828125 0.59375 0.66875 0.596875 0.6453125 0.5953125 0.6375 0.6 0.6296875 0.6078125 0.6296875
2 0.4703125 0.571875 0.4765625 0.5609375 0.4875 0.5609375 0.4875 0.5640625 0.48125 0.5734375 0.471875 0.571875
2 0.6046875 0.553125 0.6078125 0.553125 0.60625 0.5640625 0.603125 0.5609375 0.6046875 0.5546875
2 0.51875 0.6 0.5125 0.596875 0.503125 0.596875 0.4953125 0.603125 0.4921875 0.603125 0.49375 0.5921875 0.5046875 0.5828125 0.515625 0.5828125 0.521875 0.5859375 0.5203125 0.5984375
2 0.9125 0.7453125 0.915625 0.7515625 0.915625 0.76875 0.9125 0.771875 0.9109375 0.7796875 0.9078125 0.7796875 0.9046875 0.775 0.9046875 0.75 0.90625 0.746875 0.9109375 0.7453125
2 0.559375 0.55625 0.565625 0.55625 0.56875 0.559375 0.56875 0.5734375 0.559375 0.5765625 0.55625 0.56875 0.55625 0.5625 0.559375 0.5578125
2 0.5265625 0.553125 0.5296875 0.5609375 0.5234375 0.565625 0.51875 0.565625 0.51875 0.5546875 0.525 0.553125
2 0.23125 0.6203125 0.240625 0.6265625 0.2375 0.634375 0.228125 0.6421875 0.2203125 0.64375 0.2078125 0.653125 0.196875 0.6546875 0.1921875 0.6546875 0.1890625 0.65 0.1890625 0.6421875 0.2 0.63125 0.203125 0.625 0.2109375 0.621875 0.2296875 0.6203125
2 0.4015625 0.6 0.00703125 0.0296875
2 0.35625 0.578125 0.3609375 0.584375 0.3625 0.5921875 0.35 0.6015625 0.3390625 0.603125 0.3375 0.60625 0.33125 0.6046875 0.3296875 0.5953125 0.3375 0.5890625 0.34375 0.5796875 0.3546875 0.578125
2 0.515625 0.6 0.521875 0.60625 0.5234375 0.6125 0.5171875 0.6234375 0.5125 0.6234375 0.5078125 0.6203125 0.4921875 0.6203125 0.4890625 0.6171875 0.490625 0.6078125 0.5 0.6 0.5046875 0.5984375 0.5140625 0.6
2 0.2421875 0.628125 0.2546875 0.6265625 0.2609375 0.6296875 0.2625 0.6453125 0.259375 0.6515625 0.2453125 0.6546875 0.2375 0.6625 0.2171875 0.6625 0.215625 0.659375 0.2171875 0.646875 0.2203125 0.64375 0.2265625 0.64375 0.2421875 0.6296875
2 0.71875 0.6515625 0.74375 0.6609375 0.753125 0.66875 0.7546875 0.6734375 0.75625 0.68125 0.7546875 0.7 0.746875 0.70625 0.7359375 0.70625 0.73125 0.7109375 0.7265625 0.709375 0.715625 0.696875 0.709375 0.69375 0.7046875 0.69375 0.696875 0.6890625 0.69375 0.6890625 0.6890625 0.69375 0.6859375 0.6921875 0.6796875 0.678125 0.68125 0.6640625 0.684375 0.6609375 0.6921875 0.6578125 0.703125 0.6578125 0.7171875 0.6515625
2 0.4390625 0.578125 0.44375 0.5828125 0.44375 0.596875 0.4375 0.6015625 0.4328125 0.6 0.43125 0.59375 0.43125 0.5828125 0.4328125 0.5796875 0.4375 0.578125
2 0.7734375 0.615625 0.7921875 0.621875 0.8 0.6296875 0.7796875 0.6234375 0.7734375 0.6234375 0.765625 0.61875 0.771875 0.615625
2 0.4859375 0.56875 0.4890625 0.5671875 0.49375 0.56875 0.4984375 0.5765625 0.496875 0.5859375 0.4875 0.5875 0.4859375 0.5859375 0.4859375 0.5703125
2 0.509375 0.565625 0.5125 0.5734375 0.50625 0.58125 0.5015625 0.5828125 0.4984375 0.58125 0.4953125 0.5671875 0.5 0.5625 0.5046875 0.5625 0.5078125 0.565625