0 0.734375 0.603125 0.7484375 0.603125 0.771875 0.6109375 0.7875 0.6125 0.790625 0.615625 0.790625 0.625 0.8015625 0.63125 0.8046875 0.6421875 0.8015625 0.6515625 0.7921875 0.6515625 0.7859375 0.646875 0.7828125 0.6484375 0.771875 0.64375 0.7484375 0.6421875 0.740625 0.634375 0.7375 0.6359375 0.73125 0.6328125 0.734375 0.61875 0.7328125 0.6078125 0.734375 0.6046875
0 0.40625 0.5453125 0.4078125 0.5484375 0.4078125 0.565625 0.40625 0.5671875 0.4015625 0.5671875 0.3953125 0.5609375 0.3953125 0.55 0.4015625 0.54375 0.4046875 0.5453125
3 0.8859375 0.675 0.890625 0.6828125 0.890625 0.690625 0.8953125 0.696875 0.896875 0.7078125 0.8921875 0.7109375 0.884375 0.7015625 0.875 0.7015625 0.86875 0.69375 0.86875 0.6765625 0.8765625 0.684375 0.884375 0.6765625
3 0.4890625 0.5953125 0.4953125 0.6078125 0.4953125 0.6140625 0.4828125 0.615625 0.4828125 0.6078125 0.4875 0.596875
3 0.325 0.7515625 0.3296875 0.7546875 0.3375 0.753125 0.3390625 0.7578125 0.334375 0.7765625 0.3265625 0.784375 0.3234375 0.778125 0.325 0.753125
3 0.446875 0.6109375 0.45 0.6140625 0.4484375 0.628125 0.446875 0.6296875 0.4375 0.628125 0.440625 0.6140625 0.446875 0.6125
3 0.8921875 0.640625 0.896875 0.64375 0.9 0.6515625 0.90625 0.646875 0.9109375 0.653125 0.915625 0.6640625 0.9140625 0.6703125 0.890625 0.6640625 0.8890625 0.6609375 0.890625 0.6515625 0.8875 0.6484375 0.8875 0.6421875 0.890625 0.640625
3 0.8890625 0.609375 0.8921875 0.6140625 0.8921875 0.621875 0.884375 0.625 0.884375 0.615625 0.8875 0.6109375
3 0.334375 0.615625 0.3375 0.6171875 0.3421875 0.615625 0.3421875 0.6265625 0.3390625 0.628125 0.3328125 0.628125 0.334375 0.6171875
3 0.49807291666666664 0.5971759259259259 0.012777777777777732 0.018935185185185156
3 0.4828125 0.8578125 0.4796875 0.865625 0.4796875 0.884375 0.4828125 0.8859375 0.4828125 0.8921875 0.4890625 0.89375 0.496875 0.8890625 0.5015625 0.8890625 0.5 0.8984375 0.5015625 0.93125 0.496875 0.9375 0.49375 0.934375 0.490625 0.921875 0.478125 0.9046875 0.4734375 0.890625 0.475 0.8703125 0.478125 0.859375 0.48125 0.8578125
3 0.2796875 0.6359375 0.284375 0.6421875 0.284375 0.65625 0.28125 0.665625 0.2734375 0.671875 0.271875 0.6390625 0.278125 0.6359375
3 0.934375 0.7015625 0.9390625 0.70625 0.9390625 0.7109375 0.93125 0.7234375 0.93125 0.7328125 0.9140625 0.728125 0.909375 0.7171875 0.9109375 0.70625 0.915625 0.7046875 0.9203125 0.7203125 0.9234375 0.7234375 0.9265625 0.7171875 0.9265625 0.7109375 0.9296875 0.7046875 0.9328125 0.703125
3 0.8203125 0.621875 0.828125 0.628125 0.834375 0.6390625 0.834375 0.6484375 0.8296875 0.6484375 0.825 0.64375 0.8125 0.64375 0.809375 0.640625 0.8109375 0.63125 0.8203125 0.6234375
3 0.4453125 0.56875 0.4515625 0.56875 0.453125 0.571875 0.4515625 0.5796875 0.4484375 0.5828125 0.44375 0.571875 0.4453125 0.5703125
5 0.3484375 0.628125 0.3515625 0.6328125 0.353125 0.64375 0.3515625 0.6703125 0.3484375 0.6734375 0.3484375 0.678125 0.34375 0.684375 0.3265625 0.684375 0.321875 0.6875 0.3171875 0.6828125 0.3203125 0.6703125 0.321875 0.640625 0.33125 0.6296875 0.346875 0.628125
5 0.375 0.7796875 0.384375 0.7859375 0.41875 0.8234375 0.4234375 0.8515625 0.421875 0.853125 0.4234375 0.88125 0.41875 0.8984375 0.4171875 0.915625 0.3984375 0.934375 0.378125 0.946875 0.3671875 0.959375 0.346875 0.95 0.340625 0.9265625 0.3265625 0.909375 0.315625 0.8875 0.303125 0.875 0.2984375 0.8515625 0.303125 0.8203125 0.325 0.796875 0.3421875 0.7859375 0.35 0.784375 0.3625 0.7765625 0.3703125 0.7765625 0.3734375 0.7796875
5 0.7 0.584375 0.7078125 0.5875 0.7140625 0.596875 0.715625 0.609375 0.7125 0.6140625 0.6921875 0.5953125 0.6828125 0.5953125 0.6734375 0.603125 0.6703125 0.6 0.6703125 0.584375 0.6734375 0.58125 0.684375 0.5796875 0.6984375 0.584375
1 0.928125 0.596875 0.9375 0.596875 0.94375 0.6 0.9703125 0.603125 0.9859375 0.6078125 0.984375 0.671875 0.9796875 0.68125 0.9734375 0.68125 0.9609375 0.671875 0.9453125 0.6703125 0.9421875 0.665625 0.9203125 0.65625 0.921875 0.615625 0.925 0.6015625 0.928125 0.5984375
2 0.446875 0.5265625 0.45 0.5296875 0.4484375 0.5375 0.4421875 0.534375 0.4421875 0.528125 0.4453125 0.5265625
2 0.521875 0.5796875 0.5265625 0.58125 0.53125 0.5875 0.53125 0.6 0.5203125 0.5984375 0.5109375 0.6015625 0.5046875 0.5984375 0.5046875 0.584375 0.5109375 0.5796875 0.5140625 0.58125 0.5203125 0.5796875
2 0.415625 0.603125 0.428125 0.6140625 0.4265625 0.6265625 0.4109375 0.628125 0.403125 0.6359375 0.3890625 0.6328125 0.3859375 0.6296875 0.3859375 0.6140625 0.3890625 0.60625 0.3953125 0.6015625 0.4015625 0.603125 0.4125 0.6015625 0.4140625 0.603125
2 0.51875 0.54375 0.5265625 0.5484375 0.528125 0.55625 0.515625 0.5578125 0.5140625 0.55 0.5171875 0.5453125
2 0.484375 0.55 0.490625 0.5578125 0.4890625 0.565625 0.484375 0.565625 0.4796875 0.559375 0.4703125 0.553125 0.4703125 0.5484375 0.4734375 0.5453125 0.478125 0.5453125 0.4828125 0.55
2 0.55 0.5859375 0.565625 0.584375 0.565625 0.60625 0.5625 0.609375 0.55 0.6078125 0.5484375 0.603125 0.55 0.5875
2 0.43565393518518525 0.5926331018518518 0.03952546296296289 0.03182870370370363
2 0.6578125 0.5984375 0.665625 0.6015625 0.6765625 0.6125 0.678125 0.6203125 0.6734375 0.6265625 0.6640625 0.621875 0.6453125 0.6203125 0.6421875 0.6171875 0.64375 0.603125 0.6484375 0.5984375 0.65625 0.5984375
2 0.2453125 0.596875 0.2578125 0.590625 0.2640625 0.5921875 0.2640625 0.6171875 0.259375 0.6234375 0.2546875 0.6234375 0.2546875 0.6078125 0.253125 0.60625 0.2546875 0.603125 0.253125 0.6015625 0.2453125 0.603125 0.24375 0.6015625 0.2453125 0.5984375
2 0.4953125 0.55625 0.503125 0.5546875 0.5140625 0.559375 0.515625 0.5625 0.515625 0.56875 0.5125 0.5734375 0.503125 0.578125 0.4953125 0.571875 0.496875 0.5703125 0.49375 0.5640625 0.4953125 0.5578125
2 0.6921875 0.596875 0.7140625 0.6140625 0.7125 0.621875 0.709375 0.625 0.6984375 0.625 0.6921875 0.6203125 0.6796875 0.61875 0.671875 0.60625 0.6765625 0.6 0.6828125 0.596875 0.690625 0.596875
2 0.6328125 0.5828125 0.6375 0.5828125 0.6484375 0.5953125 0.6390625 0.609375 0.6328125 0.609375 0.6296875 0.6046875 0.6296875 0.5875 0.6328125 0.584375
2 0.51875 0.5703125 0.5296875 0.5765625 0.5328125 0.5828125 0.53125 0.5859375 0.5234375 0.5828125 0.5078125 0.5828125 0.5078125 0.578125 0.5171875 0.5703125
2 0.5234375 0.5625 0.53125 0.5640625 0.540625 0.5734375 0.5421875 0.5828125 0.5390625 0.5875 0.534375 0.5890625 0.525 0.575 0.515625 0.5734375 0.521875 0.5640625
2 0.978125 0.7109375 0.98125 0.7140625 0.98125 0.71875 0.9796875 0.7203125 0.9796875 0.7625 0.9765625 0.778125 0.9625 0.76875 0.946875 0.7671875 0.934375 0.75 0.93125 0.7359375 0.934375 0.71875 0.9421875 0.709375 0.9703125 0.7078125 0.9765625 0.7109375
2 0.3796875 0.6796875 0.390625 0.703125 0.3890625 0.728125 0.3859375 0.734375 0.375 0.734375 0.3609375 0.740625 0.3578125 0.740625 0.353125 0.73125 0.3421875 0.7234375 0.34375 0.715625 0.3421875 0.6953125 0.34375 0.690625 0.3609375 0.6765625 0.375 0.6765625 0.378125 0.6796875
2 0.546875 0.5828125 0.5484375 0.5765625 0.553125 0.571875 0.565625 0.5734375 0.5671875 0.575 0.565625 0.5859375 0.5546875 0.584375 0.5484375 0.5875 0.5484375 0.584375
2 0.428125 0.5390625 0.4296875 0.5546875 0.425 0.55625 0.4203125 0.5546875 0.4203125 0.5421875 0.4234375 0.5375 0.4265625 0.5390625
2 0.4478356481481482 0.5612094907407408 0.014409722222222232 0.02364583333333332