2 0.33363425925925927 0.7461805555555555 0.05682870370370372 0.07854166666666665
2 0.49278356481481483 0.6114293981481481 0.039282407407407405 0.029976851851851904
2 0.9693576388888889 0.7219849537037037 0.042581018518518476 0.05343750000000007
5 0.41220486111111115 0.8069155092592591 0.12612268518518518 0.15248842592592596
2 0.18605902777777777 0.7560243055555554 0.07267361111111112 0.10834490740740747
1 0.9455497685185186 0.7772743055555555 0.08184027777777772 0.08028935185185197
2 0.722644675925926 0.636568287037037 0.03925925925925924 0.026851851851851904
2 0.5529108796296296 0.6079687500000001 0.03775462962962965 0.034652777777777644
2 0.25191550925925926 0.6822974537037038 0.08487268518518523 0.06781250000000014
2 0.3517361111111111 0.6588194444444444 0.042581018518518476 0.05343750000000007
4 0.8365219907407407 0.7178761574074074 0.08643518518518505 0.06782407407407405
2 0.36390625 0.614380787037037 0.042488425925925985 0.04093750000000007
2 0.3435300925925926 0.6056365740740741 0.02833333333333332 0.0283333333333335