3 0.73125 0.5859375 0.7359375 0.590625 0.7359375 0.6 0.73125 0.6 0.7265625 0.596875 0.7265625 0.5890625 0.7296875 0.5875
3 0.51875 0.60625 0.5234375 0.6140625 0.5234375 0.6234375 0.5125 0.6234375 0.5109375 0.6203125 0.5125 0.6109375 0.5171875 0.60625
3 0.6640625 0.6578125 0.66875 0.6671875 0.66875 0.6984375 0.6625 0.6953125 0.6609375 0.678125 0.6578125 0.6734375 0.6578125 0.6671875 0.6625 0.659375
3 0 0.76875 0.003125 0.76875 0.0046875 0.784375 0.0046875 0.7921875 0.0015625 0.803125 0 0.803125 0 0.7703125
3 0.2015625 0.6 0.203125 0.6015625 0.2015625 0.61875 0.1921875 0.621875 0.1828125 0.6203125 0.1828125 0.609375 0.1859375 0.60625 0.1859375 0.6015625 0.2 0.6
3 0.934375 0.725 0.9328125 0.73125 0.9296875 0.7328125 0.921875 0.7609375 0.9203125 0.734375 0.9265625 0.73125 0.928125 0.725 0.9328125 0.725
3 0.24140625 0.6015625 0.01953125 0.02109375
3 0.3421875 0.5984375 0.3453125 0.6 0.3453125 0.6125 0.3421875 0.6140625 0.3328125 0.6125 0.3328125 0.60625 0.3375 0.6 0.340625 0.6
5 0.59375 0.5671875 0.6015625 0.571875 0.6015625 0.584375 0.5921875 0.59375 0.5859375 0.5921875 0.5859375 0.56875 0.5921875 0.5671875
5 0.628125 0.6109375 0.64375 0.61875 0.65 0.628125 0.65 0.659375 0.64375 0.6625 0.6421875 0.6609375 0.6234375 0.6609375 0.615625 0.6515625 0.6125 0.6515625 0.6109375 0.6453125 0.6125 0.6140625 0.615625 0.6109375 0.6265625 0.6109375
2 0.6578125 0.61875 0.03828125 0.0328125
2 0.60625 0.69375 0.621875 0.6953125 0.628125 0.7 0.634375 0.7125 0.6328125 0.7375 0.63125 0.7453125 0.6265625 0.753125 0.6265625 0.765625 0.6140625 0.7578125 0.6015625 0.75625 0.5953125 0.7609375 0.59375 0.7578125 0.5921875 0.734375 0.5953125 0.715625 0.6 0.6984375 0.6015625 0.6953125 0.6046875 0.6953125
2 0.5421875 0.546875 0.54375 0.55 0.5328125 0.5578125 0.53125 0.5484375 0.534375 0.5453125 0.540625 0.546875
2 0.525 0.5828125 0.53125 0.590625 0.5296875 0.6 0.5265625 0.603125 0.521875 0.603125 0.51875 0.5984375 0.5015625 0.603125 0.5 0.5984375 0.5 0.5921875 0.5046875 0.5875 0.5125 0.5828125 0.5234375 0.5828125
2 0.5578125 0.5859375 0.5578125 0.5703125 0.5609375 0.5671875 0.565625 0.5671875 0.56875 0.571875 0.56875 0.584375 0.559375 0.5859375
2 0.7265625 0.6046875 0.7390625 0.6046875 0.7484375 0.6125 0.7484375 0.615625 0.7421875 0.6109375 0.7375 0.615625 0.734375 0.6328125 0.73125 0.634375 0.7265625 0.6265625 0.728125 0.615625 0.7265625 0.60625
2 0.3203125 0.590625 0.334375 0.584375 0.3421875 0.584375 0.3453125 0.5890625 0.3453125 0.603125 0.3421875 0.6015625 0.33125 0.6078125 0.3203125 0.6078125 0.315625 0.603125 0.3125 0.603125 0.3140625 0.596875 0.3203125 0.5921875
2 0.4328125 0.609375 0.43125 0.6 0.4328125 0.590625 0.440625 0.590625 0.44375 0.5953125 0.4421875 0.609375 0.434375 0.609375
2 0.4671875 0.5703125 0.471875 0.571875 0.4734375 0.575 0.471875 0.58125 0.4625 0.590625 0.4546875 0.59375 0.45 0.5921875 0.4484375 0.5859375 0.45625 0.575 0.465625 0.5703125
2 0.6078125 0.5875 0.6125 0.590625 0.615625 0.596875 0.615625 0.609375 0.609375 0.6140625 0.609375 0.61875 0.603125 0.61875 0.5984375 0.615625 0.59375 0.60625 0.59375 0.5921875 0.5984375 0.5875 0.60625 0.5875
2 0.484375 0.575 0.4875 0.5765625 0.4890625 0.584375 0.4875 0.5875 0.4859375 0.5859375 0.46875 0.5859375 0.4671875 0.5890625 0.4703125 0.58125 0.475 0.5765625 0.4828125 0.575
2 0.2859375 0.5921875 0.2953125 0.5953125 0.296875 0.5984375 0.2953125 0.60625 0.2859375 0.6140625 0.265625 0.6171875 0.259375 0.615625 0.2578125 0.609375 0.2734375 0.5953125 0.284375 0.5921875
2 0.5015625 0.5625 0.5046875 0.56875 0.5046875 0.584375 0.4921875 0.5875 0.4875 0.584375 0.4875 0.575 0.490625 0.5671875 0.4953125 0.5625 0.5 0.5625
2 0.3140625 0.6046875 0.3203125 0.6125 0.31875 0.628125 0.315625 0.63125 0.3078125 0.6296875 0.29375 0.6328125 0.290625 0.6375 0.2828125 0.6375 0.2765625 0.634375 0.275 0.6296875 0.2765625 0.621875 0.28125 0.6171875 0.2859375 0.6171875 0.3015625 0.6046875 0.3125 0.6046875
2 0.3984375 0.575 0.403125 0.575 0.403125 0.59375 0.4015625 0.5953125 0.3984375 0.5953125 0.3984375 0.5765625
2 0.2203125 0.63359375 0.053125 0.04140625
2 0.59375 0.6296875 0.5984375 0.634375 0.603125 0.646875 0.603125 0.6625 0.6015625 0.6640625 0.584375 0.6625 0.578125 0.6515625 0.578125 0.6359375 0.584375 0.6296875 0.5921875 0.6296875
2 0.3578125 0.60234375 0.0234375 0.0328125
2 0.815625 0.68125 0.853125 0.6953125 0.8625 0.703125 0.865625 0.7203125 0.865625 0.7453125 0.853125 0.75 0.8421875 0.746875 0.8296875 0.7484375 0.81875 0.7375 0.784375 0.7203125 0.7765625 0.721875 0.7671875 0.7140625 0.7640625 0.7015625 0.7703125 0.6890625 0.778125 0.6859375 0.7953125 0.684375 0.8 0.68125 0.8140625 0.68125
2 0 0.6296875 0.00625 0.63125 0.0078125 0.6359375 0.0078125 0.64375 0 0.6484375 0 0.63125
2 0.4875 0.559375 0.490625 0.5640625 0.484375 0.5765625 0.4765625 0.5734375 0.475 0.5625 0.4828125 0.5578125 0.4859375 0.559375
2 0.69375 0.678125 0.7109375 0.68125 0.7171875 0.6875 0.7234375 0.715625 0.7234375 0.7375 0.7203125 0.7390625 0.715625 0.7328125 0.7015625 0.7296875 0.69375 0.73125 0.690625 0.7359375 0.6875 0.734375 0.6859375 0.6859375 0.6921875 0.6796875
2 0.484375 0.5859375 0.4890625 0.5890625 0.4890625 0.6046875 0.4859375 0.609375 0.4765625 0.60625 0.4765625 0.6015625 0.46875 0.59375 0.4640625 0.5921875 0.4671875 0.5875 0.4734375 0.584375 0.4828125 0.5859375
2 0.75625 0.6125 0.7625 0.615625 0.775 0.615625 0.784375 0.61875 0.79375 0.6234375 0.796875 0.6296875 0.7890625 0.628125 0.7859375 0.625 0.7734375 0.6234375 0.7703125 0.6203125 0.75625 0.61875 0.7515625 0.6234375 0.7515625 0.6296875 0.7484375 0.63125 0.7484375 0.634375 0.75 0.6140625 0.7546875 0.6125
2 0.50859375 0.56015625 0.0109375 0.01796875
2 0.046875 0.59375 0.0625 0.5953125 0.059375 0.6015625 0.0453125 0.6078125 0.0421875 0.6203125 0.0390625 0.621875 0.0359375 0.61875 0.0359375 0.6078125 0.0390625 0.5984375 0.0453125 0.5953125
2 0.4671875 0.5921875 0.4765625 0.603125 0.475 0.615625 0.45 0.6140625 0.4453125 0.6125 0.44375 0.609375 0.44375 0.603125 0.45 0.5953125 0.465625 0.5921875
2 0.5640625 0.53125 0.5671875 0.53125 0.56875 0.534375 0.5671875 0.5390625 0.5625 0.5390625 0.5640625 0.5328125