4 0.56875 0.575 0.5703125 0.5765625 0.56875 0.5984375 0.5578125 0.596875 0.5515625 0.6 0.55 0.6 0.5484375 0.5921875 0.5484375 0.5734375 0.5609375 0.571875 0.5671875 0.575
4 0.721875 0.63125 0.734375 0.634375 0.7390625 0.6421875 0.75 0.6515625 0.75 0.66875 0.7484375 0.6703125 0.7359375 0.66875 0.73125 0.6625 0.7265625 0.6609375 0.7234375 0.6625 0.7140625 0.6546875 0.7125 0.6484375 0.70625 0.6421875 0.7 0.640625 0.7 0.6359375 0.7046875 0.6328125 0.709375 0.634375 0.7203125 0.63125
4 0.9125 0.7203125 0.9234375 0.721875 0.928125 0.725 0.9515625 0.7265625 0.959375 0.7328125 0.9671875 0.734375 0.971875 0.7390625 0.978125 0.740625 0.9828125 0.7453125 0.9796875 0.7859375 0.9765625 0.7984375 0.9703125 0.7984375 0.9640625 0.784375 0.959375 0.7796875 0.95625 0.7796875 0.9515625 0.7734375 0.9453125 0.771875 0.9375 0.765625 0.93125 0.765625 0.925 0.7625 0.9171875 0.7640625 0.9140625 0.7609375 0.9125 0.7515625 0.903125 0.7390625 0.9046875 0.7265625 0.9109375 0.7203125
3 0.8828125 0.65625 0.884375 0.6765625 0.878125 0.678125 0.878125 0.6625 0.8828125 0.6578125
3 0.4109375 0.5796875 0.4140625 0.5828125 0.4125 0.5984375 0.4109375 0.5984375 0.4078125 0.5921875 0.4109375 0.58125
3 0.6453125 0.6265625 0.65 0.63125 0.6484375 0.64375 0.64375 0.64375 0.6375 0.6390625 0.6390625 0.628125 0.64375 0.6265625
5 0.528125 0.6 0.5375 0.6046875 0.5453125 0.6046875 0.5515625 0.6109375 0.553125 0.6265625 0.55 0.63125 0.5171875 0.628125 0.515625 0.625 0.5171875 0.6015625 0.5265625 0.6
5 0.7671875 0.6484375 0.7734375 0.6515625 0.7796875 0.6515625 0.7828125 0.6546875 0.790625 0.6546875 0.803125 0.6671875 0.8078125 0.66875 0.8171875 0.6828125 0.8140625 0.7 0.7984375 0.6984375 0.79375 0.69375 0.7859375 0.6921875 0.7796875 0.6875 0.7609375 0.6859375 0.7515625 0.6765625 0.75 0.6703125 0.753125 0.665625 0.7546875 0.65 0.759375 0.646875 0.765625 0.6484375
5 0.559375 0.596875 0.5671875 0.6 0.5671875 0.6125 0.5640625 0.621875 0.559375 0.621875 0.553125 0.6125 0.5546875 0.6109375 0.553125 0.603125 0.5546875 0.5984375 0.5578125 0.5984375
1 0.515625 0.5546875 0.51875 0.5578125 0.5234375 0.5578125 0.528125 0.5625 0.5265625 0.578125 0.521875 0.58125 0.5171875 0.5796875 0.5171875 0.5765625 0.5078125 0.5671875 0.50625 0.5625 0.50625 0.55625 0.5109375 0.553125 0.5140625 0.5546875
1 0.634375 0.584375 0.665625 0.590625 0.66875 0.59375 0.6734375 0.59375 0.678125 0.5984375 0.6765625 0.6171875 0.6671875 0.621875 0.66875 0.628125 0.6671875 0.6328125 0.6640625 0.6359375 0.659375 0.6328125 0.653125 0.634375 0.64375 0.61875 0.634375 0.6125 0.63125 0.6078125 0.634375 0.5859375
2 0.4 0.5359375 0.4046875 0.5359375 0.40625 0.540625 0.40625 0.54375 0.4 0.546875 0.3984375 0.5453125 0.4 0.5375
2 0.9171875 0.64375 0.9296875 0.64375 0.9328125 0.646875 0.9328125 0.6578125 0.9265625 0.6578125 0.9171875 0.6484375 0.9171875 0.6453125
2 0.5046875 0.578125 0.509375 0.58125 0.5140625 0.58125 0.5203125 0.5890625 0.521875 0.59375 0.5171875 0.6 0.509375 0.6 0.5 0.59375 0.4984375 0.58125 0.503125 0.578125
2 0.2609375 0.5875 0.26875 0.590625 0.265625 0.6125 0.2625 0.6140625 0.253125 0.6 0.246875 0.6015625 0.240625 0.5984375 0.246875 0.5921875 0.259375 0.5890625
2 0.49405671296296294 0.5723784722222222 0.014201388888888911 0.01885416666666666
2 0.075 0.61875 0.0796875 0.6203125 0.08125 0.6234375 0.0796875 0.6296875 0.075 0.6296875 0.065625 0.634375 0.0640625 0.6328125 0.0578125 0.634375 0.05 0.6390625 0.040625 0.6375 0.040625 0.6265625 0.0453125 0.6203125 0.0609375 0.6171875 0.0734375 0.61875
2 0.5328125 0.5765625 0.5421875 0.5765625 0.5453125 0.58125 0.5390625 0.590625 0.534375 0.5921875 0.5296875 0.5859375 0.5296875 0.58125 0.5328125 0.578125
2 0.4203125 0.5515625 0.421875 0.559375 0.415625 0.5640625 0.4125 0.5625 0.4140625 0.5578125 0.4125 0.553125 0.41875 0.5515625
2 0.9 0.640625 0.903125 0.646875 0.9 0.659375 0.8890625 0.659375 0.8828125 0.653125 0.8828125 0.646875 0.8859375 0.640625 0.8890625 0.6390625 0.8984375 0.640625
2 0.95625 0.659375 0.9625 0.671875 0.9625 0.68125 0.959375 0.684375 0.953125 0.684375 0.9453125 0.678125 0.94375 0.6703125 0.9390625 0.665625 0.9421875 0.6578125 0.9546875 0.659375
2 0.6828125 0.6421875 0.6921875 0.640625 0.7046875 0.64375 0.7046875 0.646875 0.7109375 0.6515625 0.721875 0.665625 0.721875 0.6765625 0.7171875 0.678125 0.7078125 0.678125 0.703125 0.671875 0.690625 0.665625 0.6828125 0.6671875 0.6765625 0.6578125 0.6765625 0.6515625 0.6828125 0.64375
2 0.215625 0.5953125 0.2296875 0.596875 0.2234375 0.6015625 0.21875 0.603125 0.215625 0.6015625 0.196875 0.6078125 0.19375 0.60625 0.1984375 0.6015625 0.2140625 0.596875
2 0.784375 0.6484375 0.7890625 0.646875 0.796875 0.6484375 0.81875 0.6671875 0.815625 0.678125 0.8015625 0.6671875 0.79375 0.65625 0.784375 0.653125 0.784375 0.65
2 0.678125 0.6296875 0.6921875 0.6328125 0.696875 0.6359375 0.696875 0.640625 0.6875 0.6390625 0.6828125 0.6421875 0.6765625 0.6515625 0.6734375 0.6515625 0.6703125 0.6484375 0.66875 0.6390625 0.6765625 0.63125
2 0.5 0.56875 0.50625 0.56875 0.5125 0.571875 0.515625 0.578125 0.515625 0.58125 0.5078125 0.58125 0.5046875 0.578125 0.5 0.578125 0.5 0.5703125
2 0.4234375 0.546875 0.4265625 0.546875 0.4296875 0.553125 0.428125 0.5609375 0.4203125 0.559375 0.4234375 0.5484375
2 0.63125 0.6234375 0.6375 0.63125 0.6359375 0.6421875 0.628125 0.6453125 0.628125 0.63125 0.63125 0.625