0 0.060367476851851856 0.7360474537037037 0.12073495370370371 0.1097569444444444
3 0.671875 0.6765625 0.675 0.678125 0.678125 0.684375 0.6859375 0.684375 0.690625 0.6890625 0.690625 0.7015625 0.6859375 0.7078125 0.678125 0.6984375 0.671875 0.6953125 0.6703125 0.690625 0.671875 0.678125
3 0.5578125 0.9671875 0.565625 0.9734375 0.5671875 0.9828125 0.5703125 0.9890625 0.575 0.9921875 0.578125 0.990625 0.5796875 0.9828125 0.5828125 0.9796875 0.5765625 0.971875 0.578125 0.96875 0.5859375 0.96875 0.5859375 0.9890625 0.5828125 0.9984375 0.55 0.996875 0.5484375 0.978125 0.55625 0.96875
3 0.6515625 0.721875 0.6609375 0.721875 0.6640625 0.7265625 0.6625 0.746875 0.6546875 0.75 0.6515625 0.746875 0.653125 0.74375 0.6515625 0.7234375
3 0.65 0.7671875 0.6484375 0.775 0.65 0.78125 0.64375 0.79375 0.640625 0.7921875 0.6390625 0.78125 0.6359375 0.778125 0.6359375 0.765625 0.64375 0.7609375 0.6484375 0.7671875
3 0.63125 0.65 0.6359375 0.6625 0.6359375 0.6765625 0.63125 0.678125 0.628125 0.671875 0.628125 0.6515625 0.6296875 0.6515625
3 0.6453125 0.65 0.65 0.6515625 0.6515625 0.6546875 0.6515625 0.665625 0.6484375 0.66875 0.64375 0.6609375 0.6453125 0.6515625
3 0.2828125 0.6296875 0.2859375 0.634375 0.2859375 0.6484375 0.2796875 0.6515625 0.2734375 0.65 0.271875 0.640625 0.275 0.6328125 0.28125 0.6296875
3 0.35397569444444443 0.6287499999999999 0.011099537037037033 0.022037037037037077
3 0.6859375 0.684375 0.690625 0.6890625 0.690625 0.7015625 0.6859375 0.7078125 0.68125 0.7 0.6796875 0.6890625 0.684375 0.684375
3 0.728125 0.6015625 0.734375 0.603125 0.7390625 0.6125 0.7390625 0.615625 0.7359375 0.6171875 0.728125 0.615625 0.7265625 0.6109375 0.728125 0.603125
3 0.6734375 0.6984375 0.6796875 0.703125 0.6796875 0.725 0.675 0.728125 0.671875 0.7171875 0.6734375 0.7
3 0.6359375 0.6265625 0.6375 0.63125 0.6359375 0.646875 0.63125 0.6453125 0.6296875 0.6390625 0.6296875 0.6296875 0.634375 0.6265625
3 0.5015625 0.946875 0.5109375 0.9578125 0.5125 0.96875 0.5109375 0.9984375 0.496875 0.9984375 0.496875 0.9953125 0.5 0.99375 0.4984375 0.984375 0.5015625 0.971875 0.49375 0.9546875 0.496875 0.9484375 0.5 0.946875
4 0.496875 0.5875 0.5015625 0.596875 0.5015625 0.61875 0.49375 0.634375 0.4859375 0.6359375 0.46875 0.6328125 0.4625 0.6234375 0.4609375 0.6125 0.4640625 0.6015625 0.4625 0.590625 0.4703125 0.5921875 0.478125 0.5890625 0.4953125 0.5890625
4 0.2953125 0.5828125 0.2984375 0.596875 0.296875 0.6171875 0.2828125 0.621875 0.2796875 0.6203125 0.2703125 0.625 0.2640625 0.621875 0.259375 0.609375 0.253125 0.60625 0.2515625 0.596875 0.253125 0.5921875 0.259375 0.5859375 0.2625 0.5875 0.271875 0.584375 0.29375 0.5828125
2 0.728125 0.621875 0.7390625 0.621875 0.746875 0.6265625 0.746875 0.6296875 0.7421875 0.628125 0.7375 0.6328125 0.7375 0.6390625 0.7328125 0.65 0.728125 0.646875 0.7265625 0.6421875 0.728125 0.6234375
2 0.196875 0.6703125 0.203125 0.6765625 0.2015625 0.6796875 0.203125 0.6875 0.2 0.6984375 0.1859375 0.7015625 0.18125 0.70625 0.178125 0.70625 0.1703125 0.715625 0.1640625 0.7140625 0.1578125 0.7171875 0.146875 0.715625 0.1453125 0.7125 0.146875 0.6984375 0.15625 0.6875 0.15625 0.684375 0.1640625 0.6765625 0.175 0.6703125 0.1953125 0.6703125
2 0.6265625 0.7109375 0.6265625 0.734375 0.6234375 0.7375 0.621875 0.746875 0.6171875 0.7546875 0.6046875 0.75 0.590625 0.7515625 0.5875 0.7453125 0.5890625 0.7296875 0.59375 0.7171875 0.59375 0.7109375 0.5984375 0.7046875 0.6125 0.7046875 0.625 0.7109375
2 0.565625 0.615625 0.5734375 0.6234375 0.5734375 0.6375 0.5703125 0.6421875 0.5625 0.6453125 0.5484375 0.6375 0.5421875 0.640625 0.5359375 0.6390625 0.534375 0.6296875 0.5375 0.621875 0.55 0.615625 0.5546875 0.6140625 0.5640625 0.615625
2 0.5888599537037036 0.6689525462962963 0.0315509259259259 0.04108796296296298
2 0.7671875 0.63125 0.7796875 0.63125 0.7875 0.634375 0.7890625 0.6375 0.8 0.64375 0.7984375 0.646875 0.7765625 0.6390625 0.7734375 0.6359375 0.76875 0.6359375 0.7671875 0.6328125
2 0.1125 0.6453125 0.115625 0.659375 0.1015625 0.6703125 0.0953125 0.6703125 0.0890625 0.6734375 0.0828125 0.6734375 0.08125 0.6703125 0.08125 0.6640625 0.0859375 0.65625 0.0953125 0.653125 0.103125 0.6453125 0.1109375 0.6453125
2 0.1828125 0.6453125 0.1953125 0.6484375 0.196875 0.6703125 0.1953125 0.66875 0.1734375 0.6703125 0.1546875 0.68125 0.1546875 0.6703125 0.1578125 0.665625 0.165625 0.6625 0.16875 0.65625 0.18125 0.646875
2 0.259375 0.6328125 0.2671875 0.634375 0.271875 0.6421875 0.26875 0.6609375 0.259375 0.665625 0.2484375 0.6671875 0.2421875 0.6734375 0.2296875 0.675 0.2265625 0.675 0.221875 0.66875 0.2234375 0.65625 0.2359375 0.6390625 0.2578125 0.6328125
2 0.2234375 0.6421875 0.225 0.640625 0.2234375 0.6265625 0.23125 0.61875 0.2421875 0.6140625 0.2578125 0.6125 0.2625 0.6171875 0.2640625 0.63125 0.259375 0.6328125 0.253125 0.63125 0.2453125 0.6359375 0.2390625 0.6359375 0.228125 0.646875 0.225 0.64375
2 0.3359375 0.60625 0.340625 0.6109375 0.340625 0.6234375 0.3359375 0.63125 0.3328125 0.6234375 0.325 0.615625 0.31875 0.61875 0.3125 0.6171875 0.3140625 0.609375 0.33125 0.6046875 0.334375 0.60625
2 0.328125 0.61875 0.334375 0.6328125 0.3328125 0.6390625 0.3203125 0.64375 0.31875 0.646875 0.30625 0.6484375 0.3 0.653125 0.290625 0.653125 0.2875 0.65 0.2890625 0.6359375 0.3078125 0.6203125 0.3234375 0.6171875 0.3265625 0.61875
2 0.593576388888889 0.5596354166666666 0.009490740740740744 0.01576388888888891
5 0.1578125 0.665625 0.1640625 0.6640625 0.1703125 0.6546875 0.1828125 0.6453125 0.1921875 0.646875 0.196875 0.6515625 0.196875 0.6703125 0.1890625 0.66875 0.171875 0.6703125 0.1546875 0.684375 0.153125 0.6734375 0.1578125 0.6671875
5 0.2578125 0.6328125 0.2546875 0.63125 0.2421875 0.6375 0.2359375 0.6375 0.2265625 0.646875 0.2234375 0.6265625 0.2375 0.615625 0.2578125 0.6125 0.2640625 0.621875 0.2640625 0.6296875 0.259375 0.63125
5 0.0859375 0.6765625 0.0984375 0.675 0.115625 0.665625 0.125 0.665625 0.1453125 0.659375 0.1484375 0.6640625 0.1515625 0.6859375 0.1515625 0.690625 0.1453125 0.696875 0.140625 0.709375 0.13125 0.709375 0.121875 0.7125 0.121875 0.6890625 0.115625 0.684375 0.0953125 0.6859375 0.0796875 0.6953125 0.0734375 0.6953125 0.078125 0.6859375 0.0859375 0.678125
5 0.21875 0.6296875 0.2234375 0.634375 0.2234375 0.6546875 0.21875 0.6671875 0.2109375 0.675 0.2015625 0.671875 0.196875 0.6640625 0.1984375 0.65625 0.196875 0.6515625 0.19375 0.6484375 0.1875 0.6484375 0.1828125 0.6453125 0.1828125 0.6421875 0.1921875 0.634375 0.1984375 0.634375 0.2046875 0.63125 0.2171875 0.63125
5 0.3093923611111111 0.6351215277777778 0.048703703703703694 0.036655092592592545
5 0.1828125 0.640625 0.19375 0.634375 0.2046875 0.63125 0.221875 0.63125 0.2234375 0.6328125 0.2234375 0.6546875 0.2171875 0.66875 0.209375 0.675 0.196875 0.66875 0.178125 0.66875 0.1671875 0.671875 0.1578125 0.6796875 0.1546875 0.678125 0.1546875 0.671875 0.1578125 0.665625 0.1625 0.665625 0.1828125 0.6421875
5 0.4424884259259259 0.5988078703703703 0.03619212962962966 0.03490740740740739
5 0.61875 0.615625 0.621875 0.621875 0.621875 0.6421875 0.6171875 0.6484375 0.603125 0.646875 0.59375 0.6421875 0.5921875 0.6375 0.5921875 0.6171875 0.5953125 0.6125 0.60625 0.6109375 0.6140625 0.6125 0.6171875 0.615625