0 0.2734375 0.5984375 0.275 0.6 0.2734375 0.6109375 0.275 0.625 0.271875 0.628125 0.265625 0.628125 0.259375 0.6359375 0.25 0.634375 0.2375 0.6359375 0.2328125 0.6390625 0.221875 0.6390625 0.2140625 0.64375 0.2046875 0.640625 0.2046875 0.634375 0.209375 0.625 0.2140625 0.6203125 0.221875 0.6171875 0.2234375 0.60625 0.259375 0.596875 0.271875 0.5984375
0 0.2796875 0.625 0.2796875 0.615625 0.2828125 0.6109375 0.2828125 0.60625 0.290625 0.5984375 0.3 0.6 0.3046875 0.596875 0.321875 0.5953125 0.325 0.5921875 0.3359375 0.590625 0.340625 0.590625 0.34375 0.5984375 0.3421875 0.61875 0.33125 0.6234375 0.3046875 0.6265625 0.29375 0.63125 0.2875 0.63125 0.28125 0.625
0 0.6640625 0.6734375 0.671875 0.68125 0.6703125 0.6828125 0.671875 0.7546875 0.6625 0.759375 0.64375 0.75625 0.64375 0.753125 0.634375 0.7453125 0.6359375 0.721875 0.6390625 0.715625 0.6375 0.7015625 0.6390625 0.68125 0.646875 0.671875 0.6625 0.6734375
3 0.675 0.65625 0.6796875 0.659375 0.6796875 0.6734375 0.675 0.678125 0.671875 0.678125 0.6640625 0.66875 0.665625 0.659375 0.6734375 0.6578125
3 0.5514872685185186 0.9954803240740742 0.04253472222222223 0.009039351851851762
3 0.159375 0.65 0.1609375 0.6359375 0.1671875 0.6296875 0.1703125 0.6328125 0.1703125 0.64375 0.1609375 0.65
3 0.0890625 0.603125 0.0921875 0.6078125 0.0921875 0.615625 0.0890625 0.61875 0.0859375 0.6171875 0.084375 0.6125 0.0859375 0.6046875 0.0875 0.6046875
3 0.175 0.6265625 0.1765625 0.628125 0.18125 0.6265625 0.178125 0.634375 0.178125 0.64375 0.165625 0.646875 0.1625 0.65 0.159375 0.6484375 0.1609375 0.6359375 0.1671875 0.628125 0.1734375 0.6265625
3 0.1421875 0.6484375 0.14375 0.6609375 0.1359375 0.671875 0.125 0.671875 0.13125 0.65 0.140625 0.6484375
3 0.0765625 0.6609375 0.0859375 0.6703125 0.0921875 0.6671875 0.0953125 0.66875 0.096875 0.671875 0.09375 0.684375 0.0875 0.690625 0.08125 0.6890625 0.06875 0.7 0.0671875 0.6984375 0.065625 0.6890625 0.06875 0.6828125 0.0703125 0.6703125 0.075 0.6625
3 0.746875 0.7046875 0.75 0.7046875 0.7546875 0.7109375 0.75625 0.721875 0.7546875 0.728125 0.75 0.7265625 0.746875 0.7203125 0.746875 0.70625
3 0.7203125 0.675 0.7203125 0.6828125 0.7234375 0.6859375 0.728125 0.6828125 0.73125 0.6765625 0.734375 0.678125 0.7328125 0.7015625 0.7296875 0.703125 0.7171875 0.696875 0.7109375 0.6875 0.7125 0.6796875 0.71875 0.675
3 0.14375 0.6296875 0.15 0.6390625 0.1484375 0.646875 0.14375 0.6515625 0.1390625 0.646875 0.1328125 0.6484375 0.13125 0.64375 0.134375 0.6328125 0.1375 0.6296875 0.1421875 0.6296875
3 0.1 0.6375 0.1046875 0.6421875 0.1046875 0.646875 0.0984375 0.653125 0.096875 0.665625 0.09375 0.665625 0.090625 0.653125 0.0875 0.65 0.0875 0.6390625 0.0984375 0.6375
3 0.5953125 0.6265625 0.6 0.628125 0.596875 0.6421875 0.59375 0.6390625 0.5953125 0.628125
4 0.5484375 0.565625 0.565625 0.5671875 0.56875 0.571875 0.565625 0.5953125 0.5609375 0.6 0.5609375 0.603125 0.55625 0.60625 0.546875 0.603125 0.5453125 0.6 0.5484375 0.5671875
4 0.4421875 0.5671875 0.4453125 0.575 0.44375 0.5796875 0.4453125 0.5859375 0.4421875 0.59375 0.4328125 0.603125 0.43125 0.59375 0.4265625 0.5875 0.4125 0.5859375 0.4140625 0.5765625 0.4171875 0.5765625 0.425 0.56875 0.440625 0.5671875
5 0.5421875 0.7625 0.5515625 0.7640625 0.5703125 0.7765625 0.5734375 0.7859375 0.571875 0.790625 0.575 0.796875 0.5734375 0.8484375 0.5671875 0.8578125 0.565625 0.871875 0.5625 0.878125 0.559375 0.8796875 0.55 0.8984375 0.5359375 0.91875 0.534375 0.9296875 0.50625 0.9640625 0.4859375 0.9625 0.46875 0.946875 0.4703125 0.940625 0.4578125 0.9296875 0.4578125 0.9 0.4609375 0.890625 0.4640625 0.828125 0.4671875 0.821875 0.49375 0.7984375 0.5171875 0.771875 0.5265625 0.7703125 0.5328125 0.7640625 0.540625 0.7625
5 0.578125 0.596875 0.5828125 0.6046875 0.5828125 0.6265625 0.5796875 0.63125 0.565625 0.6296875 0.5625 0.625 0.5609375 0.615625 0.5625 0.5984375 0.5671875 0.5953125 0.5765625 0.596875
2 0.728125 0.6171875 0.7359375 0.6234375 0.7359375 0.6265625 0.73125 0.6296875 0.7265625 0.628125 0.7140625 0.6421875 0.7109375 0.6390625 0.7125 0.6328125 0.7109375 0.615625 0.7140625 0.6140625 0.7265625 0.6171875
2 0.040625 0.5796875 0.04375 0.578125 0.059375 0.5796875 0.05625 0.584375 0.046875 0.590625 0.0375 0.5875 0.040625 0.58125
2 0.46875 0.5765625 0.471875 0.578125 0.4703125 0.5796875 0.471875 0.5875 0.46875 0.590625 0.46875 0.5953125 0.4625 0.6 0.4515625 0.6 0.4515625 0.5875 0.459375 0.5765625 0.4671875 0.5765625
2 0.42071759259259256 0.6022858796296295 0.023900462962962978 0.03142361111111116
2 0.017673611111111112 0.5998032407407408 0.026956018518518515 0.02675925925925924
2 0.0890625 0.58125 0.090625 0.5828125 0.09375 0.58125 0.09375 0.5828125 0.0921875 0.5984375 0.0875 0.603125 0.0828125 0.603125 0.0796875 0.6 0.08125 0.5859375 0.0875 0.58125
2 0.340625 0.5828125 0.3421875 0.5953125 0.334375 0.5921875 0.31875 0.596875 0.3125 0.59375 0.3171875 0.5875 0.325 0.5828125 0.3359375 0.58125 0.3390625 0.5828125
2 0.378125 0.5890625 0.38125 0.590625 0.38125 0.6078125 0.378125 0.6140625 0.3765625 0.6140625 0.3765625 0.5921875 0.378125 0.590625
2 0.9140625 0.6734375 0.9265625 0.675 0.9328125 0.6796875 0.93125 0.696875 0.9203125 0.69375 0.9171875 0.690625 0.9078125 0.6890625 0.9 0.684375 0.8953125 0.684375 0.8921875 0.68125 0.8953125 0.675 0.9125 0.6734375
2 0.0625 0.5875 0.065625 0.5890625 0.065625 0.6078125 0.05625 0.6125 0.04375 0.6125 0.04375 0.6 0.05 0.5890625 0.0609375 0.5875
2 0.7640625 0.628125 0.7765625 0.6328125 0.7828125 0.6390625 0.7828125 0.6421875 0.7546875 0.6328125 0.7515625 0.6296875 0.753125 0.6265625 0.7625 0.628125
2 0.48523148148148143 0.5713425925925926 0.0206828703703704 0.025150462962962992
2 0.65 0.6484375 0.6625 0.65625 0.6640625 0.665625 0.6625 0.66875 0.646875 0.6703125 0.6375 0.6765625 0.625 0.675 0.615625 0.6703125 0.6140625 0.653125 0.615625 0.65 0.628125 0.65 0.6328125 0.646875 0.6484375 0.6484375
2 0.475 0.5640625 0.478125 0.5671875 0.475 0.578125 0.4671875 0.575 0.4609375 0.5765625 0.4578125 0.575 0.4625 0.5640625 0.4734375 0.5640625