0 0.221875 0.6125 0.221875 0.6203125 0.20625 0.6328125 0.2046875 0.6421875 0.2015625 0.6453125 0.1875 0.6546875 0.171875 0.659375 0.1609375 0.659375 0.15 0.6671875 0.1390625 0.66875 0.1359375 0.6671875 0.1375 0.653125 0.1421875 0.64375 0.1484375 0.640625 0.1546875 0.640625 0.1578125 0.6375 0.159375 0.6234375 0.1984375 0.615625 0.203125 0.6125 0.2171875 0.6109375 0.2203125 0.6125
0 0.2640625 0.6140625 0.265625 0.625 0.2625 0.646875 0.2484375 0.65625 0.240625 0.65625 0.215625 0.6671875 0.2109375 0.6671875 0.20625 0.671875 0.19375 0.671875 0.1921875 0.65625 0.196875 0.65 0.20625 0.6453125 0.2078125 0.640625 0.20625 0.6359375 0.209375 0.6296875 0.215625 0.628125 0.2234375 0.621875 0.253125 0.615625 0.259375 0.6125 0.2625 0.6140625
0 0.659375 0.61875 0.665625 0.621875 0.675 0.634375 0.675 0.671875 0.671875 0.6734375 0.6578125 0.671875 0.6515625 0.6671875 0.6484375 0.6578125 0.6421875 0.6515625 0.640625 0.646875 0.64375 0.6203125 0.6578125 0.61875
3 0.5953125 0.6125 0.5984375 0.6171875 0.603125 0.6125 0.60625 0.6140625 0.6046875 0.625 0.6 0.628125 0.5921875 0.628125 0.59375 0.6140625
3 0.5734375 0.7203125 0.578125 0.7203125 0.5796875 0.7265625 0.5796875 0.74375 0.578125 0.7453125 0.5796875 0.7515625 0.5765625 0.7609375 0.5671875 0.7671875 0.5625 0.7375 0.5671875 0.7328125 0.5734375 0.7453125 0.575 0.746875 0.5765625 0.7453125 0.578125 0.7375 0.5734375 0.721875
3 0.6640625 0.7171875 0.6578125 0.7109375 0.65625 0.70625 0.6546875 0.6859375 0.6578125 0.6828125 0.6640625 0.6859375 0.665625 0.715625
3 0.003125 0.7203125 0.0125 0.7171875 0.0125 0.728125 0.00625 0.73125 0 0.73125 0 0.7234375 0.003125 0.721875
3 0.2921875 0.6171875 0.303125 0.6296875 0.3015625 0.6375 0.2875 0.6421875 0.284375 0.640625 0.2828125 0.6265625 0.290625 0.61875
3 0.5640625 0.6015625 0.5671875 0.603125 0.5703125 0.609375 0.5703125 0.6203125 0.5671875 0.6234375 0.5609375 0.609375 0.5640625 0.603125
3 0.7125 0.653125 0.009375 0.01796875
3 0.115625 0.60625 0.11875 0.609375 0.11875 0.6234375 0.1171875 0.625 0.1125 0.6234375 0.1140625 0.6078125
5 0.578125 0.56875 0.5828125 0.5703125 0.584375 0.5734375 0.584375 0.5921875 0.5828125 0.59375 0.571875 0.5921875 0.571875 0.571875 0.5765625 0.56875
5 0.5984375 0.6296875 0.6015625 0.628125 0.6171875 0.6296875 0.625 0.640625 0.628125 0.6546875 0.628125 0.690625 0.625 0.69375 0.6171875 0.6921875 0.6015625 0.69375 0.5953125 0.6453125 0.5984375 0.63125
4 0.3421875 0.5734375 0.3484375 0.575 0.3625 0.5734375 0.3640625 0.58125 0.3625 0.5859375 0.3578125 0.5890625 0.3515625 0.5890625 0.3421875 0.5984375 0.34375 0.5921875 0.3375 0.5859375 0.3375 0.58125 0.3421875 0.575
4 0.56875 0.5484375 0.5703125 0.578125 0.565625 0.5828125 0.5609375 0.5828125 0.559375 0.5515625 0.5625 0.5484375 0.5671875 0.5484375
4 0.4328125 0.5671875 0.4453125 0.5671875 0.4484375 0.5703125 0.4515625 0.5828125 0.4484375 0.5921875 0.4453125 0.5921875 0.4390625 0.5859375 0.4328125 0.5875 0.43125 0.5859375 0.4328125 0.56875
2 0.559375 0.6078125 0.565625 0.615625 0.565625 0.6234375 0.5625 0.628125 0.553125 0.63125 0.5390625 0.625 0.5328125 0.6265625 0.528125 0.6203125 0.528125 0.615625 0.5296875 0.6125 0.54375 0.6046875 0.5546875 0.6046875 0.5578125 0.6078125
2 0.4734375 0.578125 0.478125 0.5859375 0.478125 0.5953125 0.475 0.603125 0.471875 0.603125 0.4671875 0.6078125 0.465625 0.60625 0.45625 0.6078125 0.453125 0.603125 0.453125 0.5953125 0.459375 0.584375 0.4671875 0.5796875 0.471875 0.5796875
2 0.4328125 0.6140625 0.43125 0.590625 0.434375 0.5875 0.4421875 0.5875 0.4453125 0.5921875 0.44375 0.6140625 0.4390625 0.615625 0.434375 0.6140625
2 0.4640625 0.565625 0.4671875 0.5671875 0.4640625 0.578125 0.45625 0.584375 0.453125 0.584375 0.4515625 0.578125 0.4546875 0.5703125 0.4625 0.565625
2 0.321875 0.5984375 0.3203125 0.603125 0.315625 0.60625 0.30625 0.60625 0.2875 0.6171875 0.28125 0.6234375 0.275 0.6203125 0.2765625 0.6125 0.2796875 0.6078125 0.296875 0.5953125 0.3046875 0.5921875 0.315625 0.5921875 0.3203125 0.5984375
2 0.4 0.6125 0.3984375 0.6109375 0.3984375 0.5875 0.4 0.5859375 0.403125 0.5875 0.403125 0.609375 0.4015625 0.6109375
2 0.3671875 0.5859375 0.36875 0.5875 0.3671875 0.6109375 0.353125 0.615625 0.3390625 0.615625 0.3375 0.6078125 0.35 0.590625 0.365625 0.5859375
2 0.290625 0.590625 0.2953125 0.59375 0.29375 0.5984375 0.2765625 0.6109375 0.2734375 0.6203125 0.26875 0.6203125 0.265625 0.6125 0.26875 0.5984375 0.278125 0.5921875 0.2890625 0.590625
2 0 0.6296875 0.00625 0.63125 0.009375 0.6359375 0.0078125 0.64375 0 0.65 0 0.63125
2 0.475 0.578125 0.48125 0.56875 0.4921875 0.5671875 0.4953125 0.5734375 0.4953125 0.58125 0.490625 0.5890625 0.48125 0.5890625 0.4765625 0.5796875
2 0.471875 0.571875 0.015625 0.01640625
2 0.50625 0.5625 0.50625 0.571875 0.5 0.5765625 0.4953125 0.575 0.4921875 0.565625 0.4953125 0.5609375 0.5046875 0.5625