4 0.3140625 0.5640625 0.3140625 0.59375 0.303125 0.5984375 0.296875 0.5984375 0.29375 0.5953125 0.28125 0.596875 0.271875 0.590625 0.2515625 0.59375 0.24375 0.5984375 0.2359375 0.6 0.2328125 0.6046875 0.2328125 0.615625 0.221875 0.6234375 0.2203125 0.6234375 0.221875 0.5890625 0.2296875 0.584375 0.2390625 0.5828125 0.240625 0.58125 0.2390625 0.5734375 0.2546875 0.5703125 0.259375 0.5671875 0.290625 0.5640625 0.3 0.5609375 0.3125 0.5640625
4 0.4375 0.578125 0.440625 0.5609375 0.4515625 0.55625 0.46875 0.55625 0.471875 0.5671875 0.4703125 0.5703125 0.4625 0.571875 0.45 0.584375 0.45 0.5875 0.4390625 0.578125
4 0.2765625 0.59375 0.278125 0.5953125 0.278125 0.6328125 0.2765625 0.6359375 0.2671875 0.6484375 0.2609375 0.6484375 0.2484375 0.6546875 0.2421875 0.6609375 0.2375 0.659375 0.23125 0.6609375 0.2203125 0.65625 0.21875 0.6421875 0.221875 0.625 0.2328125 0.6171875 0.234375 0.6140625 0.2328125 0.6046875 0.2359375 0.6 0.246875 0.5984375 0.2625 0.5921875 0.275 0.59375
3 0.6703125 0.659375 0.6734375 0.6609375 0.675 0.6671875 0.6734375 0.6734375 0.675 0.68125 0.671875 0.6921875 0.6640625 0.6859375 0.6578125 0.684375 0.6546875 0.678125 0.6578125 0.6640625 0.6640625 0.659375 0.66875 0.659375
3 0.203125 0.65625 0.209375 0.6625 0.2078125 0.678125 0.203125 0.684375 0.2 0.684375 0.19375 0.690625 0.190625 0.6890625 0.1921875 0.6703125 0.203125 0.6578125
3 0.659375 0.728125 0.6640625 0.728125 0.6671875 0.734375 0.6671875 0.753125 0.6640625 0.7546875 0.659375 0.746875 0.659375 0.7296875
3 0.6234375 0.759375 0.63125 0.7625 0.6375 0.771875 0.6375 0.7796875 0.63125 0.784375 0.628125 0.790625 0.625 0.790625 0.621875 0.7765625 0.6234375 0.7609375
3 0.4875 0.60625 0.490625 0.6109375 0.490625 0.61875 0.478125 0.6171875 0.4796875 0.6078125 0.4859375 0.60625
3 0.19296875 0.61171875 0.01953125 0.0234375
3 0.653125 0.6671875 0.6515625 0.6765625 0.640625 0.675 0.640625 0.65625 0.64375 0.6515625 0.65 0.6578125 0.6515625 0.6671875
3 0.3296875 0.6109375 0.0125 0.0234375
3 0.015625 0.7015625 0.0265625 0.703125 0.034375 0.696875 0.0421875 0.696875 0.04375 0.7015625 0.0390625 0.7140625 0.021875 0.7203125 0.009375 0.728125 0.0078125 0.7171875 0.0140625 0.703125
3 0.578125 0.6421875 0.58125 0.6515625 0.58125 0.659375 0.578125 0.665625 0.5734375 0.65625 0.575 0.64375 0.5765625 0.64375
3 0.671875 0.753125 0.68125 0.7625 0.684375 0.771875 0.6828125 0.7828125 0.6734375 0.7890625 0.6703125 0.7859375 0.6671875 0.771875 0.6671875 0.7609375 0.6703125 0.7546875
3 0.31875 0.6046875 0.3203125 0.621875 0.3078125 0.628125 0.3046875 0.6265625 0.30625 0.615625 0.3109375 0.60625 0.3171875 0.6046875
3 0.11640625 0.6140625 0.009375 0.02109375
3 0.725 0.9828125 0.728125 0.9828125 0.7328125 0.9921875 0.7375 0.9953125 0.7375 0.9984375 0.7203125 0.9984375 0.725 0.984375
3 0.575 0.6296875 0.578125 0.63125 0.578125 0.6453125 0.571875 0.646875 0.5640625 0.6421875 0.5640625 0.6328125 0.5703125 0.634375 0.5734375 0.63125
5 0.5984375 0.5875 0.590625 0.5828125 0.590625 0.5640625 0.596875 0.5625 0.6 0.565625 0.6 0.5859375
5 0.5875 0.5890625 0.5921875 0.5953125 0.5921875 0.6234375 0.578125 0.6234375 0.575 0.6203125 0.5734375 0.5921875 0.578125 0.5890625 0.5859375 0.5890625
5 0.29375 0.596875 0.2984375 0.6015625 0.3 0.6203125 0.290625 0.63125 0.2796875 0.6296875 0.2796875 0.6 0.2921875 0.596875
5 0.35234375 0.6078125 0.034375 0.0359375
5 0.05625 0.5984375 0.059375 0.6015625 0.0578125 0.6140625 0.0484375 0.6203125 0.0359375 0.61875 0.0375 0.6046875 0.040625 0.6 0.0546875 0.5984375
2 0.765625 0.6171875 0.76875 0.615625 0.78125 0.6171875 0.7984375 0.6265625 0.7984375 0.6296875 0.7953125 0.6296875 0.784375 0.625 0.7734375 0.6234375 0.765625 0.61875
2 0.7390625 0.6046875 0.7453125 0.6078125 0.7515625 0.615625 0.7484375 0.61875 0.7375 0.6203125 0.73125 0.6328125 0.7265625 0.6265625 0.7265625 0.6078125 0.725 0.60625 0.7375 0.6046875
2 0.1234375 0.6609375 0.128125 0.6640625 0.1265625 0.671875 0.1234375 0.671875 0.1140625 0.68125 0.109375 0.690625 0.096875 0.703125 0.0921875 0.7109375 0.090625 0.71875 0.0828125 0.7171875 0.0625 0.721875 0.05625 0.721875 0.053125 0.71875 0.05625 0.696875 0.090625 0.6640625 0.1125 0.659375 0.121875 0.6609375
2 0.6234375 0.7390625 0.6125 0.7359375 0.60625 0.740625 0.6046875 0.7359375 0.6046875 0.7140625 0.6125 0.6875 0.615625 0.684375 0.6296875 0.684375 0.634375 0.6859375 0.6421875 0.69375 0.640625 0.7265625 0.6375 0.7328125 0.6296875 0.7296875 0.625 0.7375
2 0.5125 0.5578125 0.5140625 0.575 0.50625 0.5765625 0.50625 0.5640625 0.5109375 0.559375
2 0.9078125 0.65625 0.9296875 0.65625 0.9453125 0.6609375 0.9453125 0.6765625 0.940625 0.678125 0.928125 0.671875 0.9078125 0.6671875 0.90625 0.665625 0.9078125 0.6578125
2 0.4875 0.5546875 0.4921875 0.55625 0.49375 0.5625 0.490625 0.56875 0.4828125 0.5734375 0.4765625 0.571875 0.4765625 0.5625 0.48125 0.55625 0.4859375 0.5546875
2 0.921875 0.965625 0.925 0.9703125 0.9390625 0.9796875 0.946875 0.9984375 0.8421875 0.9984375 0.8453125 0.9875 0.8484375 0.9875 0.8765625 0.9703125 0.9078125 0.9609375 0.9171875 0.9625 0.9203125 0.965625
2 0.665625 0.6234375 0.6796875 0.6296875 0.6859375 0.640625 0.6859375 0.6546875 0.678125 0.665625 0.671875 0.659375 0.6609375 0.6546875 0.6578125 0.6484375 0.65 0.6421875 0.64375 0.6453125 0.6390625 0.6546875 0.6328125 0.6515625 0.63125 0.6328125 0.634375 0.628125 0.64375 0.628125 0.6546875 0.621875 0.6640625 0.6234375
2 0.5703125 0.55 0.5734375 0.5578125 0.571875 0.56875 0.5625 0.56875 0.5625 0.5546875 0.5640625 0.5515625 0.56875 0.55
2 0.20625 0.63125 0.2125 0.6390625 0.2109375 0.659375 0.209375 0.6609375 0.203125 0.653125 0.1984375 0.6625 0.190625 0.66875 0.1796875 0.671875 0.1765625 0.671875 0.175 0.6640625 0.16875 0.6578125 0.1609375 0.6546875 0.1640625 0.646875 0.1734375 0.6375 0.18125 0.634375 0.19375 0.63125 0.2046875 0.63125
2 0.5875 0.540625 0.5890625 0.5515625 0.5859375 0.5546875 0.58125 0.5484375 0.5828125 0.5421875 0.5859375 0.540625
2 0.1671875 0.628125 0.1703125 0.63125 0.1703125 0.640625 0.1515625 0.659375 0.140625 0.6625 0.1375 0.665625 0.13125 0.665625 0.125 0.659375 0.1171875 0.65625 0.1125 0.6515625 0.1140625 0.6484375 0.1234375 0.6390625 0.14375 0.6296875 0.15625 0.6265625 0.165625 0.628125
2 0.1609375 0.6578125 0.171875 0.6640625 0.1765625 0.6765625 0.1765625 0.6890625 0.1734375 0.690625 0.1671875 0.7046875 0.153125 0.70625 0.1390625 0.7140625 0.13125 0.725 0.13125 0.728125 0.1265625 0.7296875 0.125 0.728125 0.115625 0.7296875 0.0953125 0.728125 0.0921875 0.7234375 0.09375 0.7109375 0.121875 0.675 0.1421875 0.6640625 0.159375 0.6578125
2 0.5984375 0.65625 0.603125 0.6609375 0.603125 0.6765625 0.6046875 0.678125 0.6015625 0.696875 0.584375 0.7 0.578125 0.7 0.5765625 0.69375 0.578125 0.6671875 0.584375 0.6546875 0.596875 0.65625
2 0.921875 0.7375 0.9265625 0.7375 0.9265625 0.7421875 0.9203125 0.759375 0.9203125 0.76875 0.915625 0.7703125 0.9078125 0.778125 0.9046875 0.765625 0.9046875 0.740625 0.9125 0.7421875 0.9125 0.765625 0.915625 0.76875 0.9171875 0.7671875 0.9171875 0.7515625 0.9203125 0.7484375 0.921875 0.7390625
2 0.06875 0.5875 0.071875 0.5859375 0.084375 0.5875 0.084375 0.590625 0.0734375 0.6 0.0671875 0.5984375 0.06875 0.5890625
2 0.5265625 0.553125 0.5296875 0.55625 0.5296875 0.5625 0.521875 0.565625 0.521875 0.5578125 0.525 0.5546875
2 0.575 0.575 0.5859375 0.5734375 0.5890625 0.578125 0.5875 0.5875 0.575 0.5890625 0.5734375 0.5859375 0.575 0.5765625
2 0.7578125 0.6609375 0.7796875 0.6703125 0.7875 0.684375 0.7875 0.7078125 0.7828125 0.7109375 0.76875 0.7125 0.765625 0.715625 0.7609375 0.715625 0.753125 0.7046875 0.7359375 0.696875 0.728125 0.69375 0.7203125 0.6953125 0.715625 0.6875 0.715625 0.671875 0.71875 0.66875 0.7265625 0.66875 0.7390625 0.6609375 0.75625 0.6609375
2 0.5015625 0.5625 0.5046875 0.565625 0.503125 0.5875 0.4890625 0.5890625 0.4875 0.5859375 0.4890625 0.571875 0.4953125 0.5640625 0.5 0.5640625
2 0.4734375 0.571875 0.4765625 0.5734375 0.4765625 0.5890625 0.4609375 0.5953125 0.453125 0.5921875 0.453125 0.5828125 0.4625 0.5734375 0.471875 0.571875
2 0 0.6296875 0.0046875 0.6296875 0.009375 0.6359375 0.0078125 0.6453125 0 0.6484375 0 0.63125
2 0.4390625 0.578125 0.4484375 0.58125 0.45 0.584375 0.44375 0.5984375 0.4359375 0.603125 0.4328125 0.596875 0.4328125 0.5828125 0.4375 0.5796875