0 0.59375 0.565625 0.5984375 0.5703125 0.5984375 0.590625 0.596875 0.5921875 0.5890625 0.5921875 0.5859375 0.5890625 0.5859375 0.5828125 0.5890625 0.5796875 0.5890625 0.5671875 0.5921875 0.565625
3 0.28125 0.5796875 0.2828125 0.58125 0.28125 0.5890625 0.2734375 0.590625 0.2671875 0.5875 0.2671875 0.578125 0.2765625 0.5765625 0.2796875 0.5796875
3 0.1890625 0.59375 0.190625 0.5953125 0.2 0.59375 0.2 0.6046875 0.1921875 0.6078125 0.184375 0.6078125 0.1828125 0.5984375 0.1875 0.5953125
3 0.215625 0.5984375 0.21875 0.603125 0.21875 0.6203125 0.209375 0.6203125 0.20625 0.6234375 0.2 0.6234375 0.2015625 0.6109375 0.2140625 0.6
3 0.2421875 0.6 0.24375 0.5859375 0.2484375 0.5828125 0.25 0.5984375 0.24375 0.6015625
3 0.4546875 0.615625 0.453125 0.6078125 0.4578125 0.5984375 0.465625 0.5984375 0.4671875 0.60625 0.4640625 0.6171875 0.45625 0.615625
3 0.1140625 0.5875 0.1203125 0.590625 0.11875 0.6 0.1125 0.603125 0.1109375 0.5953125 0.1140625 0.5890625
3 0.328125 0.59375 0.3328125 0.59375 0.334375 0.596875 0.340625 0.6 0.3390625 0.609375 0.3265625 0.6109375 0.325 0.6015625 0.328125 0.5953125
3 0.584375 0.5953125 0.5859375 0.596875 0.584375 0.6109375 0.5828125 0.6125 0.5796875 0.6109375 0.5828125 0.596875
3 0.28125 0.6125 0.2859375 0.61875 0.2859375 0.6296875 0.2828125 0.6328125 0.2765625 0.6328125 0.271875 0.6359375 0.2671875 0.634375 0.275 0.6171875 0.2796875 0.6140625
3 0.315625 0.6015625 0.3203125 0.6109375 0.3171875 0.61875 0.3078125 0.6203125 0.3078125 0.6125 0.3109375 0.6046875 0.3140625 0.603125
4 0.4877546296296297 0.565300925925926 0.0331134259259259 0.040868055555555574
5 0.06875 0.6296875 0.08125 0.6328125 0.0859375 0.6390625 0.0875 0.646875 0.0859375 0.6546875 0.0875 0.684375 0.084375 0.690625 0.071875 0.7 0.0703125 0.7078125 0.0578125 0.709375 0.0546875 0.7046875 0.05 0.709375 0.040625 0.7109375 0.0234375 0.7203125 0.015625 0.728125 0.0078125 0.73125 0.0046875 0.7375 0.0046875 0.65 0.0453125 0.6375 0.0546875 0.63125 0.0671875 0.63125
5 0.4546875 0.5828125 0.4578125 0.584375 0.4578125 0.59375 0.4546875 0.6 0.4546875 0.60625 0.446875 0.6140625 0.43125 0.6109375 0.4328125 0.6046875 0.43125 0.5875 0.434375 0.584375 0.453125 0.5828125
2 0.7265625 0.621875 0.734375 0.621875 0.7421875 0.625 0.7515625 0.634375 0.746875 0.6390625 0.7359375 0.6375 0.728125 0.6484375 0.725 0.6453125 0.7265625 0.6234375
2 0.928125 0.684375 0.940625 0.690625 0.940625 0.70625 0.9390625 0.7078125 0.928125 0.7046875 0.9234375 0.7 0.9171875 0.7 0.903125 0.6921875 0.903125 0.6890625 0.9078125 0.6859375 0.9265625 0.684375
2 0.14375 0.6640625 0.153125 0.66875 0.1578125 0.675 0.1578125 0.6859375 0.153125 0.6953125 0.1234375 0.709375 0.11875 0.71875 0.1125 0.721875 0.10625 0.7203125 0.096875 0.721875 0.0796875 0.71875 0.078125 0.7140625 0.0828125 0.7015625 0.0953125 0.690625 0.1015625 0.6796875 0.1125 0.671875 0.1203125 0.6671875 0.1421875 0.6640625
2 0.28125 0.59375 0.2859375 0.6 0.284375 0.6078125 0.28125 0.6078125 0.2703125 0.621875 0.2546875 0.621875 0.2484375 0.625 0.240625 0.6234375 0.2375 0.6203125 0.2375 0.6078125 0.2625 0.59375 0.2734375 0.5921875 0.2796875 0.59375
2 0.775 0.6359375 0.7953125 0.646875 0.796875 0.6484375 0.7953125 0.6515625 0.7828125 0.6453125 0.7734375 0.64375 0.7703125 0.640625 0.765625 0.640625 0.7640625 0.6390625 0.765625 0.6359375 0.7734375 0.6359375
2 0.615625 0.6203125 0.625 0.6234375 0.63125 0.63125 0.6328125 0.6359375 0.63125 0.65625 0.621875 0.653125 0.6125 0.65625 0.60625 0.6421875 0.609375 0.625 0.6140625 0.621875
2 0.5296875 0.5984375 0.534375 0.6015625 0.5359375 0.6078125 0.534375 0.6171875 0.5265625 0.625 0.5234375 0.625 0.521875 0.6203125 0.5125 0.6171875 0.503125 0.6203125 0.5015625 0.609375 0.5140625 0.5984375 0.528125 0.5984375
2 0.5703125 0.5921875 0.559375 0.5890625 0.559375 0.5796875 0.5625 0.5703125 0.5640625 0.56875 0.5703125 0.5703125 0.5734375 0.575 0.571875 0.590625
2 0.1125 0.603125 0.1296875 0.60625 0.134375 0.6171875 0.1328125 0.6265625 0.11875 0.6328125 0.1078125 0.634375 0.10625 0.6328125 0.0984375 0.6375 0.096875 0.6359375 0.0890625 0.6390625 0.08125 0.6296875 0.0765625 0.628125 0.0734375 0.6234375 0.08125 0.6109375 0.0921875 0.60625 0.1109375 0.6046875
2 0.58125 0.559375 0.5859375 0.559375 0.5875 0.5625 0.5875 0.5734375 0.5828125 0.575 0.5796875 0.5734375 0.58125 0.5609375
2 0.128125 0.6328125 0.134375 0.6359375 0.140625 0.6359375 0.146875 0.640625 0.1484375 0.6484375 0.146875 0.653125 0.1375 0.6625 0.11875 0.665625 0.103125 0.675 0.090625 0.6734375 0.0890625 0.6703125 0.0890625 0.6546875 0.0875 0.653125 0.090625 0.6421875 0.1078125 0.634375 0.11875 0.6359375 0.1265625 0.6328125
2 0.0046875 0.5921875 0.0078125 0.590625 0.0125 0.5921875 0.015625 0.6 0.0140625 0.6125 0.009375 0.6140625 0.0046875 0.60625 0.0046875 0.59375
2 0.509375 0.55625 0.5125 0.559375 0.5140625 0.5671875 0.5125 0.571875 0.5078125 0.575 0.503125 0.575 0.503125 0.5625 0.5078125 0.5578125
2 0.434375 0.5734375 0.4421875 0.5734375 0.440625 0.578125 0.4421875 0.58125 0.4328125 0.584375 0.43125 0.578125 0.434375 0.575
2 0.50625 0.8625 0.5171875 0.8734375 0.5203125 0.884375 0.5203125 0.9078125 0.5171875 0.9109375 0.515625 0.925 0.5109375 0.934375 0.5015625 0.94375 0.4921875 0.9625 0.4859375 0.96875 0.484375 0.975 0.475 0.9859375 0.475 0.99375 0.471875 0.996875 0.4609375 0.9984375 0.40625 0.996875 0.4046875 0.99375 0.40625 0.9921875 0.40625 0.9640625 0.409375 0.9578125 0.4078125 0.946875 0.41875 0.9328125 0.4296875 0.90625 0.4359375 0.9 0.440625 0.8890625 0.45625 0.86875 0.465625 0.8625 0.478125 0.859375 0.5046875 0.8625
2 0.0828125 0.5640625 0.084375 0.56875 0.0734375 0.5765625 0.06875 0.5765625 0.065625 0.571875 0.06875 0.565625 0.08125 0.5640625
2 0.36526041666666664 0.5862673611111111 0.009525462962962949 0.0203819444444445
2 0.45625 0.5734375 0.459375 0.5765625 0.4578125 0.58125 0.4484375 0.5828125 0.440625 0.58125 0.4421875 0.575 0.4453125 0.571875 0.4546875 0.5734375
2 0.8 0.6953125 0.8171875 0.7046875 0.821875 0.709375 0.821875 0.7125 0.8359375 0.725 0.8375 0.7375 0.8359375 0.74375 0.83125 0.746875 0.8109375 0.7453125 0.80625 0.7484375 0.8 0.74375 0.7984375 0.7390625 0.7921875 0.7328125 0.775 0.725 0.765625 0.7265625 0.759375 0.7203125 0.7578125 0.715625 0.759375 0.7015625 0.7703125 0.7 0.778125 0.6953125 0.7984375 0.6953125
2 0.0046875 0.6046875 0.0078125 0.609375 0.0078125 0.615625 0.0046875 0.6203125 0.0046875 0.60625
2 0.584375 0.553125 0.590625 0.553125 0.5890625 0.5640625 0.584375 0.5609375 0.584375 0.5546875
2 0.459375 0.5828125 0.4671875 0.575 0.478125 0.575 0.48125 0.5796875 0.4796875 0.5953125 0.46875 0.596875 0.465625 0.590625 0.4609375 0.5875 0.4609375 0.584375
2 0.534375 0.55 0.540625 0.5546875 0.5390625 0.559375 0.5328125 0.5640625 0.53125 0.55625 0.534375 0.5515625
2 0.5265625 0.55625 0.53125 0.5625 0.528125 0.56875 0.5203125 0.56875 0.5203125 0.5609375 0.525 0.55625
2 0.034375 0.5921875 0.0390625 0.578125 0.0453125 0.575 0.059375 0.575 0.059375 0.5828125 0.0546875 0.5875 0.0546875 0.590625 0.0421875 0.603125 0.0359375 0.59375