3 0.603125 0.815625 0.61875 0.8265625 0.61875 0.8359375 0.6078125 0.85 0.60625 0.85625 0.6015625 0.8578125 0.5984375 0.84375 0.5984375 0.83125 0.6015625 0.8171875
3 0.55625 0.603125 0.5609375 0.6078125 0.5609375 0.621875 0.5515625 0.6203125 0.5515625 0.6046875 0.5546875 0.603125
3 0.24375 0.596875 0.2484375 0.6 0.246875 0.6125 0.234375 0.615625 0.2296875 0.6125 0.2296875 0.60625 0.234375 0.5984375 0.2421875 0.596875
3 0.65625 0.6328125 0.6578125 0.625 0.6625 0.621875 0.6671875 0.6359375 0.6671875 0.646875 0.665625 0.65 0.6625 0.65 0.6578125 0.6453125 0.6578125 0.634375
3 0.521875 0.6078125 0.525 0.6109375 0.5296875 0.6109375 0.53125 0.6234375 0.5296875 0.625 0.51875 0.6234375 0.5203125 0.609375
3 0.603125 0.6390625 0.60625 0.65 0.6046875 0.6640625 0.6015625 0.6640625 0.5984375 0.6515625 0.5984375 0.640625 0.6015625 0.6390625
3 0.7078125 0.7171875 0.7171875 0.7171875 0.7203125 0.721875 0.7203125 0.740625 0.7171875 0.7484375 0.7140625 0.7484375 0.70625 0.73125 0.7078125 0.71875
3 0.115625 0.6046875 0.11875 0.6078125 0.1203125 0.615625 0.11875 0.6234375 0.1125 0.621875 0.1125 0.6125 0.115625 0.60625
3 0.5953125 0.6125 0.5984375 0.6125 0.6 0.615625 0.6 0.6296875 0.5953125 0.634375 0.59375 0.628125 0.5953125 0.6140625
3 0.515625 0.8046875 0.51875 0.80625 0.5234375 0.8203125 0.5234375 0.84375 0.5203125 0.8515625 0.4984375 0.8734375 0.49375 0.865625 0.4953125 0.834375 0.5015625 0.8328125 0.50625 0.8359375 0.5140625 0.8359375 0.5171875 0.8328125 0.5171875 0.8234375 0.5203125 0.8171875 0.5140625 0.8140625 0.5125 0.8109375 0.5125 0.80625 0.5140625 0.80625
4 0.5578125 0.5625 0.5640625 0.58125 0.5640625 0.590625 0.5609375 0.5984375 0.5515625 0.6015625 0.5453125 0.5921875 0.5453125 0.565625 0.5484375 0.5625 0.55625 0.5625
1 0.5859375 0.5765625 0.5859375 0.5546875 0.5890625 0.55 0.59375 0.5484375 0.596875 0.55 0.596875 0.5734375 0.5953125 0.5765625 0.5875 0.5765625
5 0.496875 0.5515625 0.4984375 0.553125 0.496875 0.56875 0.4875 0.571875 0.48125 0.571875 0.48125 0.55625 0.4828125 0.553125 0.4921875 0.55 0.4953125 0.5515625
5 0 0.625 0.0125 0.61875 0.0296875 0.6171875 0.0359375 0.6140625 0.0421875 0.6203125 0.040625 0.6453125 0.0390625 0.646875 0.0328125 0.64375 0.0296875 0.6484375 0.028125 0.640625 0.025 0.6375 0 0.6390625 0 0.6265625
5 0.353125 0.59375 0.35625 0.5953125 0.35625 0.6203125 0.346875 0.625 0.3421875 0.6234375 0.3125 0.63125 0.30625 0.628125 0.30625 0.6171875 0.3078125 0.6125 0.321875 0.5984375 0.3296875 0.5953125 0.3515625 0.59375
2 0.7265625 0.6046875 0.7390625 0.6046875 0.7515625 0.6140625 0.7515625 0.6171875 0.7484375 0.61875 0.7375 0.6203125 0.7296875 0.6296875 0.7265625 0.6265625 0.728125 0.6125 0.7265625 0.60625
2 0.2140625 0.6078125 0.21875 0.6125 0.2234375 0.6296875 0.2203125 0.6328125 0.203125 0.6375 0.1984375 0.6421875 0.1828125 0.6453125 0.1765625 0.6515625 0.171875 0.6515625 0.16875 0.6484375 0.165625 0.65 0.1609375 0.646875 0.159375 0.64375 0.1609375 0.63125 0.1671875 0.6265625 0.175 0.625 0.1828125 0.615625 0.1890625 0.6125 0.2125 0.6078125
2 0.7765625 0.615625 0.7921875 0.621875 0.7984375 0.6265625 0.7984375 0.6296875 0.765625 0.6203125 0.7671875 0.615625 0.775 0.615625
2 0.6421875 0.6265625 0.6484375 0.6296875 0.6546875 0.6390625 0.65625 0.646875 0.6546875 0.6625 0.634375 0.6609375 0.6328125 0.65625 0.6265625 0.65 0.625 0.6390625 0.628125 0.6296875 0.6328125 0.6265625 0.640625 0.6265625
2 0.08125 0.5859375 0.084375 0.5890625 0.075 0.5984375 0.0671875 0.5984375 0.065625 0.5921875 0.071875 0.5859375 0.0796875 0.5859375
2 0.6546875 0.6703125 0.665625 0.6828125 0.665625 0.6984375 0.6671875 0.7 0.665625 0.7234375 0.6390625 0.71875 0.6375 0.69375 0.640625 0.6890625 0.640625 0.6828125 0.646875 0.671875 0.653125 0.671875
2 0.0546875 0.7015625 0.059375 0.70625 0.0640625 0.721875 0.0640625 0.734375 0.0609375 0.7390625 0.0546875 0.7453125 0.04375 0.7453125 0.0390625 0.7484375 0.034375 0.7484375 0.0296875 0.753125 0.0015625 0.7671875 0 0.7671875 0 0.7171875 0.021875 0.70625 0.0421875 0.7015625 0.053125 0.7015625
2 0.08515625 0.6203125 0.02421875 0.02734375
2 0.628125 0.590625 0.6375 0.59375 0.6421875 0.6015625 0.6421875 0.6140625 0.6390625 0.61875 0.6265625 0.6171875 0.615625 0.6109375 0.6140625 0.6046875 0.6171875 0.5953125 0.621875 0.590625 0.6265625 0.590625
2 0.15 0.6453125 0.1546875 0.6484375 0.1578125 0.6546875 0.1578125 0.671875 0.1546875 0.6734375 0.1515625 0.68125 0.146875 0.6859375 0.134375 0.6859375 0.115625 0.69375 0.10625 0.7046875 0.0953125 0.703125 0.0890625 0.70625 0.0828125 0.70625 0.0796875 0.7015625 0.0765625 0.7015625 0.0765625 0.6890625 0.0828125 0.678125 0.0890625 0.675 0.109375 0.6546875 0.13125 0.646875 0.1484375 0.6453125
2 0.5640625 0.5328125 0.565625 0.5359375 0.5625 0.5390625 0.559375 0.5390625 0.559375 0.534375 0.5625 0.5328125
2 0.4328125 0.58125 0.4375 0.5828125 0.4359375 0.5953125 0.4328125 0.596875 0.43125 0.59375 0.4328125 0.5828125
2 0.5953125 0.68125 0.6 0.6828125 0.6078125 0.690625 0.609375 0.696875 0.6078125 0.7140625 0.6 0.725 0.5984375 0.7328125 0.571875 0.728125 0.5703125 0.725 0.5703125 0.7078125 0.578125 0.6859375 0.5828125 0.68125 0.59375 0.68125
2 0.23125 0.634375 0.2375 0.6375 0.240625 0.64375 0.2359375 0.6578125 0.2328125 0.6609375 0.215625 0.665625 0.2078125 0.6734375 0.19375 0.675 0.1875 0.671875 0.1890625 0.65625 0.196875 0.65 0.203125 0.640625 0.21875 0.634375 0.2296875 0.634375
2 0.9453125 0.6609375 0.9453125 0.678125 0.934375 0.6765625 0.928125 0.671875 0.921875 0.671875 0.9140625 0.6671875 0.90625 0.665625 0.90625 0.6609375 0.909375 0.65625 0.9296875 0.65625 0.94375 0.6609375
2 0.05 0.5953125 0.0578125 0.596875 0.059375 0.6046875 0.053125 0.615625 0.046875 0.6203125 0.0375 0.6109375 0.0375 0.6046875 0.0390625 0.6 0.0484375 0.5953125
2 0.6125 0.5765625 0.621875 0.5859375 0.6125 0.6015625 0.6 0.5984375 0.596875 0.5921875 0.596875 0.5859375 0.6015625 0.578125 0.6109375 0.5765625
2 0.759375 0.65625 0.7796875 0.6734375 0.7828125 0.68125 0.7828125 0.69375 0.7796875 0.696875 0.753125 0.696875 0.7484375 0.6890625 0.7265625 0.6828125 0.7203125 0.6765625 0.7203125 0.6640625 0.7234375 0.659375 0.7296875 0.659375 0.7390625 0.6546875 0.75625 0.6546875 0.7578125 0.65625
2 0.065625 0.646875 0.084375 0.65625 0.084375 0.66875 0.0765625 0.671875 0.071875 0.6765625 0.0578125 0.6765625 0.04375 0.6796875 0.021875 0.690625 0.0046875 0.6890625 0.003125 0.6734375 0.0078125 0.66875 0.01875 0.6671875 0.04375 0.65 0.0640625 0.646875
2 0.575 0.559375 0.5796875 0.565625 0.5796875 0.575 0.5703125 0.5765625 0.5703125 0.5609375 0.5734375 0.5609375