1 0.428125 0.8046875 0.4390625 0.8140625 0.45 0.8359375 0.48125 0.878125 0.490625 0.8953125 0.503125 0.9140625 0.5109375 0.921875 0.5140625 0.9296875 0.5203125 0.9359375 0.5328125 0.9546875 0.5328125 0.9578125 0.5609375 0.9984375 0.3390625 0.9984375 0.3375 0.9484375 0.340625 0.934375 0.340625 0.9125 0.3359375 0.90625 0.3359375 0.8890625 0.3390625 0.878125 0.3421875 0.878125 0.346875 0.8828125 0.353125 0.8765625 0.3578125 0.846875 0.3625 0.8375 0.3671875 0.8375 0.3796875 0.825 0.39375 0.815625 0.4265625 0.8046875
1 0.94375 0.6 0.9484375 0.603125 0.98125 0.609375 0.9875 0.609375 0.99375 0.60625 0.99375 0.678125 0.9875 0.6734375 0.9796875 0.6828125 0.9671875 0.68125 0.959375 0.66875 0.95 0.6640625 0.94375 0.6640625 0.940625 0.659375 0.94375 0.653125 0.9421875 0.646875 0.9328125 0.640625 0.9203125 0.6390625 0.91875 0.6359375 0.921875 0.6046875 0.9296875 0.5984375 0.9421875 0.6
5 0.390625 0.5953125 0.3984375 0.596875 0.403125 0.60625 0.4015625 0.6234375 0.3953125 0.6265625 0.390625 0.6328125 0.375 0.63125 0.371875 0.6234375 0.3734375 0.603125 0.378125 0.5984375 0.3890625 0.5953125
5 0.7328125 0.5953125 0.7390625 0.6 0.746875 0.6015625 0.7515625 0.60625 0.7546875 0.6171875 0.753125 0.6265625 0.7484375 0.6265625 0.7421875 0.6171875 0.7296875 0.6125 0.7140625 0.6140625 0.70625 0.61875 0.7046875 0.6171875 0.703125 0.596875 0.7078125 0.5921875 0.71875 0.5921875 0.73125 0.5953125
5 0.3171875 0.6859375 0.328125 0.7078125 0.33125 0.7265625 0.3296875 0.7625 0.325 0.76875 0.3046875 0.7703125 0.290625 0.7765625 0.2859375 0.775 0.28125 0.759375 0.28125 0.7375 0.2828125 0.7359375 0.28125 0.703125 0.2890625 0.6890625 0.3109375 0.6828125 0.315625 0.6859375
0 0.6609375 0.5796875 0.6671875 0.5828125 0.678125 0.5828125 0.6890625 0.5890625 0.6890625 0.5921875 0.696875 0.5984375 0.696875 0.6109375 0.69375 0.6140625 0.6671875 0.5984375 0.653125 0.6046875 0.6515625 0.603125 0.6546875 0.596875 0.6515625 0.5828125 0.6546875 0.5796875 0.659375 0.5796875
0 0.8640625 0.628125 0.890625 0.6328125 0.896875 0.6359375 0.9046875 0.6359375 0.9140625 0.640625 0.9265625 0.640625 0.9390625 0.6453125 0.9421875 0.65 0.9390625 0.6609375 0.94375 0.665625 0.95625 0.6703125 0.965625 0.6828125 0.965625 0.6859375 0.959375 0.69375 0.9515625 0.6953125 0.9359375 0.6828125 0.909375 0.675 0.8953125 0.675 0.8921875 0.678125 0.8875 0.678125 0.875 0.6703125 0.8671875 0.671875 0.8609375 0.6625 0.859375 0.63125 0.8625 0.6296875
0 0.3953125 0.55625 0.4 0.5546875 0.40625 0.55625 0.4078125 0.565625 0.40625 0.5765625 0.3953125 0.575 0.39375 0.571875 0.3953125 0.5578125
3 0.35625 0.6078125 0.35625 0.61875 0.35 0.625 0.3484375 0.625 0.3484375 0.6125 0.3546875 0.6078125
3 0.4341087962962963 0.5665277777777777 0.006342592592592578 0.012546296296296333
3 0.35881944444444447 0.8159837962962962 0.0159953703703704 0.050115740740740745
3 0.8046875 0.60625 0.8171875 0.615625 0.815625 0.625 0.8046875 0.625 0.7984375 0.6203125 0.7984375 0.6109375 0.803125 0.60625
3 0.5486979166666666 0.6017534722222223 0.01107638888888891 0.018831018518518493
3 0.8296875 0.6359375 0.8328125 0.6390625 0.8359375 0.6375 0.840625 0.640625 0.84375 0.6578125 0.8390625 0.6578125 0.825 0.6515625 0.8234375 0.640625 0.828125 0.6359375
3 0.3984375 0.7125 0.40625 0.7140625 0.40625 0.7296875 0.403125 0.734375 0.3984375 0.725 0.3984375 0.7140625
3 0.8876331018518518 0.6214525462962962 0.009490740740740833 0.01569444444444441
3 0.503125 0.6015625 0.50625 0.60625 0.5046875 0.61875 0.4953125 0.61875 0.49375 0.60625 0.496875 0.6015625 0.5015625 0.6015625
3 0.353125 0.6859375 0.3578125 0.6875 0.3625 0.6859375 0.3625 0.703125 0.3546875 0.7109375 0.353125 0.6875
3 0.5377083333333333 0.6087037037037037 0.014201388888888911 0.018854166666666748
2 0.2671875 0.603125 0.26875 0.6046875 0.2671875 0.6078125 0.26875 0.628125 0.2640625 0.634375 0.259375 0.634375 0.25625 0.6140625 0.2546875 0.6125 0.246875 0.6140625 0.246875 0.6109375 0.2578125 0.603125 0.265625 0.603125
2 0.6453125 0.9421875 0.659375 0.95 0.6828125 0.9515625 0.690625 0.9546875 0.7140625 0.9734375 0.7390625 0.9984375 0.603125 0.9984375 0.6046875 0.9828125 0.609375 0.9734375 0.6125 0.959375 0.6171875 0.9515625 0.6265625 0.9453125 0.64375 0.9421875
2 0.4625 0.5421875 0.465625 0.553125 0.4578125 0.553125 0.4546875 0.55 0.4546875 0.546875 0.4609375 0.5421875
2 0.5213773148148148 0.5984259259259259 0.025162037037037076 0.022060185185185155
2 0.5265625 0.5796875 0.534375 0.584375 0.5328125 0.5953125 0.5171875 0.5859375 0.5109375 0.5875 0.5125 0.5828125 0.525 0.5796875
2 0.475 0.584375 0.48125 0.5875 0.4859375 0.5953125 0.4828125 0.6046875 0.4609375 0.6046875 0.45 0.5984375 0.4515625 0.5875 0.4546875 0.584375 0.4578125 0.5828125 0.4734375 0.584375
2 0.375 0.6328125 0.378125 0.640625 0.378125 0.6609375 0.3734375 0.675 0.365625 0.675 0.359375 0.665625 0.35625 0.6640625 0.353125 0.6671875 0.3515625 0.6640625 0.3515625 0.653125 0.35625 0.6375 0.3625 0.6328125 0.3734375 0.6328125
2 0.484375 0.5765625 0.4828125 0.5671875 0.4875 0.5625 0.4921875 0.5625 0.496875 0.5671875 0.496875 0.578125 0.4859375 0.5765625
2 0.5059143518518519 0.5764351851851852 0.01578703703703699 0.021990740740740745
2 0.6671875 0.5984375 0.6921875 0.6140625 0.69375 0.6171875 0.6921875 0.625 0.684375 0.625 0.675 0.6171875 0.671875 0.6109375 0.6671875 0.6203125 0.6609375 0.6203125 0.6546875 0.6125 0.6546875 0.60625 0.6609375 0.6 0.665625 0.6
2 0.525 0.56875 0.534375 0.5703125 0.5390625 0.575 0.540625 0.5828125 0.5359375 0.584375 0.53125 0.58125 0.5265625 0.58125 0.521875 0.5765625 0.5234375 0.5703125
2 0.4890625 0.5546875 0.4953125 0.5640625 0.4828125 0.5625 0.4828125 0.5578125 0.4875 0.5546875
2 0.5140625 0.5671875 0.5203125 0.5734375 0.5203125 0.5796875 0.515625 0.58125 0.5109375 0.58125 0.50625 0.571875 0.509375 0.565625 0.5125 0.5671875
2 0.7171875 0.615625 0.7296875 0.6234375 0.7421875 0.6359375 0.7453125 0.64375 0.74375 0.6484375 0.7359375 0.653125 0.7125 0.6421875 0.7078125 0.6421875 0.7015625 0.6375 0.7046875 0.621875 0.7109375 0.6171875 0.715625 0.6171875
2 0.45 0.6 0.4625 0.6078125 0.4625 0.621875 0.45 0.6234375 0.44375 0.628125 0.4421875 0.6265625 0.4328125 0.628125 0.428125 0.621875 0.428125 0.6125 0.4296875 0.60625 0.434375 0.6015625 0.4484375 0.6
2 0.6390625 0.5984375 0.6515625 0.609375 0.65 0.625 0.64375 0.625 0.63125 0.6203125 0.63125 0.596875 0.634375 0.5953125 0.6375 0.5984375
2 0.54375 0.58125 0.55 0.5875 0.55 0.5921875 0.5453125 0.5953125 0.540625 0.5953125 0.534375 0.5890625 0.5328125 0.5828125 0.534375 0.584375 0.5421875 0.58125
2 0.71875 0.6171875 0.7203125 0.6140625 0.734375 0.6140625 0.7484375 0.6265625 0.7546875 0.628125 0.7578125 0.6375 0.7578125 0.64375 0.7546875 0.646875 0.7484375 0.646875 0.7421875 0.6359375 0.7203125 0.6171875
2 0.5625 0.58125 0.5671875 0.584375 0.565625 0.6015625 0.5578125 0.5953125 0.5578125 0.5859375 0.5609375 0.5828125
2 0.41549189814814813 0.5484201388888889 0.009490740740740744 0.0156944444444445
2 0.4328125 0.5484375 0.4390625 0.55 0.440625 0.5546875 0.440625 0.5625 0.43125 0.5640625 0.4296875 0.559375 0.4328125 0.55