0 0.603125 0.5734375 0.60625 0.5765625 0.60625 0.5859375 0.603125 0.59375 0.6 0.5953125 0.5921875 0.5953125 0.584375 0.5890625 0.5859375 0.5875 0.584375 0.5734375 0.5875 0.56875 0.5921875 0.56875 0.5953125 0.5734375 0.6015625 0.5734375
0 0.00859375 0.5812268518518519 0.0171875 0.04552083333333332
0 0.596875 0.5640625 0.5953125 0.546875 0.5984375 0.54375 0.603125 0.54375 0.60625 0.5484375 0.6046875 0.5625 0.6 0.565625 0.5984375 0.5640625
4 0.275 0.5578125 0.2984375 0.5609375 0.3 0.565625 0.2984375 0.590625 0.2859375 0.6 0.28125 0.596875 0.271875 0.5953125 0.2625 0.6 0.253125 0.6 0.253125 0.5828125 0.2578125 0.5734375 0.2640625 0.5703125 0.26875 0.565625 0.26875 0.5625 0.2734375 0.559375
3 0.7265625 0.596875 0.7328125 0.596875 0.7359375 0.6 0.7359375 0.609375 0.7328125 0.6109375 0.7265625 0.609375 0.725 0.60625 0.7265625 0.5984375
3 0.7109375 0.728125 0.7078125 0.715625 0.7078125 0.7046875 0.709375 0.696875 0.7125 0.69375 0.7171875 0.69375 0.721875 0.7046875 0.7203125 0.70625 0.721875 0.7234375 0.7171875 0.7328125 0.7125 0.728125
3 0.4921875 0.5953125 0.49375 0.6078125 0.4828125 0.6078125 0.48125 0.6046875 0.48125 0.596875 0.484375 0.59375 0.490625 0.5953125
3 0.715625 0.6671875 0.7171875 0.675 0.7296875 0.68125 0.728125 0.684375 0.73125 0.690625 0.728125 0.6984375 0.721875 0.696875 0.7171875 0.690625 0.709375 0.690625 0.7078125 0.6828125 0.715625 0.66875
3 0.696875 0.753125 0.7078125 0.7546875 0.7109375 0.7609375 0.709375 0.79375 0.70625 0.7984375 0.7015625 0.8 0.696875 0.7890625 0.696875 0.771875 0.6984375 0.7703125 0.696875 0.7546875
3 0.475 0.5859375 0.4796875 0.5890625 0.48125 0.596875 0.4796875 0.603125 0.46875 0.6015625 0.46875 0.5921875 0.4734375 0.5875
3 0.23671875 0.5818402777777777 0.01875 0.02201388888888891
3 0.56875 0.5778182870370371 0.0078125 0.020370370370370327
5 0.34375 0.59375 0.3390625 0.590625 0.3328125 0.590625 0.3296875 0.5875 0.3296875 0.58125 0.3359375 0.56875 0.346875 0.5625 0.353125 0.5625 0.359375 0.559375 0.3640625 0.559375 0.365625 0.5625 0.365625 0.5796875 0.3625 0.5828125 0.3625 0.5875 0.35 0.5890625 0.3453125 0.5921875
5 0.6765625 0.653125 0.684375 0.659375 0.6890625 0.6703125 0.690625 0.68125 0.6890625 0.6828125 0.6890625 0.703125 0.6859375 0.7140625 0.671875 0.7109375 0.659375 0.7109375 0.6578125 0.6984375 0.6546875 0.69375 0.653125 0.6625 0.65625 0.6578125 0.65625 0.653125 0.6609375 0.65 0.66875 0.65 0.675 0.653125
2 0.9375 0.678125 0.940625 0.6796875 0.94375 0.6859375 0.940625 0.7 0.928125 0.6984375 0.9109375 0.6890625 0.9125 0.6859375 0.91875 0.6859375 0.93125 0.678125 0.9359375 0.678125
2 0.7640625 0.6265625 0.7765625 0.628125 0.7953125 0.6390625 0.79375 0.64375 0.784375 0.6375 0.7671875 0.6328125 0.7640625 0.628125
2 0.6046875 0.5984375 0.615625 0.609375 0.6140625 0.6125 0.615625 0.6140625 0.615625 0.6296875 0.6125 0.6328125 0.60625 0.6296875 0.596875 0.63125 0.5859375 0.6203125 0.5859375 0.6109375 0.5890625 0.6046875 0.5953125 0.5984375 0.603125 0.5984375
2 0.5390625 0.5765625 0.5390625 0.565625 0.54375 0.5578125 0.5484375 0.5578125 0.5515625 0.5609375 0.5515625 0.5765625 0.55 0.578125 0.540625 0.5765625
2 0.5828125 0.81875 0.5890625 0.821875 0.6015625 0.821875 0.6171875 0.8296875 0.6296875 0.8421875 0.6328125 0.8515625 0.628125 0.9 0.61875 0.90625 0.609375 0.925 0.6 0.9359375 0.5953125 0.9484375 0.59375 0.965625 0.590625 0.971875 0.5875 0.9734375 0.571875 0.9671875 0.55 0.94375 0.5390625 0.9390625 0.53125 0.9234375 0.5328125 0.921875 0.5328125 0.90625 0.5359375 0.9 0.5359375 0.8875 0.5390625 0.8796875 0.54375 0.875 0.5484375 0.859375 0.5609375 0.84375 0.5640625 0.8359375 0.56875 0.8328125 0.5734375 0.8234375 0.58125 0.81875
2 0.54375 0.5890625 0.546875 0.5875 0.5609375 0.5890625 0.565625 0.6015625 0.5640625 0.61875 0.55 0.6171875 0.540625 0.609375 0.54375 0.590625
2 0.64375 0.7046875 0.65625 0.7125 0.659375 0.7234375 0.6578125 0.7390625 0.6515625 0.7515625 0.6515625 0.759375 0.6484375 0.7671875 0.625 0.759375 0.6203125 0.7609375 0.6171875 0.75625 0.61875 0.734375 0.6203125 0.728125 0.625 0.7234375 0.6265625 0.7078125 0.63125 0.7046875 0.6421875 0.7046875
2 0.7328125 0.6140625 0.734375 0.615625 0.7375 0.6140625 0.7421875 0.61875 0.7421875 0.621875 0.7375 0.621875 0.734375 0.625 0.734375 0.6328125 0.728125 0.64375 0.7234375 0.6390625 0.725 0.6375 0.725 0.6171875 0.7234375 0.615625 0.73125 0.6140625
2 0.0734375 0.553125 0.078125 0.5578125 0.0703125 0.5609375 0.065625 0.565625 0.0625 0.565625 0.059375 0.559375 0.0625 0.5546875 0.071875 0.553125
2 0 0.6859375 0.003125 0.6921875 0.003125 0.70625 0 0.715625 0 0.6875
2 0.515625 0.5484375 0.5203125 0.5453125 0.5234375 0.546875 0.5265625 0.5453125 0.528125 0.553125 0.5265625 0.559375 0.5171875 0.559375 0.515625 0.55
2 0.6640625 0.6375 0.6828125 0.64375 0.6875 0.6515625 0.6890625 0.659375 0.6875 0.6625 0.6796875 0.653125 0.6734375 0.65 0.659375 0.65 0.6546875 0.653125 0.6515625 0.6671875 0.6375 0.6609375 0.6359375 0.64375 0.65 0.6359375 0.6625 0.6375
2 0.3515625 0.6078125 0.3515625 0.5953125 0.3546875 0.590625 0.3640625 0.5921875 0.3640625 0.6046875 0.3625 0.6078125 0.353125 0.6078125
2 0.5875 0.5390625 0.5921875 0.54375 0.590625 0.553125 0.5890625 0.5546875 0.5828125 0.553125 0.5828125 0.5453125 0.5859375 0.540625
2 0.1734375 0.60625 0.1796875 0.6125 0.178125 0.625 0.1578125 0.6453125 0.1421875 0.65 0.1359375 0.6578125 0.13125 0.6578125 0.128125 0.6546875 0.115625 0.65625 0.1078125 0.6515625 0.109375 0.6359375 0.1375 0.6125 0.140625 0.6140625 0.1453125 0.609375 0.15 0.609375 0.159375 0.6046875 0.171875 0.60625
2 0.4296875 0.5734375 0.434375 0.5734375 0.44375 0.578125 0.446875 0.584375 0.4421875 0.596875 0.4390625 0.6 0.434375 0.5984375 0.428125 0.590625 0.4296875 0.575
2 0.21875 0.625 0.2203125 0.6390625 0.215625 0.6453125 0.2109375 0.65 0.203125 0.6484375 0.1921875 0.653125 0.18125 0.6625 0.1765625 0.659375 0.1671875 0.6609375 0.159375 0.65625 0.159375 0.646875 0.1625 0.6421875 0.1828125 0.621875 0.2046875 0.61875 0.2171875 0.625
2 0.4328125 0.56875 0.4375 0.565625 0.4484375 0.565625 0.453125 0.571875 0.4515625 0.58125 0.45 0.584375 0.446875 0.584375 0.446875 0.58125 0.4421875 0.5765625 0.43125 0.5734375 0.4328125 0.5703125
2 0.5578125 0.6875 0.565625 0.684375 0.578125 0.6859375 0.5828125 0.6875 0.5890625 0.69375 0.5921875 0.69375 0.5953125 0.6984375 0.59375 0.7015625 0.5953125 0.703125 0.5953125 0.7234375 0.5921875 0.728125 0.5921875 0.7328125 0.5875 0.7390625 0.584375 0.7390625 0.5796875 0.74375 0.575 0.753125 0.571875 0.7546875 0.5640625 0.746875 0.559375 0.746875 0.5546875 0.74375 0.54375 0.746875 0.5421875 0.740625 0.540625 0.7296875 0.54375 0.7203125 0.54375 0.7078125 0.546875 0.7 0.5578125 0.6890625
2 0.584375 0.6359375 0.59375 0.640625 0.6 0.65625 0.5984375 0.6578125 0.5984375 0.6734375 0.5953125 0.675 0.5828125 0.671875 0.578125 0.6734375 0.571875 0.6578125 0.575 0.6390625 0.5828125 0.6359375
2 0.85 0.7421875 0.8515625 0.74375 0.8671875 0.7421875 0.8734375 0.7453125 0.8875 0.746875 0.8859375 0.75625 0.8875 0.7671875 0.884375 0.7796875 0.88125 0.78125 0.8703125 0.7765625 0.853125 0.7765625 0.84375 0.7640625 0.84375 0.753125 0.8484375 0.74375
2 0.0734375 0.559375 0.0875 0.5609375 0.0890625 0.5625 0.0875 0.5734375 0.08125 0.578125 0.0734375 0.5796875 0.0640625 0.578125 0.0625 0.5640625 0.071875 0.5609375
2 0 0.6203125 0.0078125 0.621875 0.009375 0.6265625 0.0109375 0.628125 0.0140625 0.6265625 0.0171875 0.63125 0.0171875 0.640625 0.0078125 0.6515625 0.003125 0.6515625 0 0.65625 0 0.621875
2 0.396875 0.6 0.39375 0.590625 0.3953125 0.571875 0.396875 0.5703125 0.4 0.571875 0.396875 0.5984375
2 0.5734375 0.5515625 0.5765625 0.55625 0.5765625 0.5625 0.56875 0.5671875 0.565625 0.5609375 0.565625 0.5546875 0.571875 0.5515625
2 0.040625 0.5609375 0.0546875 0.5640625 0.053125 0.5734375 0.0390625 0.575 0.034375 0.5875 0.03125 0.5890625 0.028125 0.5859375 0.028125 0.575 0.0328125 0.565625 0.0390625 0.5625