2 0.39700231481481485 0.6385358796296297 0.050694444444444466 0.04724537037037031
2 0.3468981481481482 0.631875 0.055335648148148134 0.04415509259259274
5 0.7569618055555556 0.6225868055555555 0.05689814814814813 0.044166666666666646
2 0.33600115740740744 0.6874305555555555 0.03835648148148145 0.058090277777777644
2 0.24353587962962964 0.6693634259259259 0.06188657407407412 0.06451388888888872
2 0.7274131944444444 0.6321817129629629 0.06944444444444446 0.047384259259259306
5 0.4590856481481481 0.6099479166666667 0.052187500000000143 0.042569444444444396
5 0.37818287037037035 0.7394675925925925 0.0891435185185185 0.11158564814814813
3 0.2049826388888889 0.7040277777777778 0.04138888888888888 0.051863425925925986
5 0.5065798611111111 0.5986574074074074 0.048993055555555644 0.037858796296296224
0 0.31 0.883738425925926 0.11721064814814816 0.2133449074074072
5 0.5462847222222222 0.5889872685185186 0.0522337962962963 0.04569444444444457