1 0.735648148148148 0.5883333333333333 0.12553240740740748 0.07280092592592595
5 0.38177083333333334 0.8058101851851852 0.08857638888888894 0.1459606481481483
2 0.3434606481481482 0.696712962962963 0.03789351851851848 0.053402777777777646
2 0.47152199074074075 0.5816956018518519 0.03458333333333332 0.028379629629629654
5 0.41535879629629624 0.6993055555555555 0.06631944444444446 0.09423611111111115
2 0.4341087962962963 0.5936921296296296 0.02517361111111107 0.023622685185185333
2 0.5114814814814814 0.597025462962963 0.03457175925925924 0.026817129629629656
2 0.5559027777777777 0.5818518518518518 0.022013888888888822 0.018912037037037165
3 0.9813107638888889 0.6622800925925926 0.037378472222222216 0.04093750000000007
0 0.29626157407407405 0.6533101851851851 0.05363425925925922 0.06914351851851848
2 0.9912355324074074 0.5934548611111111 0.01752893518518519 0.028287037037037166