2 0.7389236111111112 0.6405439814814814 0.0549768518518519 0.03987268518518512
2 0.3867476851851852 0.6231076388888889 0.028379629629629654 0.034791666666666644
2 0.8251620370370372 0.7041030092592593 0.07545138888888872 0.06204861111111111
2 0.2748090277777778 0.6544502314814815 0.06598379629629622 0.049409722222222285
2 0.42693865740740744 0.8920138888888889 0.13252314814814808 0.17381944444444458
2 0.3731712962962963 0.6631481481481482 0.03158564814814815 0.045775462962962976
2 0.3366203703703704 0.6410358796296297 0.03469907407407406 0.04425925925925931
2 0.3704513888888889 0.6085069444444444 0.031481481481481485 0.03171296296296298
2 0.29671875000000003 0.8603530092592593 0.09645833333333335 0.1560995370370371
2 0.3110127314814815 0.7234375 0.04898148148148147 0.07415509259259263
2 0.38679976851851855 0.7215335648148148 0.06464120370370371 0.07907407407407412
5 0.8561226851851853 0.6372453703703703 0.05501157407407433 0.04456018518518512
2 0.6828009259259259 0.6241898148148148 0.05655092592592599 0.041458333333333285
5 0.4947800925925926 0.8027372685185185 0.13234953703703703 0.15038194444444458
4 0.5307523148148148 0.5866030092592592 0.058206018518518476 0.05398148148148145
2 0.42236111111111113 0.5608680555555555 0.017314814814814738 0.017442129629629478
2 0.9209780092592592 0.6347222222222222 0.03770833333333314 0.028680555555555643
2 0.9780613425925925 0.6268460648148148 0.018935185185185333 0.025277777777777642
3 0.864369212962963 0.6839930555555556 0.030011574074073975 0.04418981481481481
2 0.9451851851851852 0.6359259259259259 0.020486111111111427 0.02373842592592599
5 0.48567708333333337 0.5552430555555555 0.022013888888889 0.019074074074074153
5 0.44862268518518517 0.601099537037037 0.05347222222222214 0.047662037037036954
2 0.17694444444444443 0.7894791666666666 0.07593750000000003 0.12767361111111128