2 0.209375 0.63515625 0.05546875 0.0328125
2 0.59140625 0.71328125 0.0421875 0.0578125
2 0.653125 0.7453125 0.05 0.071875
2 0.14140625 0.675 0.07421875 0.0609375
2 0.55859375 0.60234375 0.0265625 0.0265625
2 0.534375 0.8234375 0.0875 0.10546875
2 0.62421875 0.6015625 0.03125 0.02578125
2 0.44375 0.59140625 0.0265625 0.03359375
2 0.48515625 0.6 0.02734375 0.02109375
2 0.3 0.9875 0.05703125 0.025
5 0.2703125 0.60234375 0.065625 0.0484375
5 0.69453125 0.65859375 0.08671875 0.07109375
2 0.078125 0.6 0.03046875 0.0234375
2 0.503125 0.57109375 0.021875 0.01953125
2 0.878125 0.7265625 0.11484375 0.0671875
2 0.46875 0.5765625 0.02734375 0.02265625
3 0.0671875 0.7234375 0.03359375 0.05234375
2 0.01171875 0.61015625 0.0234375 0.0265625
4 0.59921875 0.6375 0.04375 0.06875
2 0.33046875 0.6078125 0.03984375 0.02890625
2 0.56953125 0.56171875 0.02578125 0.01875
0 0.71328125 0.79296875 0.08359375 0.16484375
2 0.0046875 0.6390625 0.009375 0.025
2 0.04609375 0.6125 0.0203125 0.021875
2 0.2734375 0.98984375 0.10546875 0.01953125
2 0.4796875 0.5953125 0.03046875 0.02265625
2 0.59375 0.590625 0.02421875 0.01953125