1 0.603125 0.56875 0.615625 0.5703125 0.6296875 0.578125 0.646875 0.58125 0.6515625 0.584375 0.6546875 0.60625 0.6546875 0.6296875 0.6375 0.634375 0.6234375 0.6328125 0.609375 0.6265625 0.6078125 0.5953125 0.6 0.5890625 0.590625 0.5859375 0.5890625 0.5828125 0.590625 0.5703125 0.6015625 0.56875
1 0.590625 0.5390625 0.5921875 0.5578125 0.5859375 0.56875 0.571875 0.5671875 0.565625 0.5578125 0.565625 0.55 0.56875 0.54375 0.575 0.5390625 0.5890625 0.5390625
0 0.20625 0.6171875 0.209375 0.6203125 0.209375 0.6484375 0.20625 0.6515625 0.196875 0.6546875 0.1921875 0.6609375 0.1828125 0.659375 0.16875 0.6671875 0.1515625 0.671875 0.1375 0.6828125 0.11875 0.6796875 0.1171875 0.6703125 0.128125 0.65625 0.1390625 0.6515625 0.1390625 0.640625 0.14375 0.6359375 0.165625 0.6265625 0.178125 0.625 0.19375 0.6171875 0.2046875 0.6171875
0 0.7203125 0.675 0.734375 0.678125 0.74375 0.6828125 0.75 0.6921875 0.75 0.728125 0.7375 0.7671875 0.7328125 0.7703125 0.7265625 0.7703125 0.715625 0.7625 0.70625 0.759375 0.7 0.753125 0.7 0.73125 0.7015625 0.7296875 0.7 0.7 0.7125 0.6796875 0.71875 0.6765625
3 0.6578125 0.609375 0.6609375 0.609375 0.6640625 0.61875 0.6640625 0.6359375 0.6578125 0.6328125 0.65625 0.6296875 0.6578125 0.6109375
3 0.63359375 0.653125 0.021875 0.02734375
3 0.2546875 0.6171875 0.259375 0.615625 0.2671875 0.6234375 0.26875 0.6296875 0.2671875 0.6328125 0.2515625 0.634375 0.25 0.625 0.2546875 0.61875
3 0.2828125 0.5890625 0.2828125 0.596875 0.2734375 0.6015625 0.2671875 0.5984375 0.2671875 0.5890625 0.26875 0.5875 0.28125 0.5890625
3 0.2390625 0.6171875 0.2453125 0.621875 0.246875 0.63125 0.2375 0.6359375 0.2296875 0.634375 0.2296875 0.625 0.2375 0.6171875
3 0.0296875 0.7046875 0.0328125 0.7046875 0.0390625 0.7125 0.046875 0.7109375 0.0515625 0.70625 0.0578125 0.7078125 0.0578125 0.7109375 0.0484375 0.7234375 0.0375 0.734375 0.01875 0.7421875 0.0171875 0.734375 0.021875 0.7234375 0.021875 0.7171875 0.0265625 0.7078125 0.0296875 0.70625
3 0.6859375 0.6515625 0.6859375 0.659375 0.6828125 0.6625 0.684375 0.66875 0.6828125 0.68125 0.6671875 0.6734375 0.665625 0.6625 0.66875 0.65625 0.671875 0.6609375 0.675 0.6609375 0.684375 0.6515625
3 0.3203125 0.5984375 0.325 0.596875 0.328125 0.6 0.328125 0.609375 0.3234375 0.615625 0.31875 0.615625 0.315625 0.6125 0.315625 0.6078125 0.3203125 0.6
3 0.3 0.6078125 0.3 0.603125 0.303125 0.5984375 0.3078125 0.6015625 0.3078125 0.6078125 0.3015625 0.6078125
4 0.4671875 0.578125 0.478125 0.565625 0.5015625 0.565625 0.5046875 0.575 0.503125 0.5890625 0.4921875 0.59375 0.4859375 0.6 0.484375 0.6046875 0.4765625 0.603125 0.4734375 0.60625 0.46875 0.60625 0.465625 0.6 0.465625 0.590625 0.471875 0.584375 0.471875 0.5796875 0.4703125 0.578125 0.46875 0.58125 0.4671875 0.5796875
4 0.603125 0.5921875 0.60625 0.5953125 0.6078125 0.6265625 0.6015625 0.63125 0.6 0.6359375 0.5921875 0.6375 0.5875 0.6375 0.58125 0.6296875 0.575 0.628125 0.5734375 0.6125 0.5765625 0.59375 0.5796875 0.5875 0.59375 0.5875 0.6015625 0.5921875
5 0.55 0.6015625 0.5484375 0.584375 0.553125 0.5765625 0.5640625 0.5765625 0.5671875 0.58125 0.56875 0.590625 0.5640625 0.6046875 0.5515625 0.6015625
5 0.5140625 0.590625 0.521875 0.5921875 0.5234375 0.603125 0.5234375 0.6140625 0.5171875 0.6203125 0.490625 0.61875 0.4859375 0.60625 0.4890625 0.5984375 0.49375 0.59375 0.503125 0.590625 0.509375 0.5921875 0.5125 0.590625
2 0.7375 0.6046875 0.746875 0.609375 0.7515625 0.615625 0.7484375 0.61875 0.7375 0.6203125 0.73125 0.6296875 0.7265625 0.628125 0.728125 0.615625 0.7265625 0.60625 0.7359375 0.6046875
2 0.5453125 0.5640625 0.553125 0.5640625 0.5546875 0.5671875 0.5546875 0.575 0.5484375 0.584375 0.54375 0.5859375 0.5453125 0.565625
2 0.5609375 0.534375 0.5625 0.5359375 0.5609375 0.5421875 0.5578125 0.54375 0.5546875 0.540625 0.559375 0.5359375
2 0.0828125 0.5859375 0.0875 0.590625 0.09375 0.590625 0.0921875 0.5984375 0.0859375 0.6 0.065625 0.5984375 0.0671875 0.590625 0.0703125 0.5875 0.08125 0.5859375
2 0.1078125 0.5796875 0.1125 0.5828125 0.1125 0.5875 0.103125 0.59375 0.1 0.59375 0.096875 0.5875 0.0984375 0.5828125 0.10625 0.5796875
2 0.29375 0.6125 0.3 0.609375 0.3109375 0.609375 0.3171875 0.6203125 0.315625 0.63125 0.3125 0.634375 0.3046875 0.634375 0.2890625 0.6421875 0.278125 0.64375 0.275 0.6421875 0.2734375 0.634375 0.275 0.6265625 0.2828125 0.621875 0.290625 0.621875 0.29375 0.6140625
2 0.3609375 0.5875 0.3640625 0.5828125 0.36875 0.5828125 0.36875 0.5890625 0.3671875 0.590625 0.3625 0.5875
2 0.1234375 0.684375 0.13125 0.6921875 0.134375 0.7 0.134375 0.7171875 0.1234375 0.7375 0.10625 0.740625 0.0859375 0.753125 0.075 0.7703125 0.06875 0.7703125 0.0625 0.7671875 0.05625 0.7703125 0.034375 0.7703125 0.0328125 0.771875 0.0265625 0.7703125 0.0265625 0.7578125 0.0296875 0.7453125 0.065625 0.70625 0.0765625 0.6984375 0.1046875 0.6859375 0.121875 0.684375
2 0.775 0.615625 0.7921875 0.621875 0.7984375 0.6265625 0.7984375 0.6296875 0.7671875 0.6203125 0.765625 0.6171875 0.7734375 0.615625
2 0.453125 0.5734375 0.4625 0.578125 0.4640625 0.5875 0.4625 0.5984375 0.45625 0.603125 0.446875 0.5984375 0.4421875 0.6 0.434375 0.5984375 0.434375 0.5859375 0.4390625 0.5765625 0.4515625 0.5734375
2 0.3625 0.5875 0.36875 0.5921875 0.36875 0.609375 0.35625 0.6125 0.3484375 0.6171875 0.3390625 0.615625 0.3359375 0.6078125 0.3375 0.6015625 0.3515625 0.590625 0.3609375 0.5875
2 0.5078125 0.5609375 0.01015625 0.01875