0 0.4453125 0.5921875 0.4546875 0.5875 0.471875 0.5875 0.4796875 0.5890625 0.4828125 0.5921875 0.4828125 0.6140625 0.48125 0.615625 0.4578125 0.615625 0.45625 0.6171875 0.440625 0.6125 0.4375 0.609375 0.4390625 0.6 0.4453125 0.59375
3 0.646875 0.625 0.6546875 0.6265625 0.6546875 0.6421875 0.65 0.6421875 0.646875 0.6390625 0.6453125 0.6328125 0.646875 0.6265625
3 0.14609375 0.6515625 0.02421875 0.01953125
3 0.22578125 0.6296875 0.01953125 0.025
3 0.24609375 0.6046875 0.01015625 0.01796875
3 0.128125 0.653125 0.134375 0.6546875 0.1328125 0.6671875 0.125 0.671875 0.1171875 0.6734375 0.1140625 0.671875 0.121875 0.65625 0.1265625 0.653125
3 0.5703125 0.596875 0.575 0.596875 0.5765625 0.6 0.575 0.609375 0.571875 0.609375 0.5703125 0.5984375
3 0.015625 0.7078125 0.01875 0.709375 0.01875 0.7125 0.0125 0.71875 0.0125 0.7234375 0.015625 0.728125 0.00625 0.7453125 0 0.746875 0 0.73125 0.0046875 0.734375 0.009375 0.73125 0.0109375 0.715625 0.0140625 0.709375
3 0.5875 0.578125 0.590625 0.58125 0.590625 0.5890625 0.5890625 0.5890625 0.5859375 0.58125 0.5875 0.5796875
3 0.66875 0.6421875 0.678125 0.64375 0.684375 0.6484375 0.684375 0.659375 0.6828125 0.6625 0.6796875 0.6625 0.66875 0.6578125 0.6671875 0.6546875 0.66875 0.64375
3 0.078125 0.6140625 0.0828125 0.615625 0.0828125 0.6296875 0.0796875 0.6328125 0.0765625 0.63125 0.078125 0.615625
1 0.6015625 0.53125 0.60625 0.53125 0.6078125 0.534375 0.6078125 0.546875 0.60625 0.55 0.6015625 0.55 0.6015625 0.5328125
5 0.584375 0.54375 0.5921875 0.54375 0.5921875 0.559375 0.5859375 0.5609375 0.5828125 0.55625 0.584375 0.5453125
2 0.775 0.615625 0.7921875 0.621875 0.7984375 0.6265625 0.7984375 0.6296875 0.7828125 0.6234375 0.775 0.6234375 0.7671875 0.6203125 0.765625 0.6171875 0.7734375 0.615625
2 0.296875 0.6046875 0.303125 0.6109375 0.303125 0.61875 0.29375 0.6265625 0.28125 0.6171875 0.2765625 0.615625 0.26875 0.6171875 0.2671875 0.6125 0.278125 0.6046875 0.2859375 0.603125 0.2953125 0.6046875
2 0.56875 0.5515625 0.5734375 0.553125 0.575 0.55625 0.575 0.565625 0.565625 0.5671875 0.5640625 0.559375 0.5671875 0.553125
2 0.559375 0.7578125 0.575 0.759375 0.584375 0.7640625 0.5890625 0.7640625 0.59375 0.76875 0.596875 0.76875 0.6 0.7765625 0.5984375 0.8140625 0.575 0.840625 0.5703125 0.865625 0.5546875 0.865625 0.540625 0.8609375 0.5265625 0.853125 0.5203125 0.8453125 0.5203125 0.815625 0.528125 0.7890625 0.54375 0.765625 0.55 0.759375 0.5578125 0.7578125
2 0.065625 0.5953125 0.06875 0.5875 0.0828125 0.5859375 0.084375 0.5875 0.0828125 0.5921875 0.0765625 0.59375 0.075 0.596875 0.0671875 0.596875
2 0.45 0.575 0.459375 0.5796875 0.459375 0.5859375 0.4453125 0.5921875 0.4359375 0.603125 0.4328125 0.6 0.4328125 0.5875 0.440625 0.578125 0.4484375 0.575
2 0.60625 0.5921875 0.6125 0.6015625 0.6125 0.6171875 0.5984375 0.615625 0.5921875 0.6109375 0.59375 0.5953125 0.596875 0.5921875 0.6046875 0.5921875
2 0.9328125 0.65625 0.9453125 0.6609375 0.9453125 0.6796875 0.9296875 0.671875 0.9234375 0.671875 0.9203125 0.66875 0.9078125 0.665625 0.909375 0.659375 0.9171875 0.65625 0.93125 0.65625
2 0.1140625 0.640625 0.1125 0.6296875 0.11875 0.621875 0.1359375 0.6125 0.153125 0.6125 0.1546875 0.6109375 0.1609375 0.6125 0.1640625 0.6171875 0.1625 0.6328125 0.1578125 0.634375 0.1546875 0.628125 0.146875 0.628125 0.140625 0.6375 0.1296875 0.6375 0.1171875 0.6421875 0.115625 0.640625
2 0.5890625 0.57109375 0.0109375 0.01953125
2 0.2171875 0.6078125 0.2203125 0.615625 0.2203125 0.625 0.2109375 0.6375 0.20625 0.6359375 0.190625 0.6375 0.1796875 0.64375 0.1671875 0.6421875 0.1640625 0.6390625 0.1640625 0.6265625 0.1765625 0.6203125 0.190625 0.6078125 0.2 0.60625 0.215625 0.6078125
2 0.35 0.6015625 0.3546875 0.60625 0.3546875 0.6140625 0.3484375 0.6203125 0.340625 0.6203125 0.3265625 0.6265625 0.3171875 0.625 0.3171875 0.6140625 0.3234375 0.6078125 0.3296875 0.6078125 0.3359375 0.6 0.3484375 0.6015625
2 0.3640625 0.5875 0.3671875 0.59375 0.3671875 0.603125 0.365625 0.60625 0.359375 0.609375 0.35 0.6 0.3375 0.5953125 0.3453125 0.5875 0.35 0.5859375 0.3625 0.5875
2 0.1484375 0.66875 0.15625 0.675 0.159375 0.68125 0.159375 0.690625 0.153125 0.703125 0.15 0.70625 0.1421875 0.70625 0.125 0.7140625 0.1171875 0.71875 0.109375 0.728125 0.1015625 0.7265625 0.08125 0.728125 0.078125 0.725 0.078125 0.7125 0.08125 0.70625 0.109375 0.678125 0.1296875 0.6703125 0.146875 0.66875
2 0.859375 0.6296875 0.8640625 0.6265625 0.878125 0.6265625 0.8875 0.6296875 0.8921875 0.634375 0.896875 0.6453125 0.896875 0.659375 0.8859375 0.659375 0.878125 0.6546875 0.871875 0.6546875 0.85625 0.646875 0.85625 0.6390625 0.859375 0.63125
2 0 0.6296875 0.00625 0.63125 0.009375 0.6359375 0.0078125 0.64375 0 0.65 0 0.63125
2 0.7265625 0.6046875 0.7390625 0.6046875 0.7453125 0.6078125 0.7515625 0.615625 0.7484375 0.61875 0.7375 0.6203125 0.73125 0.6328125 0.7265625 0.628125 0.7265625 0.60625
2 0.525 0.5515625 0.528125 0.553125 0.5296875 0.5609375 0.5234375 0.565625 0.51875 0.5640625 0.51875 0.5578125 0.5234375 0.553125
2 0.284375 0.584375 0.2875 0.5890625 0.2875 0.5984375 0.2796875 0.6 0.2671875 0.6 0.265625 0.590625 0.2703125 0.5859375 0.2828125 0.584375
2 0.490625 0.578125 0.4921875 0.5703125 0.496875 0.565625 0.5078125 0.565625 0.509375 0.5703125 0.5078125 0.58125 0.49375 0.5828125 0.4921875 0.5796875
2 0.265625 0.63359375 0.0484375 0.03515625