2 0.496875 0.61328125 0.0375 0.025
2 0.54609375 0.603125 0.03125 0.03125
2 0.3359375 0.7546875 0.0484375 0.0703125
2 0.19609375 0.78125 0.065625 0.0984375
2 0.77109375 0.61875 0.0453125 0.0265625
2 0.2671875 0.70625 0.0828125 0.05625
2 0.39375 0.6859375 0.0375 0.0484375
5 0.4109375 0.7984375 0.1046875 0.1328125
4 0.90546875 0.7171875 0.0984375 0.078125
5 0.4171875 0.64375 0.046875 0.046875
2 0.43203125 0.603125 0.0203125 0.034375
4 0.68828125 0.6109375 0.065625 0.059375
2 0.921875 0.6046875 0.0328125 0.0265625
2 0.375 0.615625 0.046875 0.0375
2 0.50703125 0.5765625 0.0265625 0.021875
2 0.996875 0.7546875 0.00625 0.0375