2 0.4370833333333334 0.79453125 0.07880787037037038 0.0921875
2 0.8976273148148148 0.63671875 0.07532407407407433 0.04375
2 0.34835069444444444 0.75 0.045798611111111144 0.065625
2 0.4096064814814815 0.70703125 0.04103009259259256 0.0546875
2 0.6618402777777778 0.9328125 0.15715277777777778 0.121875
2 0.5283217592592593 0.60625 0.03299768518518516 0.025
2 0.3829398148148148 0.615625 0.03144675925925924 0.0265625
2 0.9394097222222222 0.69140625 0.10372685185185163 0.08125
2 0.19218171296296296 0.7390625 0.11155092592592597 0.0828125
2 0.47509837962962964 0.9359375 0.1306365740740741 0.128125
2 0.70640625 0.61171875 0.0487268518518519 0.0390625
1 0.3246701388888889 0.67734375 0.08491898148148147 0.0734375
0 0.28653935185185186 0.7625 0.06657407407407412 0.128125
2 0.9347685185185185 0.5796875 0.03456018518518533 0.025
2 0.5596701388888888 0.59296875 0.02526620370370374 0.0359375
4 0.42500578703703706 0.63203125 0.055196759259259306 0.06875
2 0.9917476851851852 0.58671875 0.008032407407407405 0.0296875
2 0.5019444444444444 0.58125 0.020486111111111073 0.0234375
2 0.45098958333333333 0.6046875 0.01894675925925924 0.0265625
2 0.9667187500000001 0.590625 0.028321759259259238 0.0265625
2 0.7876041666666668 0.61875 0.03457175925925924 0.0265625
2 0.8515046296296298 0.95703125 0.05186342592592581 0.040625
5 0.7658391203703703 0.60390625 0.07704861111111114 0.065625