5 0.19287615740740743 0.6438483796296296 0.06281249999999998 0.04265046296296297
2 0.6635069444444445 0.7028587962962962 0.06311342592592588 0.08327546296296298
2 0.31256944444444446 0.621087962962963 0.039293981481481485 0.0315393518518519
2 0.8082754629629629 0.6697569444444444 0.10520833333333321 0.07108796296296305
2 0.622800925925926 0.8195601851851851 0.10890046296296294 0.1476736111111112
2 0.12324074074074073 0.6584259259259259 0.05340277777777778 0.03789351851851848
2 0.22144675925925927 0.6889467592592593 0.07391203703703705 0.06460648148148156
2 0.5705844907407408 0.5918344907407407 0.028344907407407405 0.029895833333333323
2 0.7437905092592592 0.6217997685185186 0.061273148148148236 0.045763888888888896
2 0.7185416666666666 0.6555787037037037 0.041018518518518475 0.05342592592592599
2 0.4741087962962963 0.8550347222222221 0.12756944444444435 0.13687499999999986
4 0.6679398148148148 0.6317361111111112 0.056678240740740723 0.058229166666666644