5 0.625 0.590625 0.6375 0.6 0.6390625 0.6234375 0.6375 0.6265625 0.6328125 0.6265625 0.6234375 0.63125 0.6140625 0.621875 0.6140625 0.5984375 0.61875 0.590625 0.6234375 0.590625
5 0.2515625 0.615625 0.253125 0.6171875 0.253125 0.6484375 0.2515625 0.6515625 0.246875 0.6515625 0.2390625 0.6625 0.2296875 0.6609375 0.221875 0.6640625 0.2109375 0.6765625 0.2078125 0.6765625 0.20625 0.6734375 0.2046875 0.675 0.184375 0.6734375 0.1828125 0.6546875 0.1875 0.6328125 0.20625 0.625 0.2125 0.625 0.2375 0.6140625 0.25 0.615625
5 0.61875 0.7265625 0.6296875 0.7296875 0.6421875 0.7375 0.6484375 0.7671875 0.6484375 0.803125 0.64375 0.821875 0.6234375 0.8421875 0.6171875 0.86875 0.609375 0.8703125 0.6015625 0.878125 0.5953125 0.878125 0.5890625 0.8734375 0.5859375 0.875 0.5734375 0.8703125 0.5671875 0.8578125 0.5578125 0.8484375 0.5578125 0.7796875 0.559375 0.7703125 0.5921875 0.7375 0.596875 0.734375 0.603125 0.734375 0.6109375 0.728125 0.6171875 0.7265625
3 0.5859375 0.5953125 0.5875 0.596875 0.5875 0.6125 0.584375 0.6125 0.5828125 0.609375 0.584375 0.596875
3 0.5265625 0.6125 0.53125 0.6109375 0.5359375 0.6125 0.534375 0.63125 0.5234375 0.6265625 0.5234375 0.6203125 0.5265625 0.6140625
3 0.73125 0.584375 0.7375 0.5953125 0.7359375 0.6 0.73125 0.6 0.7265625 0.596875 0.7265625 0.5859375 0.7296875 0.584375
3 0.1859375 0.6078125 0.2 0.6046875 0.2015625 0.6140625 0.2 0.6203125 0.1859375 0.6203125 0.184375 0.61875 0.1859375 0.609375
3 0.09375 0.7296875 0.0953125 0.7328125 0.090625 0.7421875 0.09375 0.7546875 0.090625 0.765625 0.084375 0.7703125 0.08125 0.7671875 0.0765625 0.7765625 0.0578125 0.7859375 0.0546875 0.7859375 0.0625 0.75 0.065625 0.7484375 0.078125 0.7546875 0.0828125 0.746875 0.084375 0.7375 0.0828125 0.73125 0.0921875 0.7296875
3 0.5828125 0.6796875 0.5890625 0.678125 0.5875 0.7015625 0.5828125 0.7 0.58125 0.6875 0.5828125 0.68125
3 0.321875 0.6109375 0.325 0.6125 0.3265625 0.6171875 0.3265625 0.6265625 0.315625 0.63125 0.3125 0.6296875 0.3125 0.6234375 0.315625 0.6140625 0.3203125 0.6109375
3 0.2578125 0.625 0.2625 0.6234375 0.2640625 0.628125 0.2640625 0.640625 0.25625 0.6453125 0.2546875 0.6328125 0.2578125 0.6265625
3 0.221875 0.6015625 0.2265625 0.6015625 0.2296875 0.60625 0.228125 0.6140625 0.221875 0.6171875 0.21875 0.6125 0.221875 0.603125
3 0.56875 0.55 0.5703125 0.55 0.5703125 0.5625 0.56875 0.5515625
3 0.6484375 0.6953125 0.6515625 0.7 0.6515625 0.709375 0.6484375 0.71875 0.64375 0.715625 0.640625 0.703125 0.640625 0.696875 0.64375 0.69375 0.646875 0.6953125
3 0.3375 0.6046875 0.3421875 0.603125 0.35 0.6046875 0.35 0.615625 0.3375 0.61875 0.334375 0.615625 0.3375 0.60625
3 0.175 0.6203125 0.18125 0.6265625 0.1828125 0.6328125 0.175 0.6390625 0.165625 0.640625 0.1640625 0.6375 0.165625 0.6296875 0.1734375 0.621875
3 0.0125 0.6203125 0.015625 0.621875 0.0171875 0.6265625 0.0171875 0.634375 0.0125 0.6390625 0.0046875 0.6296875 0 0.628125 0 0.621875 0.0109375 0.6203125
3 0.5921875 0.5484375 0.5953125 0.5484375 0.5953125 0.559375 0.5921875 0.55
3 0.58125 0.546875 0.5828125 0.546875 0.5828125 0.55625 0.58125 0.5578125 0.58125 0.5484375
2 0.5375 0.5515625 0.5390625 0.5421875 0.5453125 0.54375 0.5453125 0.55 0.5390625 0.5515625
2 0.15 0.6640625 0.153125 0.6765625 0.1453125 0.690625 0.125 0.696875 0.109375 0.709375 0.0984375 0.7109375 0.08125 0.709375 0.0796875 0.6953125 0.1015625 0.66875 0.109375 0.6640625 0.125 0.6609375 0.1453125 0.6609375 0.1484375 0.6640625
2 0.48125 0.5953125 0.4875 0.6046875 0.4828125 0.6171875 0.453125 0.615625 0.4515625 0.6125 0.4546875 0.6 0.4609375 0.5953125 0.4671875 0.59375 0.4796875 0.5953125
2 0.46875 0.5921875 0.4703125 0.5828125 0.4765625 0.5765625 0.4890625 0.578125 0.490625 0.584375 0.4890625 0.5921875 0.484375 0.596875 0.4765625 0.5921875 0.4703125 0.5921875
2 0.7765625 0.615625 0.796875 0.625 0.796875 0.6296875 0.7671875 0.6203125 0.765625 0.61875 0.7671875 0.615625 0.775 0.615625
2 0 0.7546875 0.00625 0.759375 0.0109375 0.771875 0.0109375 0.790625 0.0078125 0.796875 0.003125 0.8015625 0 0.8015625 0 0.75625
2 0.1265625 0.646875 0.1328125 0.659375 0.1171875 0.6609375 0.1015625 0.6671875 0.0765625 0.696875 0.0703125 0.696875 0.065625 0.6921875 0.065625 0.68125 0.0703125 0.671875 0.0859375 0.65625 0.1015625 0.646875 0.109375 0.6453125 0.125 0.646875
2 0.4734375 0.5703125 0.4765625 0.571875 0.4765625 0.575 0.4703125 0.5828125 0.4671875 0.5921875 0.4640625 0.59375 0.459375 0.5921875 0.4609375 0.5734375 0.4640625 0.5703125 0.471875 0.5703125
2 0.5703125 0.5890625 0.5734375 0.596875 0.5734375 0.60625 0.56875 0.6109375 0.55 0.609375 0.5421875 0.60625 0.5421875 0.596875 0.553125 0.5875 0.56875 0.5890625
2 0.36875 0.5859375 0.36875 0.6046875 0.3578125 0.6078125 0.3546875 0.60625 0.3546875 0.5953125 0.3671875 0.5859375
2 0.53125 0.5453125 0.5375 0.546875 0.5375 0.553125 0.534375 0.55625 0.5296875 0.55625 0.53125 0.546875
2 0.490625 0.553125 0.496875 0.55625 0.496875 0.5609375 0.4890625 0.571875 0.484375 0.571875 0.48125 0.5671875 0.4828125 0.5578125 0.4890625 0.553125
2 0.3984375 0.6109375 0.3984375 0.584375 0.4 0.5828125 0.403125 0.584375 0.403125 0.6078125 0.4 0.6109375
2 0.4984375 0.5609375 0.50625 0.5609375 0.5078125 0.5671875 0.50625 0.5828125 0.4921875 0.584375 0.490625 0.571875 0.4984375 0.5625
2 0.3453125 0.584375 0.3515625 0.5890625 0.35 0.603125 0.3453125 0.5984375 0.3421875 0.5984375 0.3328125 0.609375 0.328125 0.6109375 0.3203125 0.60625 0.3140625 0.6125 0.30625 0.609375 0.30625 0.6015625 0.3109375 0.5953125 0.3234375 0.5875 0.3328125 0.584375 0.34375 0.584375
2 0.58125 0.65 0.578125 0.6421875 0.578125 0.621875 0.5828125 0.6171875 0.590625 0.6171875 0.596875 0.6234375 0.6 0.634375 0.6 0.65 0.5984375 0.6515625 0.5921875 0.6484375 0.584375 0.6515625 0.5828125 0.65
2 0.5125 0.5875 0.515625 0.5921875 0.515625 0.6046875 0.509375 0.6109375 0.490625 0.6078125 0.4875 0.603125 0.4875 0.5953125 0.49375 0.5875 0.5109375 0.5875
2 0.859375 0.6875 0.884375 0.6984375 0.8921875 0.7078125 0.8953125 0.715625 0.8953125 0.740625 0.8828125 0.7484375 0.871875 0.7484375 0.865625 0.753125 0.8578125 0.7484375 0.8515625 0.7375 0.8234375 0.7234375 0.81875 0.721875 0.8109375 0.7234375 0.8015625 0.7125 0.803125 0.690625 0.81875 0.690625 0.8375 0.684375 0.8484375 0.684375 0.8578125 0.6875
2 0.7265625 0.6046875 0.7390625 0.6046875 0.7484375 0.6125 0.7484375 0.615625 0.740625 0.6125 0.7359375 0.6171875 0.7328125 0.6296875 0.7296875 0.63125 0.7265625 0.628125 0.728125 0.6140625 0.7265625 0.60625
2 0.4328125 0.60625 0.43125 0.5953125 0.434375 0.590625 0.4390625 0.5890625 0.4515625 0.590625 0.45625 0.5953125 0.4484375 0.609375 0.434375 0.60625
2 0 0.6296875 0.00625 0.63125 0.009375 0.6375 0.0078125 0.64375 0.003125 0.6484375 0 0.6484375 0 0.63125
2 0.409375 0.878125 0.4234375 0.884375 0.43125 0.903125 0.4328125 0.934375 0.428125 0.9421875 0.425 0.9546875 0.41875 0.9640625 0.415625 0.965625 0.4078125 0.9640625 0.3890625 0.9828125 0.38125 0.99375 0.3734375 0.996875 0.3625 0.9953125 0.35 0.9984375 0.3375 0.9953125 0.3140625 0.9984375 0.28125 0.9984375 0.2828125 0.975 0.2890625 0.9640625 0.2984375 0.95625 0.3140625 0.93125 0.3203125 0.925 0.3203125 0.921875 0.3453125 0.8953125 0.3671875 0.8828125 0.3734375 0.88125 0.3875 0.8828125 0.396875 0.878125 0.4078125 0.878125
2 0.6703125 0.5609375 0.6828125 0.5703125 0.6828125 0.578125 0.6796875 0.5796875 0.6578125 0.5765625 0.65625 0.5734375 0.6578125 0.5609375 0.659375 0.559375 0.66875 0.5609375
2 0.6296875 0.6296875 0.6328125 0.628125 0.6453125 0.6296875 0.653125 0.646875 0.653125 0.675 0.65 0.6765625 0.646875 0.671875 0.6390625 0.6703125 0.6296875 0.671875 0.6265625 0.659375 0.6265625 0.6390625 0.6296875 0.63125