3 0.2859375 0.596875 0.2890625 0.6 0.290625 0.609375 0.2875 0.6140625 0.2828125 0.615625 0.2765625 0.615625 0.275 0.609375 0.2796875 0.6 0.284375 0.596875
3 0.525 0.8578125 0.528125 0.884375 0.5265625 0.9015625 0.51875 0.9171875 0.5109375 0.925 0.5046875 0.9390625 0.5 0.9296875 0.5015625 0.89375 0.50625 0.8890625 0.515625 0.8921875 0.51875 0.896875 0.5234375 0.8953125 0.525 0.8703125 0.5234375 0.8625 0.5203125 0.859375 0.5234375 0.8578125
3 0.015625 0.7015625 0.0203125 0.709375 0.01875 0.7203125 0.0234375 0.7234375 0.028125 0.71875 0.0359375 0.7 0.040625 0.6984375 0.0390625 0.7171875 0.0328125 0.728125 0.015625 0.73125 0.009375 0.7375 0 0.740625 0 0.73125 0.003125 0.7296875 0.0140625 0.703125
4 0.4671875 0.5609375 0.471875 0.5640625 0.475 0.5765625 0.4640625 0.5921875 0.4515625 0.596875 0.44375 0.5953125 0.4421875 0.578125 0.4515625 0.5640625 0.465625 0.5609375
4 0.6234375 0.5859375 0.6359375 0.5921875 0.6375 0.5953125 0.6375 0.6375 0.63125 0.64375 0.6296875 0.65 0.6171875 0.646875 0.603125 0.6328125 0.6046875 0.5859375 0.60625 0.584375 0.621875 0.5859375
0 0.3515625 0.590625 0.35625 0.6125 0.353125 0.61875 0.340625 0.625 0.3109375 0.6265625 0.30625 0.6296875 0.296875 0.628125 0.296875 0.61875 0.3 0.6125 0.3046875 0.6109375 0.30625 0.603125 0.3109375 0.596875 0.328125 0.5953125 0.34375 0.5890625 0.35 0.590625
5 0.20625 0.6359375 0.06015625 0.0515625
5 0.6078125 0.65 0.615625 0.6515625 0.6203125 0.65625 0.6203125 0.6765625 0.621875 0.678125 0.6203125 0.6796875 0.6203125 0.7046875 0.6171875 0.7140625 0.6109375 0.7125 0.5953125 0.7140625 0.5921875 0.7078125 0.590625 0.6953125 0.5921875 0.6640625 0.596875 0.653125 0.6015625 0.65 0.60625 0.65
2 0.7265625 0.6046875 0.7390625 0.6046875 0.7453125 0.6078125 0.75 0.6140625 0.7484375 0.6171875 0.740625 0.615625 0.7296875 0.63125 0.7265625 0.628125 0.728125 0.6140625 0.7265625 0.60625
2 0.584375 0.5453125 0.5875 0.55 0.5859375 0.559375 0.5796875 0.5578125 0.5796875 0.546875 0.5828125 0.5453125
2 0.06875 0.5875 0.071875 0.5859375 0.084375 0.5875 0.084375 0.590625 0.078125 0.59375 0.0765625 0.5984375 0.065625 0.596875 0.065625 0.5921875 0.06875 0.5890625
2 0.4671875 0.603125 0.46875 0.5859375 0.4765625 0.578125 0.4890625 0.5796875 0.4890625 0.5953125 0.48125 0.603125 0.46875 0.603125
2 0.93125 0.65625 0.9453125 0.6609375 0.9453125 0.678125 0.934375 0.6765625 0.928125 0.671875 0.9078125 0.665625 0.9078125 0.6609375 0.9109375 0.6578125 0.9296875 0.65625
2 0.603125 0.5328125 0.60625 0.5359375 0.60625 0.5421875 0.6046875 0.54375 0.6 0.5421875 0.6015625 0.534375
2 0.4328125 0.603125 0.43125 0.5828125 0.434375 0.578125 0.4421875 0.5859375 0.4421875 0.5953125 0.4390625 0.6015625 0.434375 0.603125
2 0.4015625 0.5734375 0.403125 0.575 0.403125 0.5984375 0.4015625 0.6 0.3984375 0.5984375 0.3984375 0.575 0.4 0.575
2 0.528125 0.5484375 0.5296875 0.55625 0.528125 0.5578125 0.5203125 0.5578125 0.51875 0.5546875 0.5234375 0.546875 0.5265625 0.5484375
2 0.13125 0.6640625 0.1375 0.671875 0.1359375 0.7 0.1328125 0.703125 0.121875 0.703125 0.1109375 0.7078125 0.1046875 0.7125 0.0984375 0.7234375 0.0765625 0.7234375 0.075 0.725 0.0703125 0.725 0.065625 0.721875 0.0640625 0.7109375 0.0703125 0.6984375 0.078125 0.6921875 0.084375 0.68125 0.0953125 0.671875 0.109375 0.6640625 0.1296875 0.6640625
2 0.5875 0.5890625 0.5921875 0.5921875 0.5953125 0.603125 0.5953125 0.6125 0.5921875 0.6171875 0.578125 0.615625 0.575 0.6109375 0.575 0.59375 0.5765625 0.590625 0.5859375 0.5890625
2 0.49375 0.565625 0.5046875 0.5640625 0.509375 0.571875 0.5078125 0.58125 0.4921875 0.5828125 0.490625 0.571875 0.49375 0.5671875
2 0 0.6296875 0.00625 0.63125 0.009375 0.6359375 0.0078125 0.64375 0 0.65 0 0.63125
2 0.0734375 0.5984375 0.08125 0.590625 0.0953125 0.590625 0.096875 0.5953125 0.0953125 0.6 0.0875 0.6 0.08125 0.603125 0.075 0.6
2 0.5015625 0.553125 0.50625 0.5609375 0.4953125 0.5640625 0.4921875 0.5640625 0.490625 0.559375 0.4953125 0.553125 0.5 0.553125
2 0.540625 0.5484375 0.5390625 0.5546875 0.5328125 0.5578125 0.53125 0.5578125 0.53125 0.5484375 0.534375 0.5453125 0.5390625 0.5484375
2 0.871875 0.7140625 0.8953125 0.725 0.896875 0.753125 0.89375 0.7609375 0.8875 0.7578125 0.8671875 0.7578125 0.859375 0.7640625 0.8375 0.7546875 0.825 0.7546875 0.8203125 0.75 0.8203125 0.746875 0.8109375 0.7390625 0.8109375 0.7265625 0.8125 0.721875 0.81875 0.71875 0.8375 0.71875 0.85625 0.7140625 0.8703125 0.7140625
2 0.0953125 0.6 0.1 0.6171875 0.0921875 0.6265625 0.08125 0.628125 0.075 0.628125 0.0765625 0.6078125 0.078125 0.6046875 0.084375 0.6015625 0.09375 0.6
2 0.2375 0.6296875 0.2359375 0.615625 0.23125 0.609375 0.234375 0.6046875 0.2421875 0.6015625 0.25625 0.6015625 0.259375 0.6109375 0.259375 0.6234375 0.253125 0.6296875 0.2453125 0.628125 0.2375 0.63125
2 0.775 0.615625 0.7921875 0.621875 0.7984375 0.6265625 0.7984375 0.6296875 0.7671875 0.6203125 0.765625 0.6171875 0.7734375 0.615625
2 0.9078125 0.9546875 0.9125 0.9578125 0.921875 0.959375 0.928125 0.965625 0.9390625 0.9796875 0.9453125 0.9984375 0.90625 0.9984375 0.8953125 0.99375 0.8921875 0.9765625 0.89375 0.971875 0.9015625 0.9671875 0.9078125 0.95625
2 0.365625 0.5875 0.36875 0.5890625 0.3671875 0.6203125 0.3609375 0.6203125 0.3546875 0.615625 0.353125 0.6078125 0.3546875 0.5921875 0.3640625 0.5890625
2 0.0578125 0.5984375 0.053125 0.6140625 0.0453125 0.621875 0.0390625 0.621875 0.0359375 0.6171875 0.0375 0.6046875 0.040625 0.6 0.046875 0.596875 0.05625 0.5984375