0 0.60625 0.5703125 0.6140625 0.5734375 0.61875 0.578125 0.61875 0.5921875 0.615625 0.5984375 0.5953125 0.59375 0.59375 0.590625 0.5953125 0.575 0.6 0.5703125 0.6046875 0.5703125
0 0.7203125 0.7921875 0.740625 0.8 0.7515625 0.809375 0.765625 0.840625 0.7640625 0.896875 0.75625 0.94375 0.7484375 0.9703125 0.7453125 0.9953125 0.7375 0.9984375 0.6625 0.9984375 0.6578125 0.9890625 0.6578125 0.9640625 0.6625 0.94375 0.6609375 0.89375 0.7015625 0.80625 0.7140625 0.79375 0.71875 0.79375
3 0.5953125 0.653125 0.5984375 0.65625 0.6 0.6640625 0.5984375 0.6828125 0.5953125 0.6828125 0.59375 0.6796875 0.5921875 0.6640625 0.5921875 0.6546875 0.59375 0.6546875
3 0.4984375 0.6015625 0.5015625 0.6046875 0.503125 0.6171875 0.5015625 0.621875 0.4921875 0.6203125 0.4890625 0.615625 0.4890625 0.609375 0.496875 0.6015625
3 0.0953125 0.609375 0.096875 0.6125 0.0953125 0.628125 0.090625 0.628125 0.090625 0.6171875 0.09375 0.6109375
3 0.221875 0.5953125 0.228125 0.6 0.2296875 0.6046875 0.225 0.6171875 0.2171875 0.6125 0.209375 0.6140625 0.2046875 0.6109375 0.2046875 0.60625 0.215625 0.5953125 0.2203125 0.5953125
3 0.584375 0.5765625 0.5875 0.58125 0.5875 0.5890625 0.584375 0.590625 0.5828125 0.5890625 0.584375 0.578125
3 0.4890625 0.5703125 0.4921875 0.5703125 0.490625 0.584375 0.4875 0.584375 0.4890625 0.571875
3 0.10625 0.6921875 0.1140625 0.7078125 0.1171875 0.70625 0.11875 0.6984375 0.1234375 0.6953125 0.1234375 0.70625 0.1203125 0.7125 0.1 0.7265625 0.096875 0.725 0.096875 0.7171875 0.1046875 0.69375
3 0.009375 0.7625 0.009375 0.746875 0.015625 0.728125 0.021875 0.7234375 0.0265625 0.7265625 0.0265625 0.7359375 0.0296875 0.740625 0.034375 0.7390625 0.0359375 0.7296875 0.040625 0.725 0.0453125 0.725 0.046875 0.728125 0.04375 0.7328125 0.04375 0.740625 0.0375 0.7484375 0.03125 0.7484375 0.0140625 0.7625 0.0109375 0.7625
3 0.7625 0.6640625 0.7671875 0.671875 0.765625 0.684375 0.7453125 0.6765625 0.74375 0.671875 0.74375 0.6640625 0.7484375 0.6578125 0.7515625 0.659375 0.7546875 0.665625 0.7609375 0.6640625
3 0.19140625 0.61171875 0.0203125 0.02265625
3 0 0.625 0.0125 0.6234375 0.015625 0.625 0.0171875 0.6296875 0.0171875 0.6375 0.0109375 0.640625 0.0078125 0.6328125 0 0.6265625
3 0.1125 0.6234375 0.1125 0.6140625 0.115625 0.6046875 0.11875 0.6078125 0.1203125 0.6203125 0.11875 0.6234375 0.1140625 0.6234375
4 0.11875 0.575 0.1234375 0.578125 0.1234375 0.5984375 0.1171875 0.6046875 0.1109375 0.60625 0.1 0.60625 0.096875 0.603125 0.096875 0.5875 0.1 0.578125 0.1171875 0.575
4 0.55625 0.53671875 0.01328125 0.01953125
5 0.5203125 0.584375 0.5234375 0.590625 0.5234375 0.60625 0.5171875 0.6140625 0.5125 0.615625 0.5046875 0.6125 0.4984375 0.603125 0.4890625 0.6078125 0.4859375 0.59375 0.496875 0.5828125 0.51875 0.584375
5 0.478125 0.5546875 0.4796875 0.55625 0.4796875 0.575 0.4734375 0.58125 0.46875 0.58125 0.4640625 0.578125 0.4609375 0.58125 0.4546875 0.58125 0.4515625 0.578125 0.4515625 0.5734375 0.453125 0.565625 0.4578125 0.5578125 0.4765625 0.5546875
5 0.55625 0.59375 0.571875 0.5984375 0.5734375 0.6078125 0.571875 0.6234375 0.5671875 0.628125 0.55625 0.6296875 0.546875 0.6234375 0.53125 0.621875 0.53125 0.6078125 0.534375 0.6015625 0.54375 0.59375 0.5546875 0.59375
2 0.7265625 0.6046875 0.7375 0.6046875 0.7453125 0.6078125 0.7515625 0.615625 0.7484375 0.61875 0.7375 0.6203125 0.73125 0.628125 0.728125 0.628125 0.7265625 0.6265625 0.728125 0.615625 0.7265625 0.60625
2 0.571875 0.5640625 0.5765625 0.5671875 0.5765625 0.58125 0.5671875 0.5796875 0.5671875 0.56875 0.5703125 0.565625
2 0.5671875 0.5453125 0.571875 0.546875 0.571875 0.559375 0.565625 0.559375 0.5671875 0.546875
2 0.9078125 0.65625 0.93125 0.65625 0.940625 0.6578125 0.9453125 0.6609375 0.9453125 0.678125 0.9421875 0.678125 0.9078125 0.665625 0.90625 0.6640625 0.9078125 0.6578125
2 0.3640625 0.61015625 0.01171875 0.02265625
2 0.275 0.603125 0.28125 0.6078125 0.2828125 0.615625 0.2828125 0.6234375 0.2765625 0.634375 0.2734375 0.6359375 0.2625 0.634375 0.2484375 0.64375 0.24375 0.64375 0.2375 0.634375 0.2359375 0.63125 0.2375 0.625 0.2453125 0.61875 0.2515625 0.609375 0.2609375 0.6046875 0.2734375 0.603125
2 0.4484375 0.5765625 0.453125 0.584375 0.4359375 0.5984375 0.4328125 0.5984375 0.43125 0.5953125 0.4328125 0.5828125 0.4375 0.578125 0.446875 0.5765625
2 0.3625 0.59765625 0.01484375 0.01796875
2 0.234375 0.6328125 0.240625 0.640625 0.240625 0.6578125 0.23125 0.6671875 0.2125 0.6734375 0.2046875 0.6828125 0.1859375 0.68125 0.18125 0.6765625 0.1828125 0.6640625 0.1921875 0.6546875 0.1953125 0.6484375 0.2046875 0.640625 0.221875 0.634375 0.2328125 0.6328125
2 0.4671875 0.5859375 0.471875 0.59375 0.471875 0.603125 0.4703125 0.6078125 0.4671875 0.609375 0.45625 0.6078125 0.453125 0.609375 0.45 0.6015625 0.44375 0.5953125 0.44375 0.5921875 0.45625 0.584375 0.465625 0.5859375
2 0.08125 0.5859375 0.084375 0.5890625 0.078125 0.5984375 0.0703125 0.5984375 0.065625 0.59375 0.06875 0.5875 0.0796875 0.5859375
2 0 0.7609375 0.00625 0.7625 0.0125 0.76875 0.0125 0.8 0.009375 0.8046875 0.00625 0.821875 0.003125 0.8234375 0 0.821875 0 0.7625
2 0.3453125 0.5890625 0.3515625 0.5953125 0.353125 0.6125 0.3484375 0.6203125 0.3359375 0.6203125 0.3265625 0.6265625 0.321875 0.6265625 0.3140625 0.6203125 0.3125 0.6109375 0.3265625 0.5984375 0.328125 0.59375 0.34375 0.5890625
2 0 0.628125 0.00625 0.6296875 0.009375 0.6359375 0.0078125 0.6453125 0 0.65 0 0.6296875
2 0.7734375 0.615625 0.7921875 0.621875 0.7984375 0.6265625 0.7984375 0.6296875 0.765625 0.6203125 0.765625 0.6171875 0.771875 0.615625
2 0.5140625 0.5515625 0.515625 0.5640625 0.5078125 0.5671875 0.503125 0.565625 0.503125 0.55625 0.5046875 0.553125 0.5125 0.5515625
2 0.0578125 0.596875 0.0578125 0.6 0.0484375 0.6046875 0.04375 0.6203125 0.040625 0.621875 0.0359375 0.61875 0.0359375 0.6078125 0.0390625 0.6 0.04375 0.5953125 0.05625 0.596875