3 0.853125 0.6890625 0.8609375 0.69375 0.8703125 0.6921875 0.875 0.7 0.8765625 0.71875 0.859375 0.7109375 0.8546875 0.70625 0.8515625 0.6984375 0.8515625 0.690625
3 0.534375 0.575 0.540625 0.5875 0.540625 0.5890625 0.534375 0.5875 0.5328125 0.584375 0.534375 0.5765625
3 0.346875 0.6953125 0.35 0.696875 0.35 0.7140625 0.3453125 0.725 0.340625 0.725 0.3375 0.7109375 0.3375 0.7 0.34375 0.7046875 0.346875 0.7015625 0.346875 0.696875
3 0.4671875 0.6453125 0.4640625 0.63125 0.4640625 0.6265625 0.4671875 0.6234375 0.4734375 0.625 0.4765625 0.6296875 0.4765625 0.6421875 0.46875 0.6453125
3 0.384375 0.6078125 0.3890625 0.6109375 0.3890625 0.6265625 0.3828125 0.625 0.38125 0.6171875 0.3828125 0.609375
3 0.8265625 0.6515625 0.828125 0.65625 0.8375 0.6625 0.840625 0.6703125 0.8421875 0.684375 0.8359375 0.684375 0.8234375 0.675 0.821875 0.659375 0.81875 0.653125 0.825 0.6515625
3 0.8987905092592593 0.6170891203703703 0.009699074074073976 0.02201388888888891
3 0.3546875 0.6328125 0.35625 0.64375 0.3515625 0.6515625 0.3484375 0.6515625 0.346875 0.640625 0.3484375 0.6359375 0.353125 0.6328125
3 0.5515625 0.596875 0.5578125 0.590625 0.5609375 0.6015625 0.55625 0.6046875 0.553125 0.5984375
3 0.725 0.6484375 0.7234375 0.6359375 0.73125 0.63125 0.7375 0.6375 0.740625 0.6515625 0.7359375 0.653125 0.7265625 0.6484375
3 0.8 0.603125 0.8078125 0.6109375 0.809375 0.6171875 0.80625 0.6203125 0.79375 0.61875 0.790625 0.621875 0.7859375 0.61875 0.7859375 0.6078125 0.79375 0.6 0.7984375 0.603125
3 0.775 0.6015625 0.784375 0.609375 0.7859375 0.6140625 0.78125 0.61875 0.76875 0.6203125 0.765625 0.61875 0.7625 0.609375 0.7671875 0.6 0.7734375 0.6015625
3 0.928125 0.7265625 0.9328125 0.73125 0.9359375 0.74375 0.9359375 0.7625 0.9328125 0.7625 0.9125 0.746875 0.9109375 0.7359375 0.9078125 0.73125 0.9078125 0.7296875 0.9140625 0.7296875 0.91875 0.7328125 0.921875 0.728125 0.9265625 0.728125
3 0.30256944444444445 0.7051099537037037 0.01471064814814813 0.04395833333333332
3 0.8140625 0.609375 0.825 0.609375 0.83125 0.61875 0.8296875 0.628125 0.825 0.6296875 0.8171875 0.628125 0.8125 0.625 0.8140625 0.6109375
3 0.31875 0.678125 0.3203125 0.6828125 0.33125 0.690625 0.3328125 0.696875 0.33125 0.703125 0.3234375 0.7109375 0.3203125 0.7109375 0.31875 0.7078125 0.31875 0.6921875 0.3125 0.6859375 0.3125 0.678125 0.3140625 0.6765625 0.3171875 0.678125
3 0.84375 0.6546875 0.846875 0.6609375 0.8546875 0.6546875 0.8578125 0.65625 0.865625 0.6734375 0.8640625 0.678125 0.8578125 0.6734375 0.8484375 0.675 0.8421875 0.6703125 0.8390625 0.6609375 0.8390625 0.65625 0.8421875 0.6546875
3 0.76875 0.6421875 0.775 0.6484375 0.7765625 0.65625 0.775 0.6640625 0.7671875 0.6625 0.7609375 0.6578125 0.759375 0.646875 0.7609375 0.64375 0.7640625 0.646875 0.76875 0.64375
3 0.8984375 0.6859375 0.9015625 0.6875 0.9046875 0.696875 0.9171875 0.7 0.9140625 0.703125 0.9140625 0.7109375 0.909375 0.7265625 0.903125 0.721875 0.8984375 0.703125 0.8921875 0.6921875 0.8921875 0.6890625 0.896875 0.6859375
3 0.5044618055555555 0.572193287037037 0.004872685185185155 0.0125694444444445
3 0.5453125 0.5796875 0.55 0.5921875 0.5484375 0.59375 0.54375 0.5921875 0.5421875 0.5890625 0.54375 0.58125
0 0.4140625 0.584375 0.41875 0.5875 0.4203125 0.6046875 0.415625 0.6109375 0.4078125 0.6140625 0.3984375 0.6125 0.396875 0.59375 0.4 0.5875 0.4125 0.584375
5 0.9671875 0.5984375 0.9734375 0.6015625 0.9765625 0.60625 0.978125 0.621875 0.9671875 0.621875 0.9609375 0.6171875 0.9578125 0.609375 0.9578125 0.6015625 0.965625 0.6
5 0.9984056712962964 0.7280844907407408 0.0031886574074073692 0.0644328703703704
2 0.2734375 0.6203125 0.2859375 0.6234375 0.284375 0.625 0.284375 0.6421875 0.2859375 0.64375 0.2796875 0.646875 0.2796875 0.64375 0.2703125 0.63125 0.2609375 0.6328125 0.2609375 0.6296875 0.2671875 0.6234375 0.271875 0.621875
2 0.3875 0.628125 0.390625 0.64375 0.384375 0.6453125 0.375 0.65625 0.3703125 0.6578125 0.365625 0.6578125 0.3625 0.6515625 0.3640625 0.64375 0.3625 0.640625 0.365625 0.6328125 0.378125 0.625 0.3859375 0.628125
2 0.378125 0.6875 0.375 0.684375 0.375 0.665625 0.3796875 0.6515625 0.3875 0.6453125 0.4 0.64375 0.4046875 0.6484375 0.4078125 0.65625 0.4078125 0.6703125 0.4 0.68125 0.4 0.6875 0.3984375 0.6890625 0.39375 0.684375 0.3796875 0.6859375
2 0.1046875 0.6765625 0.10625 0.6859375 0.0703125 0.7 0.06875 0.7 0.06875 0.690625 0.065625 0.6875 0.065625 0.684375 0.0703125 0.6796875 0.0859375 0.6765625 0.103125 0.6765625
2 0.4123206018518518 0.5739525462962962 0.012777777777777732 0.018935185185185242
2 0.421875 0.5546875 0.4265625 0.5640625 0.4203125 0.5671875 0.4203125 0.55625
2 0.41875 0.7171875 0.4328125 0.740625 0.434375 0.7625 0.43125 0.76875 0.409375 0.7765625 0.403125 0.775 0.4015625 0.7703125 0.3875 0.753125 0.384375 0.7296875 0.3859375 0.725 0.396875 0.7171875 0.4046875 0.715625 0.4171875 0.7171875
2 0.675 0.6015625 0.6859375 0.6125 0.6859375 0.6203125 0.6828125 0.6234375 0.675 0.6203125 0.65625 0.621875 0.65 0.615625 0.65 0.603125 0.653125 0.5984375 0.6703125 0.5984375 0.6734375 0.6015625
2 0.4510532407407407 0.6049884259259259 0.0206828703703704 0.0253009259259259
2 0.2171875 0.640625 0.23125 0.634375 0.2453125 0.6328125 0.24375 0.6375 0.2328125 0.6421875 0.225 0.6421875 0.21875 0.646875 0.2140625 0.646875 0.2140625 0.64375 0.2171875 0.6421875
2 0.1078125 0.9875 0.1296875 0.9984375 0.0921875 0.9984375 0.103125 0.9859375 0.10625 0.9875
2 0.4453125 0.578125 0.4484375 0.5921875 0.44375 0.5953125 0.4390625 0.59375 0.434375 0.5875 0.4359375 0.58125 0.440625 0.5765625 0.44375 0.578125
2 0.43125 0.5546875 0.4359375 0.5578125 0.4359375 0.5640625 0.43125 0.565625 0.43125 0.55625
2 0.44375 0.5640625 0.45 0.5671875 0.45 0.578125 0.4484375 0.578125 0.4421875 0.575 0.44375 0.565625
2 0.525 0.8421875 0.5375 0.846875 0.55 0.84375 0.5640625 0.8515625 0.5765625 0.8703125 0.5796875 0.871875 0.590625 0.8921875 0.603125 0.90625 0.60625 0.9140625 0.60625 0.9453125 0.603125 0.9515625 0.59375 0.959375 0.59375 0.9625 0.5921875 0.9609375 0.590625 0.9640625 0.5765625 0.9703125 0.571875 0.96875 0.55625 0.9703125 0.5515625 0.965625 0.55 0.9578125 0.546875 0.9546875 0.546875 0.940625 0.5390625 0.9296875 0.515625 0.90625 0.50625 0.9078125 0.5015625 0.9046875 0.49375 0.8828125 0.49375 0.8609375 0.5 0.8546875 0.515625 0.8453125 0.5234375 0.84375