2 0.390625 0.751880787037037 0.059375 0.07744212962962962
2 0.53515625 0.6102719907407408 0.034375 0.031759259259259306
2 0.3296875 0.7166030092592592 0.0421875 0.061562499999999964
2 0.98203125 0.7239236111111111 0.0171875 0.03619212962962948
2 0.39296875 0.6761342592592593 0.0328125 0.047361111111111145
2 0.5265625 0.8929571759259259 0.121875 0.14243055555555556
2 0.384375 0.5994444444444444 0.0296875 0.02387731481481481
2 0.9640625 0.7830324074074074 0.0484375 0.07571759259259245
2 0.215625 0.6781944444444445 0.0703125 0.07135416666666679
2 0.5015625 0.5824305555555556 0.028125 0.028541666666666642
2 0.3765625 0.8563599537037037 0.0890625 0.12944444444444442