1 0.5921875 0.5640625 0.61875 0.5734375 0.6265625 0.5734375 0.6328125 0.578125 0.6359375 0.5921875 0.6359375 0.6203125 0.6234375 0.621875 0.6046875 0.6203125 0.584375 0.603125 0.58125 0.603125 0.578125 0.5921875 0.5796875 0.56875 0.58125 0.565625 0.590625 0.5640625
1 0.5890625 0.5390625 0.5921875 0.54375 0.5921875 0.559375 0.5859375 0.5640625 0.5671875 0.5609375 0.5640625 0.559375 0.5625 0.553125 0.571875 0.540625 0.5875 0.5390625
3 0.16875 0.6546875 0.175 0.659375 0.165625 0.66875 0.1609375 0.68125 0.15625 0.68125 0.1546875 0.678125 0.159375 0.6640625 0.1671875 0.6546875
3 0.5546875 0.6234375 0.0140625 0.01953125
3 0.5859375 0.6375 0.5828125 0.63125 0.5828125 0.625 0.5859375 0.6203125 0.590625 0.61875 0.5953125 0.61875 0.5953125 0.6375 0.5921875 0.640625 0.5875 0.6375
3 0.1859375 0.6203125 0.1953125 0.621875 0.196875 0.625 0.1953125 0.6359375 0.1828125 0.6359375 0.1828125 0.628125 0.1859375 0.621875
3 0.2484375 0.61875 0.25 0.6203125 0.2546875 0.6171875 0.2578125 0.61875 0.25625 0.634375 0.2421875 0.6375 0.2421875 0.6296875 0.246875 0.6203125
3 0.2359375 0.5953125 0.2453125 0.59375 0.25 0.5984375 0.2484375 0.6125 0.234375 0.6140625 0.2296875 0.609375 0.2296875 0.603125 0.2359375 0.596875
3 0.121875 0.6390625 0.1234375 0.6421875 0.11875 0.65 0.1203125 0.6609375 0.115625 0.6640625 0.10625 0.6640625 0.0953125 0.66875 0.0921875 0.6671875 0.0921875 0.6609375 0.1015625 0.646875 0.10625 0.646875 0.109375 0.6515625 0.115625 0.646875 0.1171875 0.640625 0.1203125 0.6390625
3 0.225 0.6484375 0.21875 0.6390625 0.2234375 0.6296875 0.228125 0.6296875 0.2328125 0.634375 0.2328125 0.6453125 0.2265625 0.6484375
3 0.3515625 0.6 0.3578125 0.6125 0.3578125 0.6203125 0.35 0.6234375 0.3421875 0.6234375 0.3421875 0.6109375 0.346875 0.6015625 0.35 0.6
3 0.3640625 0.60625 0.01015625 0.021875
3 0.1125 0.6234375 0.1125 0.6125 0.1171875 0.6046875 0.121875 0.6078125 0.1234375 0.6234375 0.1140625 0.6234375
4 0.5609375 0.5703125 0.56875 0.5734375 0.5703125 0.5796875 0.5703125 0.5984375 0.5640625 0.6109375 0.5578125 0.60625 0.5515625 0.60625 0.546875 0.5984375 0.5484375 0.5734375 0.5515625 0.5703125 0.559375 0.5703125
4 0.490625 0.5671875 0.4921875 0.5765625 0.4890625 0.603125 0.4828125 0.60625 0.4640625 0.603125 0.4609375 0.60625 0.45 0.60625 0.4453125 0.6015625 0.4359375 0.6078125 0.4328125 0.6015625 0.4375 0.5921875 0.4328125 0.590625 0.434375 0.578125 0.4421875 0.575 0.45 0.575 0.4703125 0.565625 0.4875 0.565625 0.4890625 0.5671875
4 0.4890625 0.565625 0.4921875 0.5734375 0.490625 0.6015625 0.4828125 0.60625 0.478125 0.60625 0.475 0.603125 0.459375 0.6046875 0.45625 0.6015625 0.459375 0.5984375 0.4578125 0.59375 0.4609375 0.5875 0.459375 0.578125 0.4609375 0.571875 0.465625 0.5671875 0.4875 0.565625
0 0 0.684375 0.0078125 0.678125 0.025 0.675 0.0390625 0.66875 0.05 0.6671875 0.053125 0.6640625 0.0796875 0.6609375 0.084375 0.696875 0.08125 0.70625 0.071875 0.7109375 0.065625 0.7109375 0.05625 0.7234375 0.04375 0.7234375 0 0.7453125 0 0.6859375
0 0.709375 0.6296875 0.73125 0.646875 0.73125 0.678125 0.7328125 0.6796875 0.73125 0.6890625 0.721875 0.6890625 0.703125 0.684375 0.7 0.675 0.6890625 0.665625 0.6875 0.65 0.6921875 0.63125 0.7078125 0.6296875
5 0.45 0.58125 0.4515625 0.5875 0.45 0.6109375 0.446875 0.6140625 0.43125 0.6125 0.4328125 0.5859375 0.4484375 0.5828125
5 0.54921875 0.57578125 0.01484375 0.0265625
5 0.4765625 0.5640625 0.48125 0.553125 0.4921875 0.553125 0.49375 0.5609375 0.490625 0.565625 0.478125 0.5640625
2 0.7265625 0.6046875 0.7390625 0.6046875 0.75 0.6125 0.7484375 0.6171875 0.740625 0.6171875 0.73125 0.628125 0.728125 0.628125 0.7265625 0.60625
2 0.05625 0.5984375 0.0578125 0.603125 0.0515625 0.603125 0.0453125 0.6078125 0.04375 0.621875 0.0390625 0.621875 0.0359375 0.61875 0.0375 0.6046875 0.04375 0.5984375 0.0546875 0.5984375
2 0.065625 0.5984375 0.0671875 0.590625 0.0734375 0.5859375 0.08125 0.5859375 0.0859375 0.590625 0.0921875 0.590625 0.09375 0.5953125 0.0921875 0.5984375 0.0875 0.5984375 0.0828125 0.6015625 0.0671875 0.5984375
2 0.3125 0.5984375 0.03203125 0.01640625
2 0.215625 0.6390625 0.221875 0.6453125 0.2234375 0.65 0.221875 0.671875 0.21875 0.6734375 0.2109375 0.671875 0.196875 0.6765625 0.1859375 0.6875 0.171875 0.6859375 0.165625 0.6828125 0.1640625 0.675 0.1671875 0.6671875 0.1765625 0.659375 0.1796875 0.653125 0.1890625 0.64375 0.203125 0.6390625 0.2140625 0.6390625
2 0.9328125 0.65625 0.9453125 0.6609375 0.9453125 0.678125 0.934375 0.6765625 0.928125 0.671875 0.921875 0.671875 0.90625 0.6640625 0.9109375 0.65625 0.93125 0.65625
2 0.065625 0.5953125 0.071875 0.5859375 0.0828125 0.5859375 0.084375 0.5890625 0.0765625 0.5984375 0.0671875 0.5984375 0.0671875 0.596875
2 0 0.6296875 0.0046875 0.6296875 0.009375 0.634375 0.0078125 0.6453125 0 0.65 0 0.63125
2 0.775 0.615625 0.796875 0.625 0.7984375 0.6296875 0.7671875 0.6203125 0.765625 0.6171875 0.7734375 0.615625
2 0.3 0.603125 0.3125 0.596875 0.3234375 0.596875 0.328125 0.603125 0.3359375 0.6046875 0.3359375 0.609375 0.3328125 0.6125 0.3296875 0.6234375 0.325 0.621875 0.3125 0.6234375 0.3 0.63125 0.2921875 0.6296875 0.2890625 0.6265625 0.2890625 0.615625 0.3 0.6046875