2 0.14711805555555554 0.6635185185185184 0.051828703703703696 0.036701388888888783
2 0.6878067129629629 0.7695833333333333 0.07414351851851855 0.09640046296296312
5 0.45964120370370376 0.872974537037037 0.16550925925925916 0.1977430555555557
2 0.6294039351851852 0.6907523148148148 0.04888888888888889 0.06165509259259263
2 0.633744212962963 0.6438078703703705 0.028344907407407405 0.030104166666666644
2 0.34457175925925926 0.6332465277777779 0.05189814814814815 0.046076388888888785
2 0.5855034722222222 0.776568287037037 0.0913657407407408 0.1013425925925926
2 0.7198206018518519 0.8722453703703703 0.11038194444444435 0.13755787037037023
4 0.5287615740740741 0.6055150462962964 0.04871527777777764 0.038217592592592456
2 0.12429398148148149 0.6411979166666667 0.023622685185185156 0.025347222222222143
5 0.25946180555555554 0.6407581018518519 0.06128472222222214 0.04777777777777779
2 0.7580034722222223 0.6474363425925926 0.04561342592592581 0.041296296296296296
2 0.6860243055555555 0.6344386574074073 0.033055555555555574 0.03329861111111114
5 0.6068865740740741 0.6043576388888889 0.06292824074074073 0.05873842592592595
2 0.09387152777777777 0.6478993055555555 0.029872685185185176 0.02543981481481481