1 0.2609375 0.5734375 0.2734375 0.5734375 0.2953125 0.5671875 0.315625 0.5671875 0.3171875 0.565625 0.3328125 0.565625 0.3390625 0.5625 0.35 0.5625 0.353125 0.5875 0.3421875 0.603125 0.3203125 0.6046875 0.315625 0.596875 0.3078125 0.5953125 0.29375 0.6 0.284375 0.609375 0.26875 0.6171875 0.2625 0.6171875 0.2578125 0.615625 0.2546875 0.609375 0.2578125 0.5984375 0.2578125 0.578125 0.2609375 0.575
3 0.6578125 0.671875 0.6640625 0.671875 0.66875 0.678125 0.66875 0.7 0.665625 0.703125 0.659375 0.690625 0.6578125 0.6734375
3 0.19296875 0.61171875 0.0203125 0.0234375
3 0.5625 0.971875 0.5703125 0.9796875 0.571875 0.9984375 0.55625 0.9984375 0.5515625 0.990625 0.55 0.9890625 0.546875 0.990625 0.5390625 0.98125 0.5390625 0.975 0.5453125 0.9625 0.55 0.965625 0.5546875 0.9734375 0.5609375 0.971875
3 0.578125 0.5484375 0.5796875 0.553125 0.5796875 0.559375 0.5765625 0.5609375 0.578125 0.55
3 0.5671875 0.85625 0.5703125 0.8546875 0.5828125 0.85625 0.590625 0.871875 0.590625 0.8765625 0.575 0.9 0.5671875 0.8890625 0.56875 0.875 0.5671875 0.8578125
3 0.5640625 0.7484375 0.5609375 0.7359375 0.5625 0.7203125 0.5703125 0.7203125 0.575 0.73125 0.575 0.7390625 0.56875 0.7484375 0.565625 0.7484375
3 0.2453125 0.59375 0.2515625 0.6 0.2515625 0.6078125 0.2453125 0.6125 0.2359375 0.6125 0.2296875 0.609375 0.2296875 0.6 0.2390625 0.59375 0.24375 0.59375
3 0.5859375 0.6484375 0.5921875 0.6515625 0.5953125 0.659375 0.5921875 0.6703125 0.5859375 0.6640625 0.584375 0.65
3 0.0046875 0.778125 0.0078125 0.778125 0.0125 0.7890625 0.0046875 0.8140625 0 0.8140625 0 0.7828125 0.0046875 0.7796875
3 0.08671875 0.6515625 0.0328125 0.02890625
3 0.6359375 0.6515625 0.6421875 0.6515625 0.64375 0.65625 0.64375 0.665625 0.640625 0.671875 0.6375 0.6703125 0.6359375 0.653125
3 0.1171875 0.6046875 0.1203125 0.6125 0.1203125 0.6203125 0.115625 0.625 0.1109375 0.6203125 0.1125 0.60625 0.115625 0.6046875
3 0.5046875 0.578125 0.509375 0.5796875 0.509375 0.5875 0.50625 0.5921875 0.503125 0.5890625 0.5046875 0.5796875
3 0.234375 0.6296875 0.24375 0.6328125 0.24375 0.6484375 0.2375 0.6515625 0.2328125 0.640625 0.234375 0.63125
3 0.1546875 0.603125 0.1578125 0.609375 0.15625 0.6171875 0.140625 0.6171875 0.1421875 0.60625 0.1453125 0.603125 0.153125 0.603125
3 0.2203125 0.5953125 0.2265625 0.6 0.228125 0.6046875 0.228125 0.6125 0.221875 0.6171875 0.203125 0.615625 0.2046875 0.6046875 0.21875 0.5953125
3 0.0703125 0.68125 0.071875 0.6859375 0.0703125 0.7 0.0671875 0.7046875 0.0578125 0.70625 0.0484375 0.696875 0.04375 0.6953125 0.04375 0.690625 0.053125 0.678125 0.059375 0.6765625 0.0625 0.68125 0.06875 0.68125
3 0.60546875 0.69296875 0.01015625 0.02421875
3 0.75625 0.6640625 0.759375 0.678125 0.7578125 0.696875 0.753125 0.696875 0.7453125 0.6890625 0.7375 0.690625 0.734375 0.684375 0.734375 0.678125 0.7390625 0.665625 0.7421875 0.6625 0.7546875 0.6640625
3 0.6546875 0.703125 0.65625 0.7140625 0.6546875 0.734375 0.65 0.7375 0.6453125 0.728125 0.6453125 0.709375 0.6484375 0.7046875 0.653125 0.7046875
3 0.5890625 0.6171875 0.590625 0.6328125 0.5890625 0.634375 0.578125 0.6328125 0.578125 0.61875 0.5796875 0.6171875 0.584375 0.6203125 0.5875 0.61875
3 0.5875 0.6671875 0.584375 0.659375 0.5859375 0.64375 0.5921875 0.6453125 0.59375 0.6546875 0.5921875 0.6703125 0.5890625 0.6671875
5 0.4921875 0.55 0.4953125 0.5484375 0.5078125 0.55 0.5078125 0.559375 0.4953125 0.565625 0.490625 0.5640625 0.4890625 0.5609375 0.4890625 0.55625 0.4921875 0.5515625
5 0.4765625 0.5546875 0.48125 0.5578125 0.48125 0.5609375 0.471875 0.5703125 0.46875 0.578125 0.465625 0.578125 0.4578125 0.5671875 0.4578125 0.5609375 0.4625 0.55625 0.475 0.5546875
5 0.35703125 0.6078125 0.02578125 0.0328125
5 0.4546875 0.5796875 0.459375 0.5828125 0.459375 0.6015625 0.45625 0.60625 0.45 0.60625 0.446875 0.59375 0.434375 0.59375 0.4328125 0.5984375 0.434375 0.5828125 0.453125 0.5796875
2 0.7265625 0.6046875 0.7390625 0.6046875 0.7453125 0.6078125 0.7515625 0.615625 0.7484375 0.6203125 0.7421875 0.61875 0.7375 0.6203125 0.73125 0.628125 0.728125 0.628125 0.7265625 0.6265625 0.728125 0.6140625 0.7265625 0.60625
2 0.565625 0.5703125 0.5703125 0.575 0.5703125 0.5921875 0.5578125 0.590625 0.5578125 0.578125 0.559375 0.5734375 0.5640625 0.5703125
2 0.9078125 0.65625 0.928125 0.65625 0.9453125 0.6609375 0.9453125 0.678125 0.9421875 0.678125 0.9296875 0.671875 0.921875 0.671875 0.91875 0.66875 0.9078125 0.6671875 0.90625 0.665625 0.9078125 0.6578125
2 0.53515625 0.55390625 0.01015625 0.01171875
2 0.4953125 0.5671875 0.5078125 0.5609375 0.5125 0.5640625 0.5109375 0.5765625 0.5015625 0.5828125 0.4953125 0.58125 0.49375 0.5765625 0.4953125 0.56875
2 0 0.728125 0.0140625 0.728125 0.01875 0.73125 0.021875 0.7375 0.021875 0.7515625 0.0125 0.759375 0.0078125 0.7671875 0.00625 0.7609375 0 0.75625 0 0.7296875
2 0.159375 0.659375 0.1640625 0.6640625 0.165625 0.66875 0.1640625 0.6734375 0.1578125 0.6859375 0.146875 0.6890625 0.140625 0.6890625 0.134375 0.6765625 0.109375 0.6765625 0.109375 0.6734375 0.1234375 0.659375 0.14375 0.65625 0.1578125 0.659375
2 0.4 0.5796875 0.4046875 0.5859375 0.403125 0.60625 0.4015625 0.6078125 0.3984375 0.60625 0.3984375 0.58125
2 0.1890625 0.6296875 0.190625 0.634375 0.1890625 0.6390625 0.1828125 0.6421875 0.175 0.6515625 0.1625 0.6578125 0.153125 0.6546875 0.1296875 0.65625 0.1265625 0.6546875 0.1265625 0.6515625 0.140625 0.640625 0.14375 0.640625 0.1609375 0.6296875 0.16875 0.628125 0.1859375 0.628125 0.1875 0.6296875
2 0.33671875 0.6140625 0.12890625 0.04375
2 0.4390625 0.58125 0.440625 0.575 0.4484375 0.5703125 0.459375 0.5703125 0.4609375 0.5796875 0.440625 0.58125
2 0.2296875 0.6421875 0.2359375 0.6515625 0.23125 0.665625 0.2265625 0.66875 0.2125 0.671875 0.2 0.684375 0.1953125 0.6828125 0.1765625 0.684375 0.1734375 0.6796875 0.175 0.6671875 0.184375 0.6609375 0.1984375 0.646875 0.2078125 0.646875 0.2171875 0.6421875 0.228125 0.6421875
2 0.090625 0.71953125 0.10234375 0.08515625
2 0.4796875 0.578125 0.484375 0.584375 0.4859375 0.5921875 0.48125 0.6015625 0.478125 0.603125 0.4671875 0.603125 0.465625 0.6 0.4671875 0.5875 0.4703125 0.58125 0.4734375 0.578125 0.478125 0.578125
2 0.0828125 0.5859375 0.084375 0.590625 0.0765625 0.5984375 0.0671875 0.5984375 0.065625 0.59375 0.0703125 0.5875 0.08125 0.5859375
2 0.8734375 0.703125 0.8953125 0.7109375 0.896875 0.721875 0.8953125 0.75625 0.89375 0.7578125 0.8734375 0.75625 0.8625 0.7609375 0.8578125 0.7609375 0.8390625 0.753125 0.8203125 0.7515625 0.80625 0.7359375 0.80625 0.71875 0.809375 0.7125 0.8203125 0.7078125 0.840625 0.7078125 0.8515625 0.703125 0.871875 0.703125
2 0.0421875 0.6953125 0.0515625 0.7 0.053125 0.7125 0.046875 0.7203125 0.046875 0.725 0.0421875 0.73125 0.0265625 0.7328125 0.021875 0.7328125 0.0140625 0.7265625 0 0.7265625 0 0.7 0.0171875 0.6953125 0.040625 0.6953125
2 0.2171875 0.6265625 0.2296875 0.63125 0.23125 0.634375 0.2296875 0.640625 0.215625 0.640625 0.209375 0.64375 0.196875 0.6453125 0.1859375 0.6578125 0.178125 0.6625 0.1765625 0.65 0.18125 0.64375 0.184375 0.64375 0.196875 0.6296875 0.2046875 0.6265625 0.215625 0.6265625
2 0 0.6296875 0.0046875 0.6296875 0.0109375 0.6375 0.0078125 0.64375 0 0.65 0 0.63125
2 0.3296875 0.978125 0.334375 0.9796875 0.346875 0.9921875 0.35 0.9984375 0.240625 0.9984375 0.253125 0.9875 0.26875 0.98125 0.2984375 0.984375 0.3109375 0.978125 0.328125 0.978125
2 0.4875 0.5671875 0.49375 0.5734375 0.49375 0.58125 0.490625 0.5890625 0.4859375 0.5890625 0.48125 0.5796875 0.471875 0.578125 0.4765625 0.5703125 0.4859375 0.56875
2 0.5171875 0.553125 0.528125 0.5546875 0.5265625 0.5640625 0.5203125 0.5671875 0.515625 0.5671875 0.5171875 0.5546875
2 0.4703125 0.5765625 0.471875 0.5671875 0.4796875 0.5609375 0.4875 0.5609375 0.490625 0.56875 0.4765625 0.571875 0.471875 0.5765625
2 0.05625 0.5984375 0.0578125 0.603125 0.0546875 0.6046875 0.053125 0.6125 0.05 0.6109375 0.0453125 0.615625 0.0453125 0.6203125 0.0359375 0.61875 0.0375 0.6046875 0.040625 0.6 0.0546875 0.5984375
2 0.4328125 0.590625 0.446875 0.590625 0.453125 0.6015625 0.453125 0.60625 0.446875 0.6140625 0.434375 0.6140625 0.43125 0.603125 0.4328125 0.5921875
2 0.7640625 0.6171875 0.7765625 0.615625 0.796875 0.625 0.7984375 0.6265625 0.796875 0.6296875 0.78125 0.6234375 0.765625 0.6203125 0.765625 0.61875