0 0.36875 0.5890625 0.36875 0.6125 0.365625 0.6203125 0.359375 0.6234375 0.3484375 0.621875 0.3359375 0.6234375 0.3296875 0.6265625 0.31875 0.6265625 0.3203125 0.6015625 0.3265625 0.5953125 0.3359375 0.5921875 0.3671875 0.5890625
3 0.478125 0.6015625 0.484375 0.60625 0.48125 0.6171875 0.4703125 0.6140625 0.4703125 0.6078125 0.4765625 0.6015625
3 0.146875 0.6421875 0.1515625 0.6453125 0.1546875 0.64375 0.1578125 0.6515625 0.1546875 0.659375 0.1484375 0.659375 0.14375 0.6625 0.140625 0.6625 0.1375 0.6578125 0.140625 0.646875 0.1453125 0.6421875
3 0.2 0.6296875 0.2 0.6359375 0.196875 0.6390625 0.1953125 0.646875 0.1875 0.6546875 0.18125 0.6546875 0.1859375 0.6390625 0.19375 0.6296875 0.1984375 0.6296875
3 0.11875 0.6578125 0.121875 0.6578125 0.1234375 0.6609375 0.128125 0.6578125 0.1328125 0.659375 0.1328125 0.671875 0.1140625 0.68125 0.109375 0.6796875 0.109375 0.6734375 0.11875 0.659375
3 0.0109375 0.625 0.015625 0.625 0.01875 0.6328125 0.015625 0.65 0.009375 0.65 0.0078125 0.63125 0.0109375 0.6265625
3 0.1125 0.6078125 0.1171875 0.6078125 0.1203125 0.6203125 0.1171875 0.625 0.1125 0.6234375 0.1109375 0.6203125 0.1125 0.609375
4 0.4546875 0.565625 0.4640625 0.5625 0.478125 0.5625 0.4796875 0.565625 0.478125 0.58125 0.475 0.5890625 0.471875 0.5921875 0.4609375 0.5953125 0.4484375 0.5953125 0.4484375 0.578125 0.4546875 0.5671875
4 0.63125 0.6171875 0.6515625 0.6171875 0.6578125 0.6203125 0.6625 0.634375 0.6609375 0.646875 0.6625 0.6875 0.6578125 0.709375 0.6515625 0.703125 0.634375 0.7046875 0.63125 0.6953125 0.63125 0.646875 0.6296875 0.6453125 0.63125 0.61875
5 0.5625 0.7453125 0.575 0.7515625 0.5765625 0.7609375 0.58125 0.76875 0.5828125 0.7921875 0.578125 0.8046875 0.5765625 0.821875 0.575 0.8265625 0.5703125 0.8265625 0.5640625 0.8328125 0.5640625 0.8359375 0.5546875 0.8453125 0.55 0.8578125 0.534375 0.875 0.521875 0.875 0.5109375 0.8703125 0.5 0.8609375 0.496875 0.8546875 0.4984375 0.7828125 0.5015625 0.7765625 0.509375 0.771875 0.53125 0.75 0.5390625 0.7484375 0.546875 0.7421875 0.5546875 0.7421875 0.5609375 0.7453125
5 0.2953125 0.609375 0.0453125 0.03671875
2 0.171875 0.66875 0.1765625 0.675 0.178125 0.684375 0.16875 0.7 0.159375 0.7 0.1421875 0.709375 0.1328125 0.7203125 0.1265625 0.71875 0.1203125 0.721875 0.103125 0.721875 0.1015625 0.709375 0.10625 0.7 0.115625 0.6921875 0.1265625 0.678125 0.1453125 0.66875 0.1578125 0.6671875 0.1703125 0.66875
2 0.5859375 0.5390625 0.5921875 0.5390625 0.5921875 0.546875 0.5890625 0.5484375 0.5859375 0.546875 0.5859375 0.540625
2 0.6125 0.6171875 0.6171875 0.6296875 0.615625 0.65 0.5984375 0.6484375 0.5921875 0.6375 0.5921875 0.61875 0.5984375 0.6125 0.6078125 0.6140625 0.6109375 0.6171875
2 0.06875 0.5875 0.071875 0.5859375 0.084375 0.5875 0.084375 0.590625 0.078125 0.59375 0.0765625 0.596875 0.0671875 0.596875 0.065625 0.5953125 0.06875 0.5890625
2 0.4859375 0.565625 0.4859375 0.5734375 0.48125 0.5828125 0.478125 0.5828125 0.478125 0.5703125 0.48125 0.5640625 0.484375 0.565625
2 0.490625 0.58203125 0.015625 0.02421875
2 0.5046875 0.5609375 0.509375 0.559375 0.5140625 0.5625 0.5140625 0.571875 0.5078125 0.578125 0.5015625 0.5765625 0.5015625 0.565625 0.5046875 0.5625
2 0.028125 0.746875 0.0296875 0.7484375 0.03125 0.746875 0.059375 0.746875 0.0625 0.765625 0.0484375 0.790625 0.034375 0.796875 0.00625 0.815625 0 0.8140625 0 0.7515625 0.015625 0.746875 0.0265625 0.746875
2 0 0.7234375 0.0078125 0.715625 0.0203125 0.709375 0.034375 0.6921875 0.0546875 0.68125 0.0921875 0.6828125 0.0953125 0.6859375 0.096875 0.69375 0.0953125 0.7015625 0.0875 0.7140625 0.071875 0.7171875 0.05 0.728125 0.04375 0.7375 0.0390625 0.740625 0.003125 0.7421875 0 0.740625 0 0.725
2 0.071875 0.6265625 0.0734375 0.6140625 0.078125 0.6078125 0.09375 0.60625 0.096875 0.6140625 0.0953125 0.6296875 0.0859375 0.6328125 0.075 0.6328125 0.0734375 0.628125
2 0.575 0.55625 0.58125 0.55625 0.5828125 0.5609375 0.5828125 0.5703125 0.575 0.571875 0.5734375 0.5703125 0.575 0.5578125
2 0.4328125 0.578125 0.4421875 0.578125 0.446875 0.5828125 0.446875 0.5984375 0.4390625 0.603125 0.4328125 0.603125 0.43125 0.590625 0.4328125 0.5796875
2 0.33046875 0.5921875 0.028125 0.021875
2 0.2390625 0.61875 0.2453125 0.628125 0.2421875 0.646875 0.2234375 0.65 0.21875 0.653125 0.2171875 0.6578125 0.2015625 0.6578125 0.196875 0.653125 0.1984375 0.6390625 0.2046875 0.63125 0.2203125 0.6203125 0.2375 0.61875
2 0.775 0.615625 0.796875 0.625 0.796875 0.6296875 0.7671875 0.6203125 0.765625 0.6171875 0.7734375 0.615625
2 0.7375 0.6046875 0.74375 0.6078125 0.75 0.6140625 0.75 0.6171875 0.740625 0.6171875 0.734375 0.625 0.7328125 0.634375 0.7265625 0.628125 0.728125 0.6140625 0.7265625 0.60625 0.7359375 0.6046875
2 0.05625 0.5984375 0.059375 0.603125 0.0546875 0.6140625 0.0484375 0.6203125 0.0421875 0.621875 0.0390625 0.621875 0.0359375 0.6171875 0.0359375 0.6078125 0.0390625 0.6015625 0.04375 0.5984375 0.0546875 0.5984375