3 0.79375 0.553125 0.8046875 0.559375 0.8078125 0.5640625 0.8078125 0.56875 0.803125 0.571875 0.79375 0.571875 0.7890625 0.5765625 0.784375 0.5734375 0.7828125 0.559375 0.7921875 0.553125
3 0.9984375 0.6 0.9984375 0.61875 0.9953125 0.6171875 0.9875 0.61875 0.9828125 0.615625 0.98125 0.6109375 0.98125 0.6046875 0.9859375 0.6015625 0.9953125 0.609375 0.9984375 0.6015625
3 0.909375 0.596875 0.915625 0.60625 0.915625 0.609375 0.9109375 0.6125 0.8984375 0.6078125 0.8953125 0.6109375 0.890625 0.6109375 0.8859375 0.6015625 0.8890625 0.596875 0.9 0.59375 0.9046875 0.59375 0.9078125 0.596875
3 0.7625 0.559375 0.7703125 0.55625 0.778125 0.559375 0.7796875 0.5640625 0.7828125 0.565625 0.78125 0.5734375 0.765625 0.575 0.7625 0.5609375
3 0.853125 0.553125 0.865625 0.5515625 0.871875 0.559375 0.8703125 0.5671875 0.8546875 0.56875 0.8515625 0.559375 0.853125 0.5546875
3 0.978125 0.6265625 0.9828125 0.6265625 0.9859375 0.6296875 0.9875 0.6375 0.9984375 0.646875 0.9984375 0.6625 0.9890625 0.6609375 0.9828125 0.653125 0.984375 0.6421875 0.978125 0.628125
3 0.946875 0.646875 0.9484375 0.6546875 0.953125 0.659375 0.9546875 0.66875 0.9578125 0.671875 0.9578125 0.6796875 0.9546875 0.6828125 0.9421875 0.6734375 0.9296875 0.66875 0.928125 0.6609375 0.9234375 0.65625 0.9234375 0.653125 0.928125 0.6515625 0.928125 0.6578125 0.9359375 0.6671875 0.9390625 0.6640625 0.9390625 0.659375 0.9359375 0.6546875 0.9453125 0.646875
3 0.9984375 0.5578125 0.9984375 0.571875 0.996875 0.5640625 0.9984375 0.559375
3 0.81875 0.55625 0.825 0.5578125 0.8296875 0.5640625 0.828125 0.5765625 0.8203125 0.575 0.8140625 0.5765625 0.8109375 0.5734375 0.8125 0.5625 0.8109375 0.559375 0.8171875 0.5578125
3 0.8953125 0.5484375 0.9 0.55625 0.9 0.565625 0.896875 0.571875 0.89375 0.5734375 0.8875 0.571875 0.884375 0.5671875 0.8875 0.553125 0.89375 0.55
3 0.4046875 0.59375 0.4078125 0.609375 0.40625 0.6109375 0.4046875 0.609375 0.403125 0.5953125
5 0.55 0.553125 0.5546875 0.55625 0.55625 0.565625 0.55 0.565625 0.5421875 0.571875 0.5375 0.565625 0.5359375 0.553125 0.540625 0.55 0.5484375 0.553125
5 0.66875 0.559375 0.6703125 0.5609375 0.69375 0.559375 0.7015625 0.5625 0.703125 0.5671875 0.709375 0.5734375 0.709375 0.5859375 0.6984375 0.590625 0.6875 0.58125 0.68125 0.5796875 0.678125 0.575 0.66875 0.571875 0.6671875 0.5609375
5 0.4578125 0.5921875 0.459375 0.59375 0.4640625 0.5921875 0.475 0.6 0.475 0.6109375 0.471875 0.6140625 0.4640625 0.6140625 0.4578125 0.61875 0.440625 0.6140625 0.4390625 0.609375 0.440625 0.596875 0.4484375 0.5921875 0.45625 0.5921875
5 0.9546875 0.5375 0.96875 0.5359375 0.9734375 0.540625 0.9765625 0.5515625 0.975 0.5578125 0.9671875 0.559375 0.9640625 0.5578125 0.95625 0.5515625 0.953125 0.5453125 0.9546875 0.5390625
4 0.5109375 0.584375 0.521875 0.5890625 0.525 0.596875 0.5234375 0.60625 0.5078125 0.6078125 0.5046875 0.6109375 0.4921875 0.6140625 0.4875 0.6109375 0.48125 0.5984375 0.48125 0.59375 0.5 0.5828125 0.509375 0.584375
4 0.4765625 0.575 0.48125 0.575 0.490625 0.5703125 0.5015625 0.5703125 0.5046875 0.5765625 0.503125 0.5828125 0.4921875 0.5859375 0.4890625 0.590625 0.4828125 0.59375 0.4828125 0.6 0.4765625 0.5921875 0.475 0.59375 0.471875 0.5859375 0.471875 0.58125 0.4765625 0.5765625
4 0.41875 0.6484375 0.421875 0.6515625 0.4265625 0.6734375 0.4296875 0.678125 0.43125 0.6953125 0.428125 0.7015625 0.4234375 0.6984375 0.421875 0.7 0.415625 0.6984375 0.4109375 0.7 0.40625 0.70625 0.403125 0.7046875 0.4015625 0.69375 0.403125 0.6796875 0.4 0.6609375 0.4046875 0.6515625 0.4171875 0.6484375
2 0.2625 0.634375 0.271875 0.625 0.284375 0.6234375 0.2875 0.6421875 0.2859375 0.646875 0.2828125 0.6484375 0.275 0.6390625 0.271875 0.6375 0.2625 0.6390625 0.2625 0.6359375
2 0.6703125 0.5734375 0.6828125 0.5796875 0.684375 0.578125 0.6875 0.5796875 0.6921875 0.5859375 0.690625 0.5984375 0.6875 0.5984375 0.6859375 0.6015625 0.675 0.596875 0.6703125 0.5984375 0.6546875 0.596875 0.653125 0.5921875 0.6546875 0.578125 0.6578125 0.575 0.66875 0.575
2 0.478125 0.55625 0.4765625 0.55 0.4796875 0.54375 0.484375 0.54375 0.4875 0.5484375 0.484375 0.5578125 0.4796875 0.55625
2 0.375 0.64375 0.384375 0.646875 0.3890625 0.6578125 0.3875 0.6640625 0.390625 0.6796875 0.3859375 0.690625 0.378125 0.6875 0.3640625 0.69375 0.359375 0.6921875 0.3578125 0.6765625 0.3609375 0.6578125 0.3640625 0.65 0.3734375 0.6453125
2 0.4 0.5578125 0.403125 0.5609375 0.403125 0.565625 0.4015625 0.5671875 0.3984375 0.565625 0.4 0.5625 0.3984375 0.559375
2 0.50625 0.5503125000000001 0.0234375 0.01597222222222223
2 0.3984375 0.6046875 0.403125 0.6078125 0.4046875 0.6234375 0.3984375 0.6296875 0.3890625 0.6296875 0.384375 0.6328125 0.38125 0.63125 0.38125 0.615625 0.3890625 0.6046875 0.396875 0.6046875
2 0.64375 0.56875 0.6484375 0.571875 0.6546875 0.56875 0.65625 0.5734375 0.6515625 0.5890625 0.6453125 0.5890625 0.6421875 0.5859375 0.64375 0.5703125
2 0.5203125 0.559375 0.53125 0.559375 0.5375 0.565625 0.5375 0.5734375 0.534375 0.5765625 0.521875 0.578125 0.51875 0.5765625 0.5203125 0.5609375
2 0.7171875 0.5578125 0.728125 0.5609375 0.7390625 0.5671875 0.7421875 0.571875 0.7421875 0.5796875 0.725 0.5796875 0.7234375 0.578125 0.7140625 0.5796875 0.7046875 0.5671875 0.7046875 0.5640625 0.715625 0.559375
2 0.5546875 0.5625 0.5640625 0.5734375 0.565625 0.571875 0.5671875 0.5734375 0.5671875 0.5765625 0.5578125 0.5828125 0.5515625 0.5828125 0.54375 0.578125 0.540625 0.5734375 0.5421875 0.5703125 0.546875 0.565625 0.553125 0.5640625
2 0.5203125 0.5609375 0.51875 0.578125 0.5078125 0.5734375 0.503125 0.5671875 0.50625 0.55625 0.5125 0.5546875 0.51875 0.5609375
2 0.44375 0.615625 0.4453125 0.6171875 0.4484375 0.615625 0.4546875 0.6203125 0.4578125 0.634375 0.45625 0.6375 0.4515625 0.6375 0.4453125 0.64375 0.4453125 0.646875 0.4359375 0.6453125 0.43125 0.65 0.4265625 0.6421875 0.4265625 0.6296875 0.434375 0.6171875 0.4421875 0.615625
2 0.1078125 0.696875 0.1125 0.703125 0.1078125 0.709375 0.0984375 0.7109375 0.09375 0.715625 0.0796875 0.7203125 0.078125 0.7234375 0.0734375 0.721875 0.071875 0.7078125 0.078125 0.7015625 0.0828125 0.7 0.10625 0.6984375
2 0.6515625 0.5640625 0.65625 0.56875 0.653125 0.575 0.640625 0.571875 0.6421875 0.5609375 0.65 0.5640625
2 0.521875 0.546875 0.534375 0.5578125 0.534375 0.5609375 0.525 0.5609375 0.51875 0.5578125 0.5140625 0.5515625 0.5203125 0.546875
2 0.3015625 0.6671875 0.3140625 0.6734375 0.3171875 0.671875 0.3234375 0.6765625 0.325 0.690625 0.321875 0.6984375 0.3125 0.6984375 0.303125 0.7015625 0.2953125 0.70625 0.284375 0.7203125 0.2765625 0.715625 0.2640625 0.7171875 0.2609375 0.7140625 0.259375 0.6953125 0.265625 0.678125 0.2875 0.6671875 0.3 0.66875
2 0.5359375 0.575 0.553125 0.5859375 0.5546875 0.5953125 0.55 0.6 0.528125 0.5984375 0.5234375 0.5921875 0.5234375 0.5828125 0.528125 0.578125 0.534375 0.5765625
2 0.415625 0.5469675925925926 0.009375 0.012638888888888911
2 0.23203125 0.6473437499999999 0.0359375 0.019282407407407387
2 0.5703125 0.578125 0.5796875 0.58125 0.5796875 0.6 0.565625 0.6015625 0.55625 0.59375 0.55625 0.5859375 0.5609375 0.58125 0.56875 0.578125