0 0.38332175925925926 0.59609375 0.02835648148148149 0.03125
3 0.7828125 0.6140625 0.790625 0.6234375 0.7921875 0.6375 0.775 0.634375 0.7734375 0.6234375 0.7765625 0.6171875 0.78125 0.6140625
3 0.3828125 0.6703125 0.38125 0.6671875 0.3828125 0.6578125 0.3796875 0.6484375 0.3890625 0.6390625 0.3921875 0.640625 0.3984375 0.653125 0.3984375 0.665625 0.384375 0.6703125
3 0.309375 0.6453125 0.3140625 0.646875 0.315625 0.653125 0.315625 0.6625 0.3125 0.665625 0.3015625 0.6671875 0.2953125 0.6578125 0.2984375 0.653125 0.30625 0.6515625 0.309375 0.646875
3 0.815625 0.6171875 0.825 0.621875 0.8265625 0.634375 0.8234375 0.6375 0.8078125 0.634375 0.8078125 0.6234375 0.8140625 0.6171875
3 0.89375 0.61875 0.8984375 0.621875 0.8984375 0.6390625 0.8921875 0.6390625 0.890625 0.628125 0.89375 0.6203125
3 0.7703125 0.60625 0.775 0.6109375 0.775 0.615625 0.771875 0.6234375 0.7640625 0.625 0.7578125 0.621875 0.7578125 0.6109375 0.7609375 0.60625 0.76875 0.60625
3 0.76875 0.634375 0.771875 0.6359375 0.7765625 0.646875 0.7765625 0.6515625 0.7734375 0.65625 0.7609375 0.65 0.7609375 0.640625 0.7671875 0.634375
3 0.3 0.6625 0.3078125 0.6828125 0.30625 0.6921875 0.3015625 0.6953125 0.29375 0.69375 0.284375 0.7015625 0.2796875 0.7 0.28125 0.6828125 0.2765625 0.6796875 0.2765625 0.6765625 0.2796875 0.671875 0.2875 0.671875 0.2953125 0.6578125 0.2984375 0.6625
3 0.4921875 0.6109375 0.4984375 0.6171875 0.5 0.628125 0.4953125 0.63125 0.4890625 0.63125 0.4875 0.6140625 0.490625 0.6125
4 0.8625 0.69375 0.8734375 0.6953125 0.8765625 0.6984375 0.8828125 0.6953125 0.8984375 0.69375 0.921875 0.7015625 0.940625 0.7171875 0.95625 0.7359375 0.9671875 0.74375 0.971875 0.7578125 0.96875 0.7703125 0.9609375 0.775 0.9546875 0.775 0.940625 0.7671875 0.934375 0.7734375 0.9296875 0.7734375 0.9234375 0.76875 0.9171875 0.75625 0.9015625 0.746875 0.8828125 0.7390625 0.878125 0.740625 0.871875 0.7390625 0.865625 0.728125 0.865625 0.721875 0.859375 0.7140625 0.859375 0.696875 0.8609375 0.6953125
4 0.928125 0.60625 0.9375 0.609375 0.940625 0.6078125 0.946875 0.6171875 0.94375 0.64375 0.940625 0.6484375 0.93125 0.653125 0.915625 0.653125 0.909375 0.65 0.9078125 0.64375 0.9078125 0.6234375 0.90625 0.621875 0.9078125 0.6078125 0.909375 0.60625 0.9265625 0.60625
4 0.8796875 0.653125 0.9 0.6515625 0.9125 0.6546875 0.91875 0.659375 0.934375 0.6625 0.94375 0.66875 0.9625 0.671875 0.9765625 0.6828125 0.98125 0.6828125 0.9859375 0.6859375 0.990625 0.715625 0.9890625 0.73125 0.990625 0.7359375 0.9875 0.7375 0.9640625 0.7359375 0.95625 0.7328125 0.9515625 0.728125 0.9453125 0.715625 0.9359375 0.7125 0.915625 0.696875 0.8953125 0.690625 0.878125 0.6921875 0.8734375 0.6859375 0.878125 0.675 0.8796875 0.6546875
1 0.4268923611111111 0.571875 0.020636574074074154 0.04375
5 0.44678240740740743 0.6203125 0.04560185185185191 0.0390625
5 0.953125 0.6109375 0.9546875 0.6125 0.9703125 0.6125 0.9734375 0.615625 0.9765625 0.6234375 0.9765625 0.6359375 0.971875 0.6390625 0.965625 0.6390625 0.9625 0.634375 0.95625 0.6328125 0.9515625 0.625 0.9515625 0.6125
5 0.4984375 0.553125 0.5046875 0.5625 0.503125 0.578125 0.4921875 0.575 0.4921875 0.55625 0.496875 0.553125
5 0.503125 0.5921875 0.509375 0.5984375 0.5109375 0.60625 0.509375 0.6203125 0.5015625 0.6203125 0.496875 0.6140625 0.4890625 0.6109375 0.484375 0.6234375 0.4765625 0.6234375 0.471875 0.6171875 0.475 0.5953125 0.478125 0.5921875 0.4921875 0.590625 0.5015625 0.5921875
5 0.5203125 0.5578125 0.5265625 0.5625 0.53125 0.575 0.53125 0.5828125 0.528125 0.5859375 0.5109375 0.5828125 0.50625 0.578125 0.50625 0.559375 0.51875 0.5578125
2 0.6375 0.603125 0.65625 0.6046875 0.66875 0.6171875 0.671875 0.615625 0.6765625 0.6234375 0.675 0.63125 0.6671875 0.634375 0.6421875 0.63125 0.6375 0.6265625 0.6375 0.6046875
2 0.2703125 0.609375 0.271875 0.6109375 0.2703125 0.6140625 0.271875 0.63125 0.2671875 0.640625 0.2640625 0.6390625 0.2625 0.63125 0.2578125 0.625 0.25 0.6265625 0.2453125 0.6203125 0.25625 0.6109375 0.26875 0.609375
2 0.4125 0.590625 0.41875 0.5984375 0.41875 0.6078125 0.4171875 0.6109375 0.403125 0.6140625 0.3953125 0.6109375 0.3953125 0.6015625 0.4015625 0.59375 0.40625 0.590625 0.4109375 0.590625
2 0.55 0.6 0.559375 0.6078125 0.559375 0.615625 0.5546875 0.6203125 0.5453125 0.6234375 0.5296875 0.6203125 0.525 0.6140625 0.5234375 0.6046875 0.5296875 0.5953125 0.540625 0.5953125 0.5484375 0.6
2 0.5484375 0.58125 0.553125 0.5859375 0.553125 0.59375 0.55 0.5984375 0.53125 0.590625 0.5328125 0.58125 0.5375 0.5796875 0.546875 0.58125
2 0.546875 0.5765625 0.5578125 0.575 0.5640625 0.5796875 0.5546875 0.5890625 0.546875 0.578125
2 0.446875 0.571875 0.4546875 0.5734375 0.4578125 0.578125 0.4578125 0.590625 0.4453125 0.5921875 0.44375 0.5890625 0.446875 0.5734375
2 0.809375 0.6484375 0.815625 0.6515625 0.83125 0.66875 0.8328125 0.671875 0.83125 0.6859375 0.8109375 0.684375 0.80625 0.678125 0.8 0.675 0.7828125 0.671875 0.7765625 0.6640625 0.778125 0.65 0.7828125 0.65 0.7859375 0.646875 0.80625 0.646875 0.8078125 0.6484375
2 0.73125 0.628125 0.746875 0.6453125 0.7453125 0.65625 0.7359375 0.659375 0.7296875 0.659375 0.721875 0.6515625 0.7125 0.65 0.7078125 0.6515625 0.703125 0.6484375 0.7015625 0.6421875 0.7015625 0.6296875 0.7046875 0.625 0.71875 0.6234375 0.7265625 0.625 0.7296875 0.628125
2 0.565318287037037 0.59140625 0.01894675925925924 0.0265625
2 0.9993894675925926 0.6921875 0.0012210648148148096 0.0265625
2 0.9390625 0.6 0.94375 0.603125 0.94375 0.609375 0.9328125 0.6078125 0.928125 0.6046875 0.9328125 0.6 0.9375 0.6
2 0.4109375 0.5453125 0.415625 0.55 0.415625 0.5609375 0.4140625 0.5625 0.4078125 0.5609375 0.409375 0.546875
2 0.2328125 0.6203125 0.2328125 0.6234375 0.2203125 0.628125 0.2140625 0.628125 0.2 0.634375 0.1984375 0.63125 0.2125 0.621875 0.23125 0.6203125
2 0.3859375 0.6140625 0.4015625 0.6234375 0.403125 0.6265625 0.4015625 0.6375 0.3984375 0.6421875 0.39375 0.640625 0.3921875 0.6375 0.3875 0.6375 0.3859375 0.6421875 0.375 0.65 0.3640625 0.65 0.35625 0.646875 0.353125 0.64375 0.353125 0.63125 0.359375 0.61875 0.3765625 0.6140625 0.384375 0.6140625
2 0.46875 0.55 0.4734375 0.55625 0.4734375 0.5640625 0.46875 0.5640625 0.4625 0.5578125 0.4640625 0.5515625 0.4671875 0.55