0 0.5984375 0.5625 0.6046875 0.5640625 0.6109375 0.5734375 0.609375 0.5859375 0.603125 0.590625 0.596875 0.5875 0.590625 0.5875 0.584375 0.5828125 0.5859375 0.565625 0.5890625 0.5625 0.596875 0.5625
0 0.7296875 0.7796875 0.7390625 0.7859375 0.75 0.7890625 0.7578125 0.7953125 0.7578125 0.7984375 0.76875 0.8140625 0.76875 0.81875 0.775 0.8328125 0.7734375 0.8546875 0.7765625 0.878125 0.7734375 0.890625 0.7734375 0.903125 0.76875 0.9203125 0.7703125 0.9265625 0.765625 0.940625 0.7671875 0.946875 0.7625 0.965625 0.7640625 0.96875 0.7625 0.9796875 0.7578125 0.9875 0.7484375 0.9890625 0.7265625 0.9890625 0.725 0.990625 0.70625 0.9890625 0.6828125 0.9921875 0.6734375 0.9921875 0.6734375 0.98125 0.6703125 0.96875 0.6734375 0.9484375 0.671875 0.946875 0.6734375 0.93125 0.6703125 0.925 0.671875 0.9046875 0.66875 0.9015625 0.671875 0.8796875 0.6796875 0.865625 0.68125 0.8546875 0.690625 0.8375 0.6921875 0.828125 0.696875 0.8234375 0.6984375 0.8125 0.70625 0.7953125 0.715625 0.784375 0.7234375 0.7796875 0.728125 0.7796875
3 0.5875 0.646875 0.5921875 0.6484375 0.5953125 0.659375 0.5953125 0.6734375 0.59375 0.6765625 0.590625 0.675 0.5890625 0.6609375 0.5859375 0.6578125 0.5875 0.6484375
3 0.48399884259259257 0.6091203703703704 0.01597222222222223 0.023553240740740743
3 0.0765625 0.6328125 0.0796875 0.6515625 0.0734375 0.653125 0.071875 0.65 0.075 0.634375
3 0.190625 0.61875 0.1984375 0.6125 0.209375 0.6125 0.2140625 0.625 0.209375 0.6328125 0.2046875 0.6328125 0.2015625 0.6296875 0.19375 0.63125 0.1875 0.625 0.190625 0.6203125
3 0.575 0.56875 0.578125 0.571875 0.578125 0.58125 0.575 0.584375 0.5734375 0.5828125 0.575 0.5703125
3 0.478125 0.5671875 0.48125 0.5734375 0.4796875 0.5828125 0.475 0.5828125 0.4765625 0.56875
3 0.0953125 0.71875 0.0984375 0.7234375 0.0984375 0.7296875 0.1015625 0.7328125 0.1046875 0.73125 0.10625 0.7234375 0.109375 0.7203125 0.1109375 0.7203125 0.1109375 0.728125 0.1078125 0.7375 0.0875 0.753125 0.0859375 0.753125 0.0859375 0.734375 0.0890625 0.7296875 0.090625 0.7203125 0.09375 0.71875
3 0.009375 0.753125 0.0140625 0.7578125 0.0125 0.7625 0.0171875 0.7703125 0.0234375 0.7671875 0.0234375 0.7578125 0.0296875 0.753125 0.0328125 0.7546875 0.03125 0.7625 0.0328125 0.7671875 0.0296875 0.7765625 0.0078125 0.7875 0.0078125 0.765625 0.00625 0.7640625 0.0078125 0.7546875
3 0.746875 0.640625 0.7515625 0.65 0.75625 0.65 0.759375 0.646875 0.7625 0.6484375 0.765625 0.6546875 0.765625 0.6671875 0.7609375 0.66875 0.75625 0.6640625 0.74375 0.6609375 0.740625 0.65 0.7453125 0.6421875
3 0.1671875 0.6203125 0.1828125 0.6203125 0.1859375 0.6328125 0.184375 0.6375 0.1796875 0.640625 0.1671875 0.640625 0.165625 0.634375 0.1671875 0.621875
3 0.0984375 0.628125 0.1015625 0.634375 0.1015625 0.6453125 0.0984375 0.6484375 0.0953125 0.646875 0.096875 0.6296875
4 0.1 0.596875 0.1046875 0.6046875 0.103125 0.6234375 0.0984375 0.628125 0.090625 0.6296875 0.0828125 0.6296875 0.0765625 0.6234375 0.078125 0.603125 0.08125 0.6 0.0984375 0.596875
4 0.5414293981481482 0.529849537037037 0.014386574074074066 0.02197916666666666
5 0.5046875 0.5796875 0.5109375 0.5828125 0.5125 0.60625 0.503125 0.6125 0.4953125 0.6109375 0.4875 0.6015625 0.4828125 0.60625 0.478125 0.60625 0.4734375 0.59375 0.4765625 0.5875 0.484375 0.58125 0.503125 0.5796875
5 0.440625 0.58125 0.4390625 0.5703125 0.4421875 0.5609375 0.45 0.5546875 0.459375 0.553125 0.4640625 0.553125 0.4671875 0.5578125 0.465625 0.5796875 0.4515625 0.578125 0.4484375 0.58125 0.4421875 0.58125
5 0.5625 0.5921875 0.5640625 0.6171875 0.559375 0.6234375 0.5515625 0.625 0.5234375 0.61875 0.5203125 0.6140625 0.521875 0.603125 0.528125 0.5921875 0.5359375 0.590625 0.5390625 0.5875 0.5609375 0.5921875
2 0.7328125 0.5875 0.7453125 0.5953125 0.746875 0.5984375 0.740625 0.603125 0.73125 0.6046875 0.7265625 0.6140625 0.721875 0.609375 0.7203125 0.5890625 0.725 0.5859375 0.73125 0.5875
2 0.5640625 0.5578125 0.5671875 0.571875 0.5609375 0.575 0.5578125 0.575 0.55625 0.5609375 0.5625 0.5578125
2 0.5578125 0.5390625 0.5609375 0.5484375 0.559375 0.5546875 0.553125 0.5515625 0.5515625 0.5453125 0.553125 0.540625 0.55625 0.5390625
2 0.9125 0.628125 0.9140625 0.6296875 0.9265625 0.6265625 0.9453125 0.63125 0.946875 0.6328125 0.946875 0.65 0.9390625 0.65 0.9296875 0.64375 0.909375 0.6390625 0.9078125 0.6296875 0.9109375 0.628125
2 0.3502777777777778 0.616724537037037 0.012847222222222232 0.023530092592592578
2 0.265625 0.61875 0.26875 0.628125 0.26875 0.6375 0.2625 0.64375 0.2640625 0.646875 0.2625 0.6484375 0.253125 0.646875 0.234375 0.659375 0.2265625 0.6546875 0.221875 0.6421875 0.2296875 0.634375 0.2375 0.621875 0.25 0.615625 0.2609375 0.615625 0.2640625 0.61875
2 0.41875 0.5859375 0.428125 0.578125 0.4359375 0.578125 0.440625 0.584375 0.4234375 0.6015625 0.4171875 0.5953125 0.41875 0.5875
2 0.3453125 0.596875 0.3546875 0.596875 0.3546875 0.6078125 0.3453125 0.6125 0.3421875 0.6109375 0.3421875 0.603125 0.3453125 0.5984375
2 0.1859375 0.6609375 0.1984375 0.6546875 0.203125 0.6546875 0.209375 0.65 0.221875 0.6484375 0.228125 0.6578125 0.2296875 0.66875 0.225 0.6796875 0.1984375 0.6921875 0.1921875 0.7015625 0.184375 0.7 0.18125 0.703125 0.175 0.703125 0.16875 0.696875 0.1671875 0.6875 0.1859375 0.6625
2 0.4296875 0.5953125 0.4421875 0.5859375 0.453125 0.584375 0.459375 0.5953125 0.459375 0.60625 0.45625 0.609375 0.440625 0.6109375 0.4390625 0.6046875 0.43125 0.596875
2 0.054160879629629635 0.6160937499999999 0.020567129629629633 0.017337962962962992
2 0.3046875 0.6359375 0.2984375 0.621875 0.3140625 0.60625 0.315625 0.6015625 0.3234375 0.5984375 0.3359375 0.6 0.3390625 0.6078125 0.3390625 0.6234375 0.3359375 0.6296875 0.31875 0.63125 0.3140625 0.6375 0.30625 0.6359375
2 0.7765625 0.5984375 0.7875 0.6015625 0.7953125 0.609375 0.775 0.60625 0.7625 0.6015625 0.7609375 0.6 0.765625 0.596875 0.775 0.5984375
2 0.4957349537037037 0.5552951388888889 0.01590277777777782 0.018865740740740745
2 0.034375 0.621875 0.0375 0.6234375 0.0375 0.6265625 0.028125 0.6328125 0.025 0.6484375 0.021875 0.65 0.0171875 0.6484375 0.0171875 0.6328125 0.01875 0.63125 0.0171875 0.6296875 0.025 0.621875 0.0328125 0.621875