3 0.59375 0.646875 0.5953125 0.659375 0.5921875 0.665625 0.5890625 0.665625 0.5875 0.6546875 0.5875 0.65 0.5921875 0.646875
3 0.2265625 0.59375 0.228125 0.6078125 0.2234375 0.6125 0.2203125 0.609375 0.20625 0.6078125 0.2046875 0.6015625 0.2171875 0.590625 0.221875 0.590625 0.225 0.59375
3 0.5685474537037036 0.60546875 0.006400462962962994 0.0203125
3 0.090625 0.7 0.0921875 0.709375 0.0890625 0.7234375 0.06875 0.734375 0.0640625 0.740625 0.0578125 0.740625 0.05625 0.7375 0.0578125 0.721875 0.0625 0.7109375 0.071875 0.7015625 0.078125 0.7078125 0.08125 0.7078125 0.0890625 0.7
3 0.084375 0.6109375 0.0875 0.6171875 0.0875 0.6234375 0.0828125 0.6296875 0.078125 0.6296875 0.078125 0.6171875 0.0796875 0.6125 0.0828125 0.6109375
3 0.1109375 0.615625 0.1109375 0.6015625 0.1140625 0.596875 0.1171875 0.5984375 0.11875 0.6109375 0.115625 0.6171875 0.1125 0.615625
3 0.1203125 0.646875 0.125 0.646875 0.125 0.653125 0.1203125 0.6625 0.1203125 0.671875 0.109375 0.678125 0.1046875 0.6765625 0.096875 0.6828125 0.09375 0.6828125 0.0921875 0.6796875 0.1046875 0.653125 0.109375 0.65 0.1109375 0.659375 0.115625 0.6609375 0.1203125 0.6546875 0.1203125 0.6484375
3 0.2484375 0.590625 0.2515625 0.6015625 0.246875 0.609375 0.2359375 0.609375 0.23125 0.6046875 0.23125 0.5984375 0.2390625 0.590625 0.246875 0.590625
3 0.825 0.728125 0.8296875 0.7359375 0.8296875 0.7515625 0.83125 0.753125 0.8375 0.75 0.8390625 0.740625 0.8421875 0.7390625 0.846875 0.740625 0.85 0.7609375 0.8453125 0.771875 0.834375 0.7609375 0.8171875 0.75625 0.8140625 0.7484375 0.815625 0.7421875 0.8140625 0.740625 0.81875 0.73125 0.8234375 0.728125
3 0.2046875 0.6328125 0.2109375 0.6359375 0.20625 0.6578125 0.2 0.6625 0.19375 0.6625 0.190625 0.665625 0.1875 0.6640625 0.1875 0.653125 0.190625 0.6453125 0.196875 0.6390625 0.203125 0.640625 0.2046875 0.634375
3 0.190625 0.5953125 0.2 0.596875 0.2015625 0.603125 0.2 0.615625 0.19375 0.6171875 0.1859375 0.615625 0.1828125 0.6125 0.184375 0.5984375 0.1890625 0.5953125
4 0.55 0.55625 0.553125 0.5859375 0.55 0.6046875 0.5375 0.603125 0.534375 0.5984375 0.5375 0.5796875 0.5375 0.5609375 0.5390625 0.5578125 0.5453125 0.5546875 0.5484375 0.55625
4 0.4765625 0.5703125 0.48125 0.5734375 0.4796875 0.60625 0.4703125 0.6140625 0.465625 0.6140625 0.4640625 0.6109375 0.4578125 0.609375 0.44375 0.6078125 0.440625 0.6015625 0.44375 0.5875 0.4421875 0.58125 0.4453125 0.571875 0.475 0.5703125
4 0.61875 0.6 0.6296875 0.60625 0.6328125 0.609375 0.634375 0.61875 0.64375 0.6234375 0.6453125 0.6265625 0.6453125 0.6359375 0.6359375 0.646875 0.6234375 0.6453125 0.615625 0.6359375 0.60625 0.634375 0.603125 0.6234375 0.6046875 0.609375 0.609375 0.6 0.6171875 0.6
0 0.596875 0.578125 0.60625 0.5828125 0.609375 0.5921875 0.6046875 0.60625 0.6015625 0.6125 0.5984375 0.6140625 0.5828125 0.6078125 0.5796875 0.603125 0.5796875 0.596875 0.5875 0.578125 0.5890625 0.5765625 0.5953125 0.578125
2 0.734375 0.6203125 0.7375 0.6171875 0.7515625 0.6203125 0.759375 0.6296875 0.7484375 0.63125 0.7421875 0.6375 0.7375 0.646875 0.734375 0.6421875 0.7359375 0.621875
2 0.775 0.63125 0.7859375 0.63125 0.79375 0.6359375 0.7984375 0.6359375 0.80625 0.6421875 0.80625 0.6453125 0.8015625 0.6453125 0.7921875 0.640625 0.784375 0.640625 0.778125 0.6375 0.775 0.6328125
2 0.646875 0.6609375 0.6515625 0.6578125 0.6703125 0.659375 0.675 0.6671875 0.6796875 0.6921875 0.6796875 0.70625 0.6765625 0.7125 0.665625 0.7046875 0.659375 0.7046875 0.6515625 0.709375 0.64375 0.6890625 0.646875 0.6625
2 0.51875 0.5546875 0.5203125 0.559375 0.51875 0.565625 0.5125 0.5640625 0.5140625 0.55625 0.5171875 0.5546875
2 0.603125 0.6546875 0.6171875 0.6546875 0.6203125 0.6578125 0.625 0.6765625 0.6234375 0.7 0.61875 0.696875 0.6015625 0.6984375 0.5984375 0.690625 0.5984375 0.68125 0.603125 0.65625
2 0.5671875 0.5703125 0.571875 0.5734375 0.571875 0.590625 0.565625 0.5953125 0.559375 0.5921875 0.5609375 0.5734375 0.565625 0.5703125
2 0.440625 0.5796875 0.44375 0.5828125 0.4421875 0.6046875 0.4359375 0.60625 0.434375 0.596875 0.434375 0.5890625 0.4390625 0.58125
2 0.334375 0.596875 0.34375 0.6015625 0.346875 0.60625 0.3453125 0.615625 0.3390625 0.6203125 0.315625 0.61875 0.3140625 0.621875 0.3078125 0.621875 0.3046875 0.61875 0.3046875 0.6109375 0.3125 0.6046875 0.328125 0.596875 0.3328125 0.596875
2 0.4046875 0.5859375 0.4078125 0.5890625 0.40625 0.590625 0.40625 0.6078125 0.4046875 0.6109375 0.4015625 0.6109375 0.4015625 0.590625 0.4046875 0.5875
2 0.3609375 0.5828125 0.3640625 0.5859375 0.3625 0.590625 0.3578125 0.5953125 0.3546875 0.5953125 0.35 0.603125 0.3375 0.5984375 0.3359375 0.5921875 0.346875 0.5828125 0.353125 0.58125 0.359375 0.5828125
2 0.553125 0.778125 0.55625 0.78125 0.5765625 0.7875 0.58125 0.79375 0.5953125 0.8015625 0.5984375 0.815625 0.596875 0.8171875 0.5953125 0.8578125 0.590625 0.8625 0.5875 0.8609375 0.5828125 0.865625 0.575 0.8921875 0.575 0.9046875 0.571875 0.909375 0.571875 0.9171875 0.5671875 0.925 0.5609375 0.9203125 0.5453125 0.9203125 0.53125 0.9171875 0.5203125 0.909375 0.5140625 0.89375 0.5140625 0.859375 0.51875 0.8546875 0.5234375 0.83125 0.5265625 0.825 0.525 0.8203125 0.51875 0.825 0.515625 0.825 0.5140625 0.8203125 0.5328125 0.7984375 0.5390625 0.7859375 0.546875 0.778125 0.5515625 0.778125
2 0.9328125 0.6765625 0.95 0.6796875 0.95625 0.684375 0.9546875 0.7 0.95 0.7 0.9453125 0.696875 0.940625 0.696875 0.9390625 0.69375 0.9171875 0.6875 0.915625 0.68125 0.91875 0.678125 0.93125 0.6765625
2 0.5828125 0.5578125 0.5859375 0.5609375 0.5875 0.571875 0.578125 0.5734375 0.5765625 0.565625 0.578125 0.5609375 0.58125 0.559375
2 0.7515625 0.6875 0.778125 0.6984375 0.79375 0.715625 0.7953125 0.7234375 0.7953125 0.7296875 0.7921875 0.7328125 0.79375 0.7359375 0.790625 0.7390625 0.771875 0.7421875 0.7625 0.7390625 0.7578125 0.73125 0.7484375 0.725 0.721875 0.71875 0.7171875 0.709375 0.7171875 0.6984375 0.7234375 0.6921875 0.73125 0.69375 0.740625 0.6890625 0.75 0.6875
2 0.3703125 0.584375 0.3734375 0.5875 0.3703125 0.6109375 0.3578125 0.6125 0.353125 0.6046875 0.353125 0.5984375 0.359375 0.5953125 0.36875 0.5859375
2 0.4953125 0.59375 0.49375 0.5921875 0.4875 0.5953125 0.48125 0.5953125 0.4828125 0.575 0.4921875 0.571875 0.4984375 0.5734375 0.5 0.5859375 0.496875 0.5921875
2 0.484375 0.5609375 0.4875 0.5703125 0.4828125 0.5734375 0.4671875 0.5703125 0.4703125 0.5640625 0.4828125 0.5609375