4 0.6109375 0.65625 0.6125 0.6578125 0.615625 0.65625 0.6265625 0.6671875 0.628125 0.6734375 0.6296875 0.6984375 0.628125 0.7140625 0.625 0.7171875 0.6203125 0.7125 0.60625 0.7109375 0.596875 0.715625 0.5921875 0.7046875 0.5921875 0.684375 0.596875 0.675 0.596875 0.6625 0.6015625 0.65625 0.609375 0.65625
4 0.2328125 0.6671875 0.228125 0.6578125 0.215625 0.6484375 0.215625 0.6390625 0.228125 0.625 0.2296875 0.609375 0.2359375 0.6046875 0.2421875 0.6046875 0.2578125 0.5984375 0.265625 0.5984375 0.275 0.59375 0.2890625 0.59375 0.2921875 0.603125 0.2921875 0.61875 0.290625 0.6203125 0.29375 0.625 0.29375 0.63125 0.290625 0.634375 0.2828125 0.6359375 0.2765625 0.646875 0.2625 0.6453125 0.2546875 0.6515625 0.253125 0.65625 0.246875 0.6578125 0.240625 0.665625 0.234375 0.665625
0 0.04375 0.6515625 0.046875 0.6515625 0.046875 0.65625 0.0515625 0.659375 0.059375 0.65625 0.06875 0.6578125 0.0765625 0.653125 0.0828125 0.653125 0.10625 0.6453125 0.1203125 0.6453125 0.1234375 0.65 0.121875 0.6703125 0.115625 0.6734375 0.1125 0.678125 0.0765625 0.6953125 0.05625 0.696875 0.0421875 0.7046875 0.03125 0.703125 0.0296875 0.6890625 0.0328125 0.6796875 0.0328125 0.6703125 0.04375 0.653125
3 0.7046875 0.6484375 0.7046875 0.6546875 0.709375 0.6625 0.7078125 0.66875 0.703125 0.671875 0.7 0.6703125 0.6953125 0.6609375 0.6953125 0.65 0.703125 0.6484375
3 0.1921875 0.64375 0.190625 0.646875 0.196875 0.65 0.1984375 0.6578125 0.1796875 0.66875 0.178125 0.6609375 0.18125 0.6515625 0.190625 0.64375
3 0.559375 0.7515625 0.5734375 0.759375 0.5734375 0.7671875 0.578125 0.778125 0.578125 0.7859375 0.5734375 0.8 0.5625 0.8109375 0.559375 0.8125 0.5578125 0.8109375 0.55625 0.8 0.553125 0.796875 0.55625 0.765625 0.559375 0.7625 0.5578125 0.753125
3 0.7859375 0.6953125 0.7921875 0.69375 0.7953125 0.6953125 0.79375 0.703125 0.7984375 0.7109375 0.809375 0.7046875 0.815625 0.7046875 0.8203125 0.71875 0.81875 0.721875 0.8203125 0.7265625 0.815625 0.7296875 0.809375 0.725 0.7953125 0.7203125 0.7875 0.7203125 0.7828125 0.7140625 0.7828125 0.7015625 0.7859375 0.696875
3 0.265625 0.646875 0.26875 0.65 0.2703125 0.6625 0.2609375 0.6703125 0.25625 0.66875 0.253125 0.6703125 0.253125 0.6609375 0.25625 0.653125 0.2640625 0.646875
3 0.00625 0.653125 0.0109375 0.6578125 0.0109375 0.66875 0.00625 0.6703125 0.00625 0.6546875
3 0.5765625 0.640625 0.5765625 0.6265625 0.5796875 0.6203125 0.5828125 0.621875 0.5875 0.6421875 0.5859375 0.646875 0.5828125 0.6484375 0.578125 0.640625
5 0.6078125 0.58125 0.6171875 0.5828125 0.6203125 0.5859375 0.6203125 0.59375 0.6234375 0.6015625 0.6203125 0.6078125 0.60625 0.603125 0.5953125 0.6046875 0.596875 0.5828125 0.60625 0.58125
5 0.47837384259259264 0.6063715277777778 0.04556712962962965 0.0350462962962963
5 0.14375 0.6671875 0.15 0.6734375 0.1515625 0.678125 0.153125 0.7015625 0.1515625 0.7046875 0.1453125 0.7078125 0.1390625 0.721875 0.1328125 0.7203125 0.125 0.721875 0.121875 0.7265625 0.1171875 0.7265625 0.1125 0.7296875 0.1078125 0.7359375 0.1078125 0.740625 0.1 0.7453125 0.096875 0.7421875 0.090625 0.7421875 0.0859375 0.7453125 0.0734375 0.7453125 0.06875 0.74375 0.0640625 0.7390625 0.0640625 0.7359375 0.06875 0.7125 0.075 0.7 0.0796875 0.6953125 0.0875 0.69375 0.0984375 0.6875 0.1 0.684375 0.115625 0.6796875 0.11875 0.675 0.128125 0.6703125 0.1421875 0.66875
5 0.575 0.590625 0.58125 0.596875 0.58125 0.61875 0.5671875 0.625 0.559375 0.615625 0.5609375 0.6 0.559375 0.59375 0.5734375 0.590625
5 0.0484375 0.625 0.053125 0.6296875 0.0515625 0.6390625 0.046875 0.6453125 0.0390625 0.6484375 0.0296875 0.646875 0.0296875 0.6359375 0.0328125 0.6296875 0.03125 0.628125 0.0359375 0.625 0.046875 0.625
2 0.6609375 0.6109375 0.6703125 0.6171875 0.675 0.6265625 0.6765625 0.6390625 0.6734375 0.6421875 0.66875 0.6390625 0.6625 0.6390625 0.6578125 0.6421875 0.6515625 0.6359375 0.64375 0.6328125 0.64375 0.615625 0.6484375 0.6109375 0.65625 0.609375 0.659375 0.6109375
2 0.9359375 0.6359375 0.9453125 0.6390625 0.95 0.6375 0.9546875 0.640625 0.95625 0.6578125 0.915625 0.6484375 0.9171875 0.6390625 0.934375 0.6359375
2 0.675 0.7984375 0.6875 0.80625 0.690625 0.8125 0.690625 0.8171875 0.69375 0.8203125 0.69375 0.8390625 0.6953125 0.840625 0.6953125 0.859375 0.68125 0.8828125 0.68125 0.890625 0.678125 0.8984375 0.6796875 0.9203125 0.6765625 0.925 0.671875 0.925 0.6640625 0.91875 0.65625 0.91875 0.6484375 0.9125 0.61875 0.8984375 0.615625 0.8859375 0.6171875 0.884375 0.615625 0.85625 0.621875 0.8453125 0.6234375 0.834375 0.6296875 0.821875 0.6296875 0.815625 0.634375 0.803125 0.6484375 0.79375 0.65625 0.79375 0.6734375 0.7984375
2 0.6046875 0.653125 0.6015625 0.634375 0.6046875 0.628125 0.6140625 0.621875 0.61875 0.621875 0.6296875 0.6359375 0.6328125 0.6453125 0.63125 0.659375 0.6328125 0.6625 0.63125 0.6640625 0.6171875 0.6546875 0.60625 0.653125
2 0.5265625 0.5453125 0.5359375 0.546875 0.534375 0.5546875 0.5296875 0.5578125 0.5265625 0.55625 0.525 0.5515625 0.5265625 0.546875
2 0.609375 0.6046875 0.61875 0.6109375 0.61875 0.615625 0.621875 0.61875 0.61875 0.621875 0.6140625 0.6203125 0.60625 0.6265625 0.5984375 0.6265625 0.5953125 0.6234375 0.59375 0.609375 0.6 0.6046875 0.6078125 0.6046875
2 0.603125 0.571875 0.6046875 0.5796875 0.6 0.5796875 0.59375 0.5890625 0.590625 0.5890625 0.5859375 0.584375 0.5859375 0.5765625 0.590625 0.571875 0.6015625 0.571875
2 0.734375 0.59375 0.75 0.5984375 0.7546875 0.6046875 0.75 0.6078125 0.746875 0.60625 0.740625 0.609375 0.734375 0.6203125 0.7296875 0.615625 0.7296875 0.5953125 0.7328125 0.5953125
2 0.571875 0.5796875 0.56875 0.5734375 0.56875 0.565625 0.5734375 0.559375 0.5796875 0.5640625 0.58125 0.5734375 0.5796875 0.58125 0.5734375 0.5796875
2 0.31875 0.6359375 0.3171875 0.6234375 0.334375 0.609375 0.34375 0.60625 0.3546875 0.60625 0.3578125 0.6234375 0.35625 0.6296875 0.3515625 0.634375 0.3453125 0.63125 0.3265625 0.6375 0.3203125 0.6359375
2 0.584375 0.5359375 0.5859375 0.5390625 0.5828125 0.546875 0.578125 0.5453125 0.578125 0.5390625 0.5828125 0.5359375
2 0.5609375 0.5671875 0.5640625 0.5734375 0.5640625 0.58125 0.559375 0.5828125 0.5546875 0.5828125 0.5515625 0.578125 0.553125 0.5765625 0.5515625 0.56875 0.55625 0.565625 0.559375 0.5671875
2 0.4359375 0.5859375 0.4421875 0.590625 0.44375 0.6015625 0.43125 0.6078125 0.4296875 0.6078125 0.428125 0.5890625 0.434375 0.5859375
2 0.4359375 0.575 0.4484375 0.5828125 0.4484375 0.590625 0.4453125 0.59375 0.4359375 0.5859375 0.43125 0.5875 0.428125 0.5859375 0.428125 0.5765625 0.43125 0.5734375 0.434375 0.575
2 0.3609375 0.5890625 0.3640625 0.6 0.3609375 0.60625 0.34375 0.6046875 0.3390625 0.6078125 0.3359375 0.6046875 0.3375 0.603125 0.3359375 0.6 0.346875 0.5890625 0.353125 0.5875 0.359375 0.5890625
2 0.2234375 0.65625 0.23125 0.6703125 0.228125 0.6875 0.225 0.690625 0.2125 0.6921875 0.203125 0.7 0.1984375 0.7078125 0.171875 0.70625 0.16875 0.69375 0.1703125 0.6859375 0.1734375 0.6859375 0.18125 0.678125 0.1828125 0.671875 0.1953125 0.6609375 0.2109375 0.65625 0.221875 0.65625
2 0.071875 0.6125 0.0765625 0.615625 0.06875 0.6234375 0.0671875 0.628125 0.0578125 0.628125 0.05625 0.6234375 0.0625 0.6140625 0.0703125 0.6125
2 0.68125 0.671875 0.6921875 0.675 0.7015625 0.684375 0.7 0.6921875 0.70625 0.7140625 0.70625 0.7328125 0.7015625 0.7375 0.6953125 0.7328125 0.6859375 0.73125 0.6734375 0.7359375 0.6734375 0.73125 0.6703125 0.728125 0.671875 0.7125 0.6703125 0.690625 0.671875 0.6875 0.665625 0.6796875 0.665625 0.6765625 0.6703125 0.6765625 0.6796875 0.671875
2 0.7703125 0.603125 0.78125 0.603125 0.7890625 0.6078125 0.7953125 0.6078125 0.8046875 0.6171875 0.7890625 0.6140625 0.784375 0.6109375 0.778125 0.6109375 0.76875 0.60625 0.7703125 0.6046875
2 0.565625 0.58125 0.5703125 0.5859375 0.5703125 0.590625 0.5671875 0.5921875 0.5578125 0.5921875 0.5578125 0.584375 0.5640625 0.58125
2 0.599212962962963 0.5370601851851852 0.009467592592592666 0.012638888888888821