5 0.0390625 0.6 0.04375 0.596875 0.059375 0.5984375 0.053125 0.615625 0.0484375 0.6203125 0.0421875 0.621875 0.0359375 0.61875 0.0390625 0.6015625
5 0.4796875 0.5578125 0.4828125 0.5609375 0.4828125 0.5671875 0.4734375 0.5765625 0.4609375 0.5734375 0.4609375 0.5671875 0.465625 0.5609375 0.478125 0.5578125
4 0.590625 0.5578125 0.5890625 0.55 0.5921875 0.5453125 0.596875 0.5453125 0.5984375 0.55 0.596875 0.5578125 0.5953125 0.559375 0.5921875 0.5578125
4 0.59375 0.615625 0.6 0.621875 0.6 0.628125 0.60625 0.6359375 0.60625 0.65 0.603125 0.6578125 0.5921875 0.6515625 0.584375 0.653125 0.5765625 0.6453125 0.5703125 0.64375 0.571875 0.621875 0.5828125 0.6140625 0.5921875 0.615625
3 0.6140625 0.6375 0.6203125 0.6390625 0.6203125 0.6546875 0.61875 0.65625 0.6140625 0.6546875 0.6125 0.65 0.6140625 0.6390625
3 0.65 0.665625 0.6546875 0.66875 0.65625 0.678125 0.6546875 0.6890625 0.6484375 0.68125 0.6484375 0.6671875
3 0.1203125 0.60625 0.128125 0.615625 0.1234375 0.628125 0.1125 0.625 0.1125 0.6125 0.11875 0.60625
3 0.2453125 0.59375 0.2484375 0.5953125 0.2515625 0.6046875 0.2484375 0.6125 0.2453125 0.6140625 0.2390625 0.6140625 0.23125 0.609375 0.23125 0.603125 0.2359375 0.5953125 0.24375 0.59375
3 0.3140625 0.60625 0.315625 0.6203125 0.3078125 0.625 0.303125 0.6234375 0.303125 0.6171875 0.30625 0.609375 0.3125 0.60625
3 0.325 0.6125 0.325 0.603125 0.3296875 0.5953125 0.334375 0.5953125 0.3359375 0.603125 0.334375 0.6109375 0.33125 0.6140625 0.3265625 0.6125
3 0.203125 0.6125 0.2046875 0.60625 0.2171875 0.5953125 0.221875 0.5953125 0.228125 0.603125 0.2265625 0.615625 0.2234375 0.6171875 0.21875 0.6140625 0.2046875 0.6125
3 0.0390625 0.7015625 0.0421875 0.7203125 0.04375 0.721875 0.0453125 0.7203125 0.0515625 0.7078125 0.059375 0.7078125 0.0609375 0.709375 0.059375 0.721875 0.0546875 0.7265625 0.0421875 0.728125 0.040625 0.73125 0.025 0.7390625 0.0234375 0.7296875 0.028125 0.715625 0.034375 0.703125 0.0375 0.703125
3 0.540625 0.6171875 0.5421875 0.61875 0.55 0.6171875 0.5515625 0.6296875 0.540625 0.63125 0.5375 0.628125 0.5390625 0.61875
3 0.015625 0.665625 0.0203125 0.671875 0.01875 0.6796875 0.015625 0.6828125 0 0.684375 0 0.66875 0.0140625 0.6671875
3 0.59609375 0.59296875 0.00625 0.01640625
3 0.6765625 0.6796875 0.68125 0.6796875 0.684375 0.684375 0.684375 0.7015625 0.678125 0.7015625 0.675 0.6859375 0.6765625 0.68125
3 0.2 0.6015625 0.2015625 0.603125 0.2015625 0.6203125 0.1984375 0.621875 0.1859375 0.621875 0.1828125 0.6171875 0.1859375 0.603125 0.1984375 0.6015625
3 0.4671875 0.6125 0.46875 0.603125 0.475 0.5953125 0.4796875 0.5984375 0.48125 0.60625 0.4765625 0.6140625 0.46875 0.6125
2 0.9328125 0.65625 0.94375 0.6609375 0.9453125 0.678125 0.940625 0.678125 0.928125 0.671875 0.921875 0.671875 0.91875 0.66875 0.90625 0.665625 0.90625 0.659375 0.909375 0.6546875 0.93125 0.65625
2 0.58125 0.553125 0.5875 0.559375 0.5875 0.5671875 0.578125 0.56875 0.5796875 0.5546875
2 0.5578125 0.53984375 0.0125 0.0109375
2 0.6234375 0.6 0.628125 0.603125 0.6296875 0.6078125 0.63125 0.61875 0.6296875 0.6328125 0.6203125 0.6296875 0.615625 0.625 0.609375 0.628125 0.6015625 0.6234375 0.603125 0.6046875 0.6078125 0.6 0.621875 0.6
2 0.6109375 0.6703125 0.615625 0.675 0.61875 0.6859375 0.6171875 0.7015625 0.6125 0.7078125 0.609375 0.7203125 0.60625 0.7140625 0.5875 0.7140625 0.5828125 0.70625 0.5828125 0.6953125 0.5859375 0.6890625 0.5859375 0.6828125 0.5921875 0.6703125 0.59375 0.66875 0.609375 0.6703125
2 0.5078125 0.590625 0.521875 0.590625 0.53125 0.5984375 0.53125 0.6046875 0.515625 0.5984375 0.503125 0.60625 0.4984375 0.60625 0.4984375 0.6 0.5078125 0.5921875
2 0.5015625 0.5625 0.5078125 0.5671875 0.50625 0.58125 0.4953125 0.584375 0.49375 0.5703125 0.5 0.5640625
2 0.4546875 0.578125 0.459375 0.575 0.4671875 0.575 0.471875 0.5796875 0.471875 0.5828125 0.459375 0.5921875 0.4484375 0.5890625 0.4546875 0.5796875
2 0.359375 0.6125 0.35625 0.603125 0.35625 0.596875 0.359375 0.59375 0.36875 0.5953125 0.36875 0.609375 0.365625 0.6125 0.3609375 0.6125
2 0.490625 0.56875 0.49375 0.5734375 0.4953125 0.58125 0.49375 0.584375 0.4875 0.5890625 0.4734375 0.5859375 0.4734375 0.5796875 0.4765625 0.5734375 0.4828125 0.5703125 0.4890625 0.5703125
2 0.2796875 0.6125 0.2875 0.6265625 0.2796875 0.6421875 0.2734375 0.640625 0.265625 0.6421875 0.2578125 0.6453125 0.253125 0.6515625 0.2375 0.65 0.234375 0.6421875 0.2359375 0.6359375 0.25 0.6203125 0.278125 0.6125
2 0.4671875 0.5875 0.475 0.5859375 0.4890625 0.59375 0.4890625 0.6015625 0.484375 0.60625 0.4796875 0.60625 0.4796875 0.6015625 0.475 0.5984375 0.4671875 0.609375 0.4640625 0.6078125 0.4625 0.603125 0.4625 0.5921875 0.4671875 0.5890625
2 0.3078125 0.5953125 0.3140625 0.60625 0.3140625 0.61875 0.3109375 0.61875 0.3078125 0.6234375 0.29375 0.6234375 0.2890625 0.6265625 0.284375 0.6171875 0.278125 0.6125 0.2796875 0.60625 0.284375 0.6 0.2921875 0.5953125 0.30625 0.5953125
2 0.15625 0.65625 0.1640625 0.6609375 0.16875 0.6703125 0.16875 0.6828125 0.1609375 0.7 0.1578125 0.703125 0.14375 0.7015625 0.125 0.7109375 0.1140625 0.725 0.1046875 0.721875 0.0921875 0.725 0.084375 0.71875 0.08125 0.71875 0.0796875 0.709375 0.084375 0.6953125 0.0984375 0.6875 0.109375 0.6734375 0.125 0.6640625 0.1546875 0.65625
2 0.521875 0.6 0.5265625 0.6046875 0.5296875 0.6046875 0.5328125 0.6109375 0.5328125 0.6171875 0.528125 0.625 0.5109375 0.6234375 0.50625 0.6203125 0.5015625 0.621875 0.4984375 0.615625 0.5 0.6078125 0.5125 0.6 0.5203125 0.6
2 0.7265625 0.6046875 0.7375 0.6046875 0.746875 0.609375 0.7515625 0.615625 0.7375 0.6203125 0.73125 0.6296875 0.728125 0.6296875 0.7265625 0.60625
2 0.496875 0.5578125 0.5 0.5609375 0.490625 0.5703125 0.484375 0.5703125 0.484375 0.5640625 0.4953125 0.5578125
2 0.453125 0.5921875 0.4609375 0.5953125 0.4625 0.6015625 0.4625 0.6109375 0.4609375 0.6140625 0.45625 0.615625 0.4421875 0.615625 0.4328125 0.6125 0.4328125 0.6015625 0.440625 0.5953125 0.4515625 0.5921875
2 0.1796875 0.640625 0.184375 0.65 0.184375 0.659375 0.1796875 0.66875 0.171875 0.6703125 0.16875 0.66875 0.165625 0.6609375 0.1609375 0.65625 0.1578125 0.6546875 0.15625 0.65625 0.140625 0.65625 0.140625 0.6546875 0.146875 0.646875 0.1578125 0.640625 0.165625 0.6390625 0.178125 0.640625
2 0.46875 0.934375 0.478125 0.9390625 0.484375 0.9453125 0.4875 0.95625 0.49375 0.965625 0.496875 0.9796875 0.496875 0.996875 0.4953125 0.9984375 0.384375 0.9984375 0.409375 0.959375 0.425 0.9578125 0.4359375 0.94375 0.446875 0.934375 0.4546875 0.9328125 0.4671875 0.934375
2 0.775 0.615625 0.7921875 0.621875 0.7984375 0.6265625 0.7984375 0.6296875 0.765625 0.6203125 0.765625 0.6171875 0.7734375 0.615625
2 0.89375 0.725 0.896875 0.728125 0.896875 0.7625 0.884375 0.7578125 0.8671875 0.75625 0.86875 0.734375 0.875 0.728125 0.8921875 0.725
2 0.55625 0.55625 0.5625 0.55625 0.5640625 0.559375 0.5640625 0.5703125 0.55625 0.571875 0.5546875 0.5703125 0.55625 0.5578125
2 0.6015625 0.534375 0.603125 0.5421875 0.6 0.5421875 0.6 0.5359375
2 0.50859375 0.5578125 0.015625 0.01875
2 0.5265625 0.553125 0.5296875 0.55625 0.5296875 0.5609375 0.5265625 0.5640625 0.51875 0.5640625 0.51875 0.55625 0.525 0.553125