1 0.421875 0.571875 0.4234375 0.5984375 0.4203125 0.609375 0.4 0.621875 0.3984375 0.625 0.384375 0.628125 0.3640625 0.625 0.3640625 0.6015625 0.36875 0.5828125 0.375 0.578125 0.38125 0.578125 0.409375 0.56875 0.4203125 0.571875
1 0.4234375 0.54375 0.434375 0.5484375 0.440625 0.5625 0.4359375 0.5671875 0.428125 0.5671875 0.421875 0.5703125 0.4125 0.5671875 0.4109375 0.5640625 0.4109375 0.546875 0.421875 0.54375
3 0.8359375 0.675 0.8421875 0.671875 0.846875 0.675 0.853125 0.6875 0.8546875 0.696875 0.853125 0.7 0.846875 0.6984375 0.84375 0.6921875 0.84375 0.6859375 0.8359375 0.6765625
3 0.4421875 0.6234375 0.4484375 0.621875 0.453125 0.625 0.4546875 0.6296875 0.453125 0.6375 0.44375 0.640625 0.4421875 0.625
3 0.409375 0.6234375 0.4125 0.6265625 0.4171875 0.6265625 0.41875 0.6328125 0.4171875 0.6421875 0.409375 0.646875 0.40625 0.6453125 0.40625 0.6265625 0.4078125 0.625
3 0.8140625 0.6375 0.825 0.6375 0.8265625 0.6421875 0.8265625 0.6515625 0.815625 0.653125 0.8140625 0.6390625
3 0.753125 0.63125 0.7578125 0.6359375 0.759375 0.634375 0.7640625 0.6359375 0.7671875 0.653125 0.7625 0.6546875 0.7578125 0.65 0.7515625 0.6484375 0.75 0.6453125 0.7515625 0.6328125
3 0.76875 0.6078125 0.7796875 0.6171875 0.7796875 0.625 0.775 0.6296875 0.7671875 0.63125 0.7609375 0.628125 0.7578125 0.6234375 0.759375 0.6125 0.7671875 0.6078125
3 0.89375 0.6578125 0.8953125 0.6640625 0.9015625 0.6703125 0.90625 0.6640625 0.9140625 0.6703125 0.91875 0.6765625 0.9203125 0.684375 0.91875 0.6875 0.9125 0.6875 0.90625 0.6828125 0.8921875 0.68125 0.890625 0.678125 0.8921875 0.6671875 0.8890625 0.6625 0.8890625 0.659375 0.8921875 0.6578125
3 0.78359375 0.6542418981481481 0.015625 0.023553240740740656
3 0.6578125 0.6109375 0.6640625 0.621875 0.665625 0.628125 0.6640625 0.634375 0.6609375 0.6359375 0.6546875 0.634375 0.65 0.6328125 0.6484375 0.6296875 0.6484375 0.6234375 0.653125 0.6140625 0.65625 0.6125
3 0.6390625 0.6078125 0.6421875 0.609375 0.646875 0.6234375 0.646875 0.6265625 0.64375 0.628125 0.6375 0.6265625 0.6375 0.6109375 0.6390625 0.609375
3 0.890625 0.6234375 0.8953125 0.6234375 0.8984375 0.628125 0.8984375 0.6421875 0.8875 0.6421875 0.890625 0.625
4 0.4515625 0.5765625 0.45625 0.58125 0.4546875 0.6078125 0.4515625 0.6125 0.446875 0.6125 0.440625 0.6171875 0.4359375 0.615625 0.43125 0.603125 0.4328125 0.584375 0.434375 0.5796875 0.4375 0.578125 0.45 0.5765625
4 0.528125 0.571875 0.53125 0.575 0.540625 0.5765625 0.55625 0.584375 0.5625 0.584375 0.571875 0.5890625 0.5734375 0.596875 0.56875 0.6015625 0.571875 0.6078125 0.56875 0.6203125 0.571875 0.621875 0.5640625 0.621875 0.5671875 0.621875 0.56875 0.6171875 0.5625 0.615625 0.5578125 0.6109375 0.553125 0.615625 0.5453125 0.6171875 0.540625 0.6140625 0.525 0.615625 0.5125 0.6078125 0.5125 0.5921875 0.5140625 0.590625 0.5125 0.575 0.5265625 0.5734375
4 0.5140625 0.5734375 0.5296875 0.5734375 0.5328125 0.5765625 0.540625 0.5765625 0.54375 0.5796875 0.546875 0.584375 0.54375 0.5984375 0.546875 0.6046875 0.5453125 0.609375 0.5484375 0.6125 0.5453125 0.615625 0.540625 0.6140625 0.5234375 0.615625 0.5125 0.6078125 0.5140625 0.575
0 0.93125 0.6796875 0.946875 0.68125 0.953125 0.6859375 0.9828125 0.69375 0.9890625 0.6984375 0.9953125 0.6984375 0.9953125 0.7609375 0.9671875 0.746875 0.9546875 0.746875 0.95 0.7375 0.94375 0.73125 0.9265625 0.7234375 0.93125 0.68125
0 0.2890625 0.6622974537037036 0.0484375 0.06442129629629631
5 0.55625 0.5921875 0.5734375 0.596875 0.571875 0.5984375 0.5734375 0.621875 0.5703125 0.625 0.559375 0.625 0.5546875 0.621875 0.553125 0.6171875 0.553125 0.5984375 0.55625 0.59375
5 0.4578125 0.56875 0.4609375 0.5703125 0.4609375 0.59375 0.4578125 0.5953125 0.45625 0.5796875 0.4484375 0.575 0.45 0.5703125 0.45625 0.56875
5 0.525 0.5609375 0.528125 0.5734375 0.5125 0.571875 0.5125 0.5609375 0.5140625 0.559375 0.5234375 0.5609375
2 0.271875 0.60625 0.2703125 0.63125 0.2671875 0.63125 0.2625 0.6234375 0.25625 0.61875 0.2484375 0.61875 0.2484375 0.6140625 0.2546875 0.609375 0.2625 0.60625 0.2703125 0.60625
2 0.95625 0.61875 0.96875 0.61875 0.9765625 0.6265625 0.9765625 0.640625 0.9703125 0.64375 0.9671875 0.640625 0.96875 0.6328125 0.9671875 0.628125 0.959375 0.625 0.95625 0.6203125
2 0.9421875 0.6046875 0.946875 0.6125 0.946875 0.61875 0.9453125 0.6171875 0.928125 0.61875 0.91875 0.6140625 0.9203125 0.609375 0.9265625 0.609375 0.93125 0.603125 0.940625 0.6046875
2 0.7015625 0.6046875 0.7109375 0.61875 0.70625 0.61875 0.6921875 0.609375 0.6859375 0.609375 0.6828125 0.6125 0.6796875 0.6109375 0.6796875 0.60625 0.684375 0.603125 0.7 0.6046875
2 0.80625 0.65625 0.815625 0.6578125 0.828125 0.6671875 0.8328125 0.6765625 0.84375 0.6875 0.8421875 0.703125 0.8265625 0.703125 0.825 0.7046875 0.81875 0.7046875 0.8140625 0.696875 0.803125 0.690625 0.7890625 0.690625 0.7859375 0.6875 0.7859375 0.6671875 0.7890625 0.659375 0.79375 0.65625 0.8046875 0.65625
2 0.0828125 0.6546875 0.0875 0.659375 0.0875 0.6640625 0.0734375 0.6671875 0.0546875 0.6765625 0.046875 0.6765625 0.0484375 0.6578125 0.0609375 0.6546875 0.08125 0.6546875
2 0.940625 0.603125 0.9453125 0.6078125 0.946875 0.615625 0.9359375 0.615625 0.928125 0.6078125 0.93125 0.603125 0.9390625 0.603125
2 0.23125 0.6171875 0.2328125 0.61875 0.23125 0.621875 0.215625 0.625 0.203125 0.63125 0.1984375 0.63125 0.1984375 0.6296875 0.2046875 0.6234375 0.21875 0.6171875 0.2296875 0.6171875
2 0.6828125 0.609375 0.7 0.6109375 0.7140625 0.621875 0.71875 0.628125 0.71875 0.6390625 0.715625 0.64375 0.703125 0.64375 0.7 0.6390625 0.690625 0.6359375 0.6796875 0.6375 0.675 0.63125 0.671875 0.615625 0.6796875 0.6140625 0.6828125 0.6109375