3 0.759375 0.653125 0.7609375 0.665625 0.7578125 0.68125 0.753125 0.6796875 0.75 0.6703125 0.75 0.659375 0.7578125 0.653125
3 0.790625 0.684375 0.79375 0.6859375 0.79375 0.7015625 0.796875 0.7046875 0.8 0.696875 0.8046875 0.6984375 0.8125 0.6953125 0.815625 0.6984375 0.815625 0.7171875 0.8109375 0.7203125 0.7984375 0.7109375 0.7859375 0.709375 0.784375 0.6984375 0.7890625 0.6859375
3 0.65625 0.625 0.6671875 0.625 0.671875 0.6375 0.6703125 0.64375 0.659375 0.640625 0.6546875 0.6359375 0.65625 0.6265625
3 0.115625 0.60625 0.11875 0.60625 0.11875 0.6234375 0.1125 0.6234375 0.1125 0.6140625 0.115625 0.6078125
3 0.2 0.6015625 0.2015625 0.61875 0.196875 0.621875 0.1859375 0.621875 0.1828125 0.6171875 0.1828125 0.6078125 0.1859375 0.6015625 0.1890625 0.603125 0.1984375 0.6015625
3 0.8515625 0.7296875 0.8578125 0.734375 0.859375 0.7484375 0.8578125 0.7578125 0.8515625 0.7578125 0.8421875 0.7484375 0.828125 0.7453125 0.821875 0.7390625 0.821875 0.7265625 0.8296875 0.7125 0.8359375 0.7140625 0.834375 0.728125 0.8421875 0.7375 0.85 0.7296875
3 0 0.6234375 0.0140625 0.621875 0.0171875 0.625 0.0171875 0.6359375 0.0140625 0.640625 0.0109375 0.640625 0.003125 0.6296875 0 0.6296875 0 0.625
3 0.29375 0.6234375 0.2953125 0.625 0.29375 0.640625 0.2796875 0.64375 0.2828125 0.6296875 0.2921875 0.625
5 0.5109375 0.5953125 0.51875 0.5921875 0.5296875 0.5921875 0.54375 0.59375 0.546875 0.596875 0.5453125 0.6171875 0.54375 0.6203125 0.5328125 0.6265625 0.5296875 0.6265625 0.525 0.6203125 0.51875 0.6203125 0.5125 0.6234375 0.509375 0.6109375 0.5109375 0.596875
5 0.35625 0.5796875 0.3625 0.5828125 0.3640625 0.5921875 0.3453125 0.596875 0.340625 0.590625 0.3328125 0.5890625 0.3359375 0.584375 0.34375 0.58125 0.3546875 0.58125
5 0 0.7296875 0.034375 0.7125 0.0546875 0.7125 0.0609375 0.721875 0.065625 0.7359375 0.065625 0.7515625 0.05625 0.759375 0.0546875 0.7671875 0.05 0.7734375 0.046875 0.775 0.040625 0.771875 0.03125 0.7765625 0.015625 0.790625 0 0.796875 0 0.73125
5 0.046875 0.609375 0.02421875 0.0265625
2 0.625 0.6265625 0.63125 0.6296875 0.6359375 0.6375 0.6359375 0.659375 0.6328125 0.6609375 0.628125 0.659375 0.625 0.6625 0.621875 0.6625 0.6140625 0.6546875 0.5984375 0.653125 0.5953125 0.646875 0.596875 0.6390625 0.60625 0.6296875 0.6234375 0.6265625
2 0.725 0.60625 0.7375 0.6046875 0.74375 0.6078125 0.75 0.615625 0.740625 0.615625 0.734375 0.621875 0.7328125 0.6265625 0.728125 0.628125 0.7265625 0.6265625 0.7265625 0.6078125
2 0.9421875 0.659375 0.9453125 0.6609375 0.9453125 0.678125 0.9359375 0.6765625 0.928125 0.671875 0.921875 0.671875 0.90625 0.6640625 0.9109375 0.65625 0.93125 0.65625 0.940625 0.659375
2 0.5703125 0.6046875 0.5765625 0.6 0.5875 0.6 0.5921875 0.6015625 0.5984375 0.6078125 0.6 0.6125 0.6 0.6265625 0.59375 0.6296875 0.5890625 0.628125 0.5859375 0.6140625 0.5703125 0.60625
2 0.48125 0.5953125 0.4875 0.5984375 0.4921875 0.60625 0.490625 0.6125 0.484375 0.6171875 0.4625 0.615625 0.459375 0.6125 0.459375 0.60625 0.4625 0.6015625 0.471875 0.5953125 0.4796875 0.5953125
2 0.571875 0.6078125 0.584375 0.6140625 0.5875 0.6265625 0.5875 0.63125 0.58125 0.6390625 0.578125 0.6375 0.571875 0.640625 0.5671875 0.640625 0.559375 0.634375 0.546875 0.6328125 0.5453125 0.625 0.5453125 0.6203125 0.5515625 0.6125 0.5625 0.6078125 0.5703125 0.6078125
2 0.475 0.55625 0.4828125 0.5609375 0.4765625 0.5671875 0.46875 0.5671875 0.465625 0.5640625 0.465625 0.5609375 0.4734375 0.55625
2 0.4671875 0.5671875 0.4734375 0.571875 0.4609375 0.5828125 0.453125 0.58125 0.453125 0.5765625 0.4578125 0.5703125 0.465625 0.5671875
2 0.296875 0.621875 0.2921875 0.615625 0.2890625 0.615625 0.2828125 0.6265625 0.265625 0.628125 0.2609375 0.6328125 0.2546875 0.6328125 0.2515625 0.63125 0.2484375 0.6234375 0.25 0.6171875 0.2703125 0.6015625 0.284375 0.6 0.290625 0.60625 0.3015625 0.6078125 0.3015625 0.6203125 0.2984375 0.6203125
2 0.496875 0.5640625 0.5015625 0.5671875 0.5015625 0.575 0.490625 0.58125 0.4875 0.5796875 0.4859375 0.5703125 0.4953125 0.5640625
2 0.365625 0.59375 0.36875 0.5953125 0.3671875 0.61875 0.3546875 0.6203125 0.3484375 0.625 0.3359375 0.6234375 0.334375 0.6125 0.3484375 0.5984375 0.3640625 0.59375
2 0.45 0.5703125 0.453125 0.571875 0.453125 0.5765625 0.4484375 0.58125 0.4390625 0.5796875 0.4328125 0.58125 0.43125 0.578125 0.4328125 0.5734375 0.4375 0.5703125 0.4484375 0.5703125
2 0.109375 0.659375 0.1125 0.6609375 0.115625 0.671875 0.115625 0.6828125 0.1125 0.6875 0.1015625 0.6890625 0.0890625 0.696875 0.084375 0.696875 0.071875 0.7078125 0.0640625 0.70625 0.0578125 0.709375 0.040625 0.70625 0.040625 0.6984375 0.0453125 0.6890625 0.0578125 0.68125 0.0640625 0.671875 0.075 0.6640625 0.0953125 0.6578125 0.1078125 0.659375
2 0.4921875 0.584375 0.5015625 0.5859375 0.50625 0.5890625 0.50625 0.6109375 0.5015625 0.6125 0.4953125 0.609375 0.4875 0.5984375 0.4796875 0.5953125 0.484375 0.5890625 0.490625 0.5859375
2 0.09375 0.5875 0.0953125 0.6015625 0.0875 0.603125 0.084375 0.60625 0.0671875 0.603125 0.065625 0.59375 0.0734375 0.5859375 0.0921875 0.5875
2 0.5265625 0.553125 0.5296875 0.55625 0.5296875 0.5609375 0.5265625 0.5640625 0.5203125 0.565625 0.5171875 0.5640625 0.5203125 0.5578125 0.525 0.5546875
2 0.7171875 0.646875 0.7453125 0.6578125 0.7515625 0.678125 0.7515625 0.6875 0.7484375 0.69375 0.740625 0.696875 0.734375 0.6953125 0.728125 0.7 0.725 0.7 0.7171875 0.6890625 0.6984375 0.68125 0.6859375 0.684375 0.68125 0.675 0.68125 0.659375 0.684375 0.65625 0.715625 0.646875
2 0.3421875 0.590625 0.346875 0.5953125 0.346875 0.6 0.33125 0.615625 0.321875 0.6203125 0.315625 0.6203125 0.3109375 0.6171875 0.3125 0.6046875 0.3171875 0.603125 0.328125 0.5921875 0.3375 0.5890625 0.340625 0.590625
2 0 0.6296875 0.00625 0.63125 0.009375 0.6375 0.0078125 0.6453125 0 0.6484375 0 0.63125
2 0.6046875 0.553125 0.6078125 0.553125 0.60625 0.5640625 0.603125 0.5609375 0.6046875 0.5546875
2 0.765625 0.6171875 0.7796875 0.6171875 0.7921875 0.621875 0.7984375 0.628125 0.796875 0.6296875 0.7859375 0.625 0.7734375 0.6234375 0.765625 0.61875
2 0.4703125 0.575 0.4765625 0.5703125 0.484375 0.5703125 0.4875 0.578125 0.4859375 0.5859375 0.4828125 0.5890625 0.4765625 0.59375 0.4703125 0.59375 0.465625 0.5828125 0.4671875 0.578125 0.4703125 0.5765625
2 0.5125 0.5640625 0.5140625 0.575 0.509375 0.5796875 0.503125 0.5765625 0.503125 0.5671875 0.50625 0.5640625 0.5109375 0.5640625
2 0.434375 0.60625 0.434375 0.596875 0.4375 0.5921875 0.446875 0.584375 0.4546875 0.58125 0.4640625 0.5828125 0.4671875 0.5890625 0.465625 0.5984375 0.4578125 0.6046875 0.4359375 0.60625