0 0.34375 0.6140625 0.35 0.6171875 0.3546875 0.6234375 0.3546875 0.640625 0.3515625 0.6453125 0.3390625 0.65625 0.3234375 0.6453125 0.3234375 0.625 0.3421875 0.615625
3 0.496875 0.61875 0.5015625 0.625 0.5015625 0.63125 0.4953125 0.634375 0.4875 0.634375 0.4890625 0.6234375 0.4953125 0.6203125
3 0.646875 0.603125 0.6546875 0.6109375 0.65625 0.61875 0.6515625 0.621875 0.64375 0.6203125 0.6390625 0.6125 0.6421875 0.6046875 0.6453125 0.603125
3 0.8052546296296296 0.6065914351851852 0.020659722222222322 0.02373842592592599
3 0.752980324074074 0.6011284722222222 0.0159259259259259 0.02054398148148149
3 0.7296875 0.6015625 0.7296875 0.609375 0.7265625 0.6140625 0.721875 0.6125 0.7203125 0.6015625 0.7234375 0.596875 0.728125 0.6015625
3 0.88125 0.59375 0.884375 0.6046875 0.884375 0.6140625 0.878125 0.6140625 0.8765625 0.6109375 0.8765625 0.6 0.8796875 0.5953125
3 0.790625 0.6 0.7890625 0.609375 0.7859375 0.6109375 0.7796875 0.609375 0.7765625 0.6125 0.771875 0.6125 0.76875 0.6078125 0.7703125 0.5953125 0.775 0.590625 0.7796875 0.590625 0.7890625 0.6
3 0.9390625 0.6875 0.946875 0.6890625 0.953125 0.7125 0.953125 0.7234375 0.95 0.7234375 0.94375 0.715625 0.93125 0.7140625 0.928125 0.7078125 0.9265625 0.6921875 0.9359375 0.6984375 0.9390625 0.6890625
3 0.7875694444444445 0.6399305555555556 0.017581018518518565 0.026817129629629656
3 0.7921875 0.6453125 0.8 0.646875 0.80625 0.6546875 0.8109375 0.6671875 0.809375 0.675 0.803125 0.6703125 0.79375 0.66875 0.7890625 0.665625 0.7859375 0.659375 0.7859375 0.65 0.790625 0.6453125
3 0.75625 0.590625 0.765625 0.6 0.765625 0.60625 0.7578125 0.609375 0.746875 0.609375 0.7453125 0.60625 0.746875 0.5953125 0.7546875 0.590625
3 0.6875 0.59375 0.6921875 0.596875 0.69375 0.603125 0.6921875 0.6109375 0.6859375 0.6109375 0.68125 0.603125 0.68125 0.596875 0.6859375 0.59375
3 0.3328125 0.825 0.3375 0.8328125 0.340625 0.8328125 0.34375 0.828125 0.3453125 0.8296875 0.35 0.846875 0.3484375 0.8703125 0.34375 0.8734375 0.34375 0.8703125 0.3359375 0.8640625 0.334375 0.85 0.33125 0.846875 0.3328125 0.8265625
3 0.68125 0.6171875 0.6875 0.6203125 0.6890625 0.6359375 0.6828125 0.6359375 0.675 0.6296875 0.675 0.621875 0.6796875 0.6171875
3 0.728125 0.6328125 0.734375 0.63125 0.7390625 0.6328125 0.7453125 0.6453125 0.7421875 0.6515625 0.7296875 0.6484375 0.728125 0.634375
3 0.878125 0.640625 0.8828125 0.640625 0.8890625 0.6546875 0.8859375 0.65625 0.875 0.6484375 0.878125 0.6421875
4 0.4375 0.55625 0.4375 0.5765625 0.4296875 0.5765625 0.4265625 0.56875 0.4265625 0.5578125 0.4359375 0.55625
5 0.33125 0.6515625 0.3375 0.6625 0.3390625 0.68125 0.3296875 0.690625 0.309375 0.696875 0.3 0.70625 0.296875 0.7046875 0.284375 0.70625 0.2828125 0.703125 0.278125 0.703125 0.275 0.7 0.2734375 0.6671875 0.2765625 0.6609375 0.3171875 0.646875 0.3265625 0.6484375 0.3296875 0.6515625
5 0.8484375 0.64375 0.8625 0.6453125 0.88125 0.65625 0.8875 0.65625 0.89375 0.659375 0.9203125 0.684375 0.925 0.6953125 0.928125 0.7203125 0.921875 0.725 0.8921875 0.7234375 0.890625 0.7265625 0.8875 0.7265625 0.88125 0.7203125 0.8796875 0.7140625 0.875 0.709375 0.859375 0.7015625 0.8484375 0.7046875 0.84375 0.7 0.8421875 0.6921875 0.8296875 0.6796875 0.8296875 0.6640625 0.83125 0.6625 0.8296875 0.646875 0.8328125 0.64375 0.846875 0.64375
5 0.196875 0.7046875 0.215625 0.715625 0.228125 0.7171875 0.23125 0.721875 0.234375 0.7390625 0.225 0.7546875 0.209375 0.75625 0.1875 0.7671875 0.184375 0.771875 0.1671875 0.7765625 0.159375 0.7890625 0.153125 0.79375 0.1484375 0.79375 0.14375 0.7890625 0.140625 0.790625 0.1171875 0.7890625 0.1140625 0.7828125 0.115625 0.7625 0.1125 0.7546875 0.1140625 0.740625 0.1125 0.734375 0.1171875 0.728125 0.146875 0.715625 0.1546875 0.715625 0.1765625 0.70625 0.1953125 0.7046875
2 0.6421875 0.5828125 0.6578125 0.584375 0.671875 0.5984375 0.671875 0.6109375 0.65625 0.609375 0.65 0.60625 0.646875 0.6 0.64375 0.6 0.6390625 0.6046875 0.6359375 0.5890625 0.6375 0.584375 0.640625 0.5828125
2 0.21465856481481485 0.6486342592592592 0.03621527777777778 0.019282407407407387
2 0.2671875 0.6296875 0.26875 0.63125 0.2671875 0.634375 0.26875 0.6546875 0.2671875 0.65625 0.2515625 0.640625 0.24375 0.6421875 0.24375 0.6390625 0.2546875 0.6296875 0.265625 0.6296875
2 0.50625 0.5703125 0.5078125 0.5765625 0.503125 0.5875 0.4921875 0.584375 0.4921875 0.571875 0.5046875 0.5703125
2 0.546875 0.5875 0.5609375 0.6015625 0.5578125 0.609375 0.534375 0.60625 0.53125 0.596875 0.540625 0.5875 0.5453125 0.5875
2 0.3361574074074074 0.7285763888888889 0.041597222222222195 0.0662268518518518
2 0.459375 0.6078125 0.46875 0.615625 0.4703125 0.6296875 0.46875 0.63125 0.4546875 0.6296875 0.446875 0.6359375 0.4390625 0.634375 0.434375 0.6203125 0.4359375 0.6140625 0.440625 0.609375 0.4578125 0.6078125
2 0.07244212962962963 0.7012268518518519 0.04414351851851851 0.02721064814814813
2 0.45157986111111104 0.5857233796296296 0.017511574074074065 0.022129629629629655
2 0.9930497685185184 0.7141377314814814 0.013900462962963012 0.0565509259259259
2 0.5234375 0.5875 0.521875 0.5765625 0.525 0.5734375 0.5328125 0.5734375 0.5390625 0.58125 0.5390625 0.5875 0.5359375 0.590625 0.528125 0.590625 0.525 0.5875
2 0.5609375 0.5859375 0.5640625 0.596875 0.5625 0.6015625 0.559375 0.6015625 0.553125 0.59375 0.5421875 0.5875 0.54375 0.58125 0.5546875 0.58125 0.559375 0.5859375
2 0.728125 0.615625 0.7390625 0.6171875 0.7515625 0.6296875 0.75625 0.6375 0.7546875 0.64375 0.7515625 0.6453125 0.7453125 0.64375 0.7328125 0.6234375 0.728125 0.6265625 0.7265625 0.640625 0.7125 0.6390625 0.709375 0.6359375 0.7078125 0.6328125 0.709375 0.621875 0.71875 0.615625 0.7265625 0.615625
2 0.903125 0.5796875 0.9078125 0.5796875 0.9125 0.575 0.9203125 0.5734375 0.9265625 0.575 0.93125 0.5796875 0.93125 0.5859375 0.925 0.5859375 0.91875 0.5890625 0.903125 0.5875 0.903125 0.58125
2 0.9946412037037037 0.6226851851851851 0.010717592592592595 0.020474537037037076
2 0.8890625 0.5671875 0.8984375 0.5734375 0.8984375 0.58125 0.89375 0.584375 0.8875 0.5828125 0.884375 0.578125 0.884375 0.5703125 0.8875 0.56875
2 0.490625 0.56875 0.4890625 0.578125 0.48125 0.575 0.4796875 0.571875 0.48125 0.565625 0.4859375 0.565625 0.4890625 0.56875
2 0.5078125 0.575 0.5171875 0.5765625 0.5234375 0.5859375 0.5234375 0.5875 0.5078125 0.5890625 0.50625 0.5875 0.5078125 0.5765625
2 0.51875 0.5859375 0.528125 0.596875 0.528125 0.609375 0.515625 0.6109375 0.5078125 0.603125 0.50625 0.596875 0.5078125 0.590625 0.5125 0.5875 0.5171875 0.5875
1 0.425 0.5703125 0.428125 0.5765625 0.4265625 0.6015625 0.415625 0.6140625 0.4046875 0.6171875 0.3921875 0.615625 0.390625 0.6125 0.3890625 0.5921875 0.3921875 0.578125 0.403125 0.575 0.4109375 0.56875 0.4234375 0.5703125
1 0.409375 0.55 0.4140625 0.5578125 0.4140625 0.565625 0.4078125 0.5671875 0.403125 0.5734375 0.396875 0.571875 0.39375 0.5546875 0.396875 0.55 0.4046875 0.5484375 0.4078125 0.55