0 0.6484375 0.7 0.6703125 0.70625 0.675 0.709375 0.6796875 0.7171875 0.678125 0.7234375 0.68125 0.734375 0.6796875 0.7359375 0.6796875 0.7625 0.6625 0.796875 0.6609375 0.8140625 0.640625 0.81875 0.6234375 0.8109375 0.6203125 0.8125 0.6203125 0.8046875 0.615625 0.7953125 0.6171875 0.740625 0.6296875 0.7203125 0.6390625 0.7109375 0.640625 0.70625 0.646875 0.7015625
0 0.665625 0.6296875 0.6765625 0.6390625 0.678125 0.65625 0.675 0.65625 0.6703125 0.6625 0.66875 0.678125 0.6625 0.6796875 0.653125 0.6765625 0.6484375 0.671875 0.6453125 0.6515625 0.6421875 0.646875 0.6390625 0.6328125 0.640625 0.6265625 0.646875 0.6234375 0.659375 0.625 0.6640625 0.6296875
0 0.0078125 0.6828125 0.0234375 0.6734375 0.034375 0.671875 0.0484375 0.6640625 0.053125 0.6640625 0.05625 0.6609375 0.0609375 0.6609375 0.0703125 0.65625 0.0890625 0.6515625 0.1015625 0.653125 0.1 0.68125 0.0921875 0.6875 0.0890625 0.69375 0.065625 0.7140625 0.0546875 0.7171875 0.0265625 0.73125 0.0203125 0.740625 0.0140625 0.7453125 0.0078125 0.7453125 0 0.740625 0 0.7109375 0.003125 0.7109375 0.0078125 0.70625 0.0078125 0.684375
0 0.6296875 0.6296875 0.640625 0.64375 0.64375 0.6515625 0.64375 0.66875 0.646875 0.684375 0.646875 0.6890625 0.64375 0.69375 0.6234375 0.69375 0.6078125 0.6625 0.609375 0.63125 0.6109375 0.6296875 0.628125 0.6296875
0 0.7296875 0.65625 0.74375 0.65625 0.75625 0.6609375 0.765625 0.690625 0.7640625 0.6984375 0.765625 0.7390625 0.7640625 0.7421875 0.75625 0.7421875 0.7390625 0.7375 0.7359375 0.7328125 0.734375 0.7234375 0.728125 0.7140625 0.7265625 0.665625 0.7296875 0.6578125
0 0.6578125 0.6 0.6671875 0.6 0.678125 0.603125 0.6953125 0.6125 0.69375 0.6375 0.6890625 0.640625 0.6828125 0.640625 0.65625 0.6234375 0.653125 0.609375 0.6578125 0.6015625
5 0.46875 0.578125 0.4796875 0.58125 0.48125 0.5890625 0.465625 0.6 0.4625 0.6046875 0.4578125 0.60625 0.4515625 0.6046875 0.45 0.5984375 0.4515625 0.5890625 0.4546875 0.5828125 0.4625 0.578125 0.4671875 0.578125
5 0.0578125 0.6 0.059375 0.609375 0.0484375 0.6203125 0.0375 0.6203125 0.0375 0.6046875 0.046875 0.5984375 0.05625 0.6
5 0.575 0.5625 0.5796875 0.5671875 0.5796875 0.58125 0.5765625 0.5859375 0.571875 0.5875 0.56875 0.5859375 0.5671875 0.58125 0.5671875 0.5703125 0.56875 0.5640625 0.5734375 0.5625
5 0.7078125 0.6453125 0.7171875 0.659375 0.71875 0.6859375 0.7171875 0.690625 0.7140625 0.6921875 0.69375 0.6859375 0.6859375 0.671875 0.6859375 0.6546875 0.6890625 0.6453125 0.690625 0.64375 0.70625 0.6453125
3 0.7265625 0.7203125 0.734375 0.73125 0.7375 0.7453125 0.7375 0.7578125 0.7328125 0.771875 0.728125 0.7703125 0.7234375 0.759375 0.7203125 0.7578125 0.7203125 0.7265625 0.725 0.721875
3 0.19375 0.61328125 0.01875 0.0203125
3 0.134375 0.659375 0.1375 0.6609375 0.1390625 0.66875 0.1375 0.6765625 0.121875 0.675 0.1265625 0.6640625 0.1328125 0.659375
3 0.671875 0.671875 0.6796875 0.6734375 0.68125 0.6828125 0.6796875 0.696875 0.6734375 0.696875 0.6703125 0.690625 0.671875 0.6734375
3 0.50625 0.5671875 0.5078125 0.55625 0.509375 0.55625 0.509375 0.5671875 0.5078125 0.5671875
3 0.584375 0.615625 0.5875 0.6203125 0.5875 0.628125 0.584375 0.63125 0.571875 0.6296875 0.5703125 0.625 0.571875 0.61875 0.5828125 0.6171875
3 0.7265625 0.746875 0.7328125 0.7515625 0.7359375 0.7578125 0.7328125 0.771875 0.728125 0.7703125 0.725 0.7609375 0.7203125 0.75625 0.7203125 0.753125 0.725 0.7484375
3 0.696875 0.8890625 0.7 0.8984375 0.7 0.91875 0.690625 0.9171875 0.6703125 0.9296875 0.665625 0.9296875 0.6625 0.896875 0.665625 0.89375 0.6703125 0.89375 0.6765625 0.9015625 0.6828125 0.9046875 0.6859375 0.9109375 0.6890625 0.90625 0.6890625 0.896875 0.6921875 0.890625 0.6953125 0.8890625
3 0.496875 0.56328125 0.0046875 0.0109375
3 0.18515625 0.659375 0.02578125 0.03359375
3 0.6609375 0.846875 0.665625 0.8546875 0.675 0.859375 0.675 0.8671875 0.6703125 0.875 0.6703125 0.890625 0.6609375 0.8953125 0.6578125 0.890625 0.659375 0.85 0.6609375 0.8484375
3 0.2203125 0.609375 0.2203125 0.621875 0.209375 0.6265625 0.203125 0.6265625 0.203125 0.61875 0.20625 0.6125 0.2125 0.6109375 0.21875 0.6140625 0.2203125 0.6109375
3 0.796875 0.6875 0.8 0.6890625 0.8 0.696875 0.796875 0.7 0.7984375 0.709375 0.796875 0.71875 0.7765625 0.7140625 0.76875 0.7078125 0.76875 0.6953125 0.775 0.6859375 0.7796875 0.6859375 0.7796875 0.696875 0.7828125 0.7 0.790625 0.7 0.796875 0.6890625
3 0.18125 0.6125 0.184375 0.6234375 0.18125 0.6265625 0.1734375 0.628125 0.165625 0.628125 0.165625 0.6203125 0.171875 0.6109375 0.1765625 0.609375 0.1796875 0.6125
4 0.584375 0.68125 0.5984375 0.6859375 0.609375 0.6953125 0.6109375 0.7015625 0.609375 0.7265625 0.6 0.73125 0.590625 0.7421875 0.5875 0.753125 0.5734375 0.7484375 0.559375 0.7484375 0.55 0.7375 0.55 0.7125 0.5609375 0.7015625 0.5703125 0.684375 0.5828125 0.68125
4 0.0953125 0.590625 0.0984375 0.60625 0.1015625 0.609375 0.109375 0.6109375 0.1078125 0.6265625 0.1 0.628125 0.096875 0.63125 0.0796875 0.63125 0.078125 0.6328125 0.075 0.628125 0.0765625 0.596875 0.08125 0.5921875 0.09375 0.590625
2 0.603125 0.5734375 0.609375 0.578125 0.6109375 0.5828125 0.6109375 0.590625 0.6078125 0.596875 0.6 0.596875 0.5921875 0.5921875 0.5859375 0.5921875 0.584375 0.5890625 0.584375 0.578125 0.6015625 0.5734375
2 0.65 0.6125 0.653125 0.6203125 0.6421875 0.6234375 0.6390625 0.6265625 0.6375 0.634375 0.628125 0.628125 0.6109375 0.628125 0.609375 0.6296875 0.609375 0.621875 0.6203125 0.6125 0.6265625 0.6109375 0.6484375 0.6125
2 0.44375 0.5796875 0.4484375 0.584375 0.4484375 0.5921875 0.44375 0.603125 0.4328125 0.603125 0.43125 0.596875 0.43125 0.5828125 0.434375 0.5796875 0.4421875 0.5796875
2 0.559375 0.6 0.56875 0.609375 0.565625 0.6234375 0.553125 0.6234375 0.5484375 0.6203125 0.5328125 0.61875 0.5328125 0.6109375 0.5375 0.6046875 0.546875 0.6 0.5578125 0.6
2 0.4640625 0.565625 0.4640625 0.5734375 0.4515625 0.5828125 0.4453125 0.5796875 0.4484375 0.5671875 0.4625 0.565625
2 0.25546875 0.6171875 0.04140625 0.02734375
2 0.4765625 0.5671875 0.4828125 0.5703125 0.4828125 0.58125 0.4640625 0.5765625 0.4671875 0.5703125 0.475 0.56875
2 0.146875 0.678125 0.15 0.684375 0.15 0.6984375 0.1421875 0.7109375 0.1328125 0.7109375 0.128125 0.7140625 0.1234375 0.7140625 0.1078125 0.7234375 0.0984375 0.734375 0.0875 0.734375 0.078125 0.7375 0.0703125 0.7375 0.065625 0.734375 0.065625 0.7203125 0.0703125 0.7125 0.096875 0.6859375 0.103125 0.68125 0.109375 0.68125 0.115625 0.678125 0.1453125 0.678125
2 0.490625 0.5953125 0.496875 0.6015625 0.496875 0.6109375 0.4890625 0.6171875 0.4765625 0.6140625 0.471875 0.615625 0.4640625 0.6140625 0.4640625 0.6046875 0.46875 0.6 0.4796875 0.59375 0.4890625 0.5953125
2 0.240625 0.64765625 0.0546875 0.0375
2 0.9078125 0.65625 0.9296875 0.65625 0.9453125 0.6609375 0.9453125 0.6765625 0.9421875 0.678125 0.9296875 0.671875 0.921875 0.671875 0.91875 0.66875 0.9078125 0.6671875 0.90625 0.665625 0.9078125 0.6578125
2 0.08125 0.5859375 0.084375 0.5890625 0.075 0.5984375 0.0671875 0.596875 0.0671875 0.590625 0.071875 0.5859375 0.0796875 0.5859375
2 0 0.628125 0.0046875 0.6296875 0.009375 0.6359375 0.009375 0.6421875 0.003125 0.6484375 0 0.6484375 0 0.6296875
2 0.7265625 0.6046875 0.7390625 0.6046875 0.7453125 0.6078125 0.7515625 0.615625 0.7484375 0.61875 0.740625 0.61875 0.734375 0.6265625 0.734375 0.6359375 0.73125 0.6359375 0.7265625 0.6296875 0.7265625 0.60625
2 0.5265625 0.5546875 0.528125 0.5625 0.521875 0.56875 0.515625 0.5671875 0.515625 0.5609375 0.5171875 0.55625 0.525 0.5546875
2 0.30625 0.5984375 0.3109375 0.6046875 0.3109375 0.6171875 0.30625 0.6265625 0.303125 0.628125 0.2984375 0.625 0.290625 0.6265625 0.2796875 0.634375 0.2671875 0.6296875 0.265625 0.625 0.2671875 0.6171875 0.2796875 0.6046875 0.2875 0.6 0.3046875 0.5984375
2 0.3578125 0.59375 0.3671875 0.6 0.36875 0.60625 0.3671875 0.6109375 0.3609375 0.615625 0.3390625 0.615625 0.3375 0.6171875 0.33125 0.6140625 0.3328125 0.6046875 0.34375 0.5953125 0.35625 0.59375
2 0.7796875 0.6171875 0.79375 0.6234375 0.796875 0.6296875 0.7671875 0.6203125 0.765625 0.61875 0.7671875 0.6171875 0.778125 0.6171875