5 0.5515625 0.5984375 0.55625 0.6015625 0.5578125 0.625 0.5515625 0.6296875 0.540625 0.6328125 0.534375 0.6265625 0.5234375 0.628125 0.515625 0.615625 0.515625 0.6109375 0.51875 0.6015625 0.525 0.596875 0.55 0.5984375
5 0.12383680555555557 0.685329861111111 0.08497685185185186 0.08187500000000006
5 0.025 0.5984375 0.03125 0.5953125 0.04375 0.596875 0.040625 0.6125 0.0328125 0.61875 0.021875 0.61875 0.021875 0.6046875 0.025 0.6
5 0.5859375 0.6015625 0.590625 0.6109375 0.590625 0.628125 0.5875 0.6328125 0.578125 0.63125 0.5734375 0.634375 0.56875 0.628125 0.565625 0.628125 0.5609375 0.6234375 0.5609375 0.603125 0.56875 0.596875 0.571875 0.5984375 0.5765625 0.596875 0.584375 0.6015625
3 0.56875 0.5671875 0.571875 0.56875 0.571875 0.5796875 0.56875 0.584375 0.5671875 0.58125 0.56875 0.56875
3 0.1814236111111111 0.6107523148148148 0.022060185185185176 0.025162037037037076
3 0.10625 0.603125 0.1125 0.60625 0.115625 0.615625 0.1109375 0.625 0.1046875 0.625 0.1 0.621875 0.1 0.6078125 0.1046875 0.603125
3 0 0.61875 0.0015625 0.621875 0 0.6359375 0 0.6203125
3 0.2359375 0.5953125 0.2390625 0.5984375 0.2390625 0.6046875 0.2375 0.609375 0.23125 0.6140625 0.221875 0.6125 0.2203125 0.6046875 0.2234375 0.5984375 0.234375 0.5953125
3 0.5859375 0.565625 0.5890625 0.5671875 0.5890625 0.575 0.5859375 0.58125 0.5859375 0.5671875
3 0.2125 0.6015625 0.215625 0.603125 0.21875 0.6203125 0.2109375 0.6234375 0.203125 0.621875 0.203125 0.6171875 0.2109375 0.603125
2 0.359375 0.5953125 0.359375 0.6203125 0.35625 0.621875 0.3546875 0.6203125 0.3421875 0.621875 0.3390625 0.6171875 0.3390625 0.609375 0.3578125 0.5953125
2 0.734375 0.60625 0.7421875 0.6125 0.7453125 0.6125 0.75 0.6203125 0.734375 0.625 0.7265625 0.6328125 0.7234375 0.6296875 0.725 0.6140625 0.7234375 0.6078125 0.7328125 0.60625
2 0.4359375 0.5671875 0.4390625 0.565625 0.4515625 0.5671875 0.4453125 0.575 0.4390625 0.575 0.4359375 0.56875
2 0.771875 0.61875 0.7859375 0.6234375 0.79375 0.628125 0.7953125 0.6328125 0.7640625 0.6234375 0.7625 0.6203125 0.7703125 0.61875
2 0.628125 0.6265625 0.6421875 0.634375 0.6453125 0.6421875 0.6453125 0.6578125 0.640625 0.6625 0.628125 0.6640625 0.621875 0.66875 0.6078125 0.6578125 0.59375 0.6578125 0.590625 0.6484375 0.590625 0.6390625 0.59375 0.634375 0.6125 0.6265625 0.6265625 0.6265625
2 0.94375 0.665625 0.9453125 0.68125 0.9421875 0.684375 0.9046875 0.66875 0.9078125 0.6609375 0.934375 0.6609375 0.9421875 0.665625
2 0.028125 0.7546875 0.0328125 0.7578125 0.0328125 0.778125 0.025 0.7890625 0.025 0.79375 0.021875 0.7984375 0 0.8109375 0 0.75625 0.0265625 0.7546875
2 0 0.7109375 0 0.684375 0.0078125 0.6796875 0.0140625 0.6703125 0.03125 0.6546875 0.0546875 0.6484375 0.071875 0.6484375 0.0765625 0.6546875 0.0765625 0.6734375 0.071875 0.678125 0.06875 0.690625 0.0546875 0.6890625 0.04375 0.6921875 0.0390625 0.696875 0.0328125 0.6984375 0.025 0.709375 0.0125 0.70625 0.0015625 0.7109375
2 0.0671875 0.5984375 0.08125 0.596875 0.084375 0.6 0.0921875 0.6 0.09375 0.609375 0.0921875 0.6171875 0.0703125 0.621875 0.0671875 0.6203125 0.065625 0.6078125 0.0671875 0.6
2 0.44375 0.575 0.4546875 0.5671875 0.4671875 0.56875 0.4671875 0.5734375 0.4640625 0.578125 0.446875 0.5796875 0.44375 0.5765625
2 0.3921875 0.584375 0.3953125 0.5953125 0.3921875 0.609375 0.3890625 0.609375 0.390625 0.5859375
2 0.2890625 0.590625 0.2921875 0.59375 0.2921875 0.5984375 0.275 0.6015625 0.2625 0.615625 0.25625 0.615625 0.25625 0.6046875 0.2609375 0.6 0.2703125 0.596875 0.2765625 0.590625 0.2875 0.590625
2 0.4984375 0.5609375 0.503125 0.5671875 0.503125 0.5796875 0.5 0.58125 0.490625 0.5796875 0.4890625 0.5671875 0.49375 0.5625 0.496875 0.5625
2 0.4921875 0.5953125 0.5 0.609375 0.4921875 0.6203125 0.484375 0.6203125 0.4796875 0.6171875 0.4640625 0.6171875 0.4625 0.6140625 0.465625 0.6046875 0.471875 0.596875 0.490625 0.5953125
2 0.2953125 0.6 0.303125 0.603125 0.3078125 0.6078125 0.3078125 0.6171875 0.2984375 0.6234375 0.2875 0.6234375 0.2703125 0.628125 0.265625 0.625 0.265625 0.6140625 0.26875 0.609375 0.2765625 0.603125 0.29375 0.6
2 0.9078125 0.7453125 0.9109375 0.746875 0.9109375 0.765625 0.9125 0.7671875 0.9109375 0.7859375 0.9046875 0.784375 0.9015625 0.7765625 0.9015625 0.7484375 0.90625 0.7453125
2 0.5234375 0.5875 0.528125 0.590625 0.528125 0.59375 0.5171875 0.603125 0.5140625 0.6125 0.503125 0.6109375 0.4984375 0.5984375 0.503125 0.5921875 0.509375 0.5890625 0.521875 0.5875
2 0.759375 0.6640625 0.7796875 0.6734375 0.7859375 0.6796875 0.7921875 0.69375 0.7921875 0.7109375 0.778125 0.7171875 0.7703125 0.7171875 0.7640625 0.721875 0.7578125 0.715625 0.75625 0.7109375 0.7484375 0.7046875 0.740625 0.703125 0.7296875 0.696875 0.721875 0.7 0.71875 0.6984375 0.715625 0.6921875 0.715625 0.6734375 0.71875 0.66875 0.7578125 0.6640625
2 0.44375 0.5890625 0.446875 0.59375 0.446875 0.60625 0.4421875 0.6140625 0.4265625 0.6140625 0.4234375 0.6109375 0.425 0.590625 0.4296875 0.5875 0.4421875 0.5890625
2 0.4921875 0.58125 0.5 0.5875 0.5 0.59375 0.496875 0.5984375 0.484375 0.59375 0.471875 0.5953125 0.471875 0.590625 0.475 0.5859375 0.490625 0.58125
2 0.4953125 0.559375 0.4953125 0.553125 0.5 0.5484375 0.5046875 0.5484375 0.50625 0.5578125 0.503125 0.5625 0.496875 0.559375
2 0.4796875 0.5625 0.4875 0.56875 0.4890625 0.5796875 0.4765625 0.5828125 0.4734375 0.5859375 0.4671875 0.578125 0.4671875 0.5703125 0.46875 0.5671875 0.478125 0.5625
2 0.5787731481481482 0.5496296296296297 0.012627314814814827 0.017280092592592576