0 0.678125 0.7578125 0.6953125 0.765625 0.70625 0.7765625 0.709375 0.7875 0.7140625 0.7890625 0.7203125 0.796875 0.7265625 0.81875 0.725 0.846875 0.7171875 0.85 0.696875 0.871875 0.696875 0.875 0.69375 0.8765625 0.6828125 0.8921875 0.6796875 0.90625 0.6703125 0.9109375 0.6609375 0.921875 0.65 0.9265625 0.64375 0.9375 0.640625 0.934375 0.640625 0.9296875 0.6359375 0.925 0.61875 0.9171875 0.6109375 0.909375 0.609375 0.8765625 0.6078125 0.875 0.6109375 0.8640625 0.6109375 0.846875 0.609375 0.8453125 0.609375 0.825 0.6078125 0.8171875 0.6046875 0.8140625 0.61875 0.7984375 0.6328125 0.7890625 0.65 0.771875 0.6640625 0.7625 0.6765625 0.759375
0 0.2453125 0.6234375 0.275 0.6125 0.2859375 0.6109375 0.290625 0.615625 0.290625 0.640625 0.28125 0.64375 0.278125 0.6484375 0.26875 0.646875 0.253125 0.6546875 0.246875 0.6484375 0.24375 0.6296875 0.2453125 0.625
3 0.690625 0.6203125 0.6953125 0.6234375 0.6984375 0.634375 0.6984375 0.65 0.6953125 0.6515625 0.6921875 0.65 0.6921875 0.6359375 0.6890625 0.63125 0.690625 0.621875
3 0.1161574074074074 0.7055092592592593 0.03306712962962962 0.03461805555555557
3 0.47951967592592587 0.6136747685185184 0.01736111111111116 0.023564814814814827
3 0.7390625 0.678125 0.75 0.68125 0.7546875 0.6890625 0.7609375 0.6890625 0.7625 0.6921875 0.7609375 0.70625 0.75625 0.7078125 0.74375 0.6984375 0.7328125 0.696875 0.73125 0.6890625 0.7375 0.6796875
3 0.0515625 0.68125 0.0734375 0.68125 0.075 0.684375 0.071875 0.7 0.0640625 0.7 0.04375 0.7078125 0.040625 0.7015625 0.0453125 0.6890625 0.0515625 0.6828125
3 0.709375 0.65 0.7171875 0.653125 0.71875 0.6609375 0.721875 0.6640625 0.7203125 0.675 0.715625 0.6734375 0.709375 0.6625 0.709375 0.6515625
3 0.1953125 0.6625 0.196875 0.6703125 0.1890625 0.6796875 0.1859375 0.690625 0.171875 0.696875 0.1703125 0.6859375 0.1765625 0.6703125 0.18125 0.675 0.184375 0.675 0.1890625 0.6703125 0.1890625 0.6671875 0.19375 0.6640625
3 0.3296875 0.61875 0.334375 0.6234375 0.334375 0.634375 0.3296875 0.640625 0.3234375 0.640625 0.31875 0.6375 0.3203125 0.625 0.3234375 0.6203125 0.328125 0.61875
3 0.19451967592592595 0.6326562499999999 0.020486111111111115 0.023587962962962995
3 0.3078125 0.6234375 0.315625 0.621875 0.31875 0.625 0.31875 0.6375 0.309375 0.6421875 0.3046875 0.6421875 0.3015625 0.6390625 0.303125 0.63125 0.3078125 0.625
3 0.06875 0.7203125 0.0703125 0.7296875 0.0765625 0.7328125 0.08125 0.728125 0.084375 0.71875 0.0875 0.715625 0.090625 0.71875 0.090625 0.7265625 0.0875 0.7328125 0.0890625 0.7359375 0.0765625 0.746875 0.0734375 0.746875 0.0671875 0.7375 0.059375 0.7390625 0.05625 0.7359375 0.059375 0.7265625 0.0671875 0.7203125
3 0.784375 0.6921875 0.7859375 0.70625 0.7921875 0.7140625 0.803125 0.7 0.803125 0.696875 0.8109375 0.6953125 0.8125 0.703125 0.80625 0.7078125 0.8078125 0.7296875 0.8015625 0.7296875 0.79375 0.7234375 0.7796875 0.721875 0.7765625 0.71875 0.7734375 0.7078125 0.7796875 0.69375 0.7828125 0.6921875
4 0.525 0.5703125 0.5296875 0.5796875 0.5296875 0.5953125 0.5265625 0.6078125 0.5203125 0.6125 0.509375 0.609375 0.49375 0.6109375 0.4890625 0.603125 0.4890625 0.584375 0.5 0.571875 0.5234375 0.5703125
4 0.6234375 0.6109375 0.640625 0.6140625 0.6453125 0.6171875 0.65 0.6359375 0.6515625 0.671875 0.646875 0.6734375 0.64375 0.678125 0.6296875 0.6796875 0.6265625 0.678125 0.6265625 0.66875 0.621875 0.665625 0.61875 0.65625 0.61875 0.6375 0.615625 0.628125 0.615625 0.61875 0.6171875 0.6140625 0.621875 0.6109375
5 0.59375 0.6296875 0.590625 0.615625 0.5828125 0.609375 0.5765625 0.6109375 0.5734375 0.6078125 0.5734375 0.6015625 0.58125 0.5921875 0.5890625 0.5921875 0.596875 0.596875 0.6 0.60625 0.6 0.6203125 0.5984375 0.628125 0.5953125 0.6296875
5 0.584375 0.6125 0.5890625 0.615625 0.59375 0.640625 0.590625 0.6453125 0.5765625 0.65 0.565625 0.6421875 0.5640625 0.64375 0.559375 0.6421875 0.55625 0.634375 0.55625 0.621875 0.5609375 0.6125 0.5703125 0.6109375 0.5828125 0.6125
5 0.453125 0.575 0.4578125 0.5765625 0.4578125 0.58125 0.4484375 0.590625 0.4375 0.590625 0.4359375 0.578125 0.440625 0.575 0.4515625 0.575
1 0.571875 0.5453125 0.5828125 0.540625 0.596875 0.540625 0.6 0.546875 0.5984375 0.559375 0.5953125 0.565625 0.5859375 0.5671875 0.58125 0.5703125 0.5734375 0.56875 0.5734375 0.5625 0.5703125 0.55625 0.571875 0.546875
1 0.640625 0.575 0.6671875 0.5875 0.671875 0.5859375 0.6796875 0.5875 0.684375 0.5921875 0.6890625 0.6109375 0.6875 0.6296875 0.690625 0.634375 0.690625 0.6390625 0.6890625 0.64375 0.671875 0.646875 0.6578125 0.646875 0.653125 0.64375 0.65 0.634375 0.65 0.6234375 0.646875 0.6171875 0.640625 0.6125 0.6203125 0.609375 0.6125 0.6171875 0.6109375 0.60625 0.6125 0.578125 0.6109375 0.5765625 0.6171875 0.5734375 0.6390625 0.575
2 0.7390625 0.5984375 0.7546875 0.6015625 0.7640625 0.609375 0.7609375 0.6125 0.7515625 0.6125 0.7453125 0.625 0.740625 0.6265625 0.740625 0.60625 0.7375 0.603125 0.7390625 0.6
2 0.1125 0.615625 0.1203125 0.621875 0.11875 0.6296875 0.1125 0.6359375 0.109375 0.6375 0.10625 0.6359375 0.1 0.6390625 0.096875 0.6375 0.0984375 0.6203125 0.10625 0.615625 0.1109375 0.615625
2 0.475 0.5671875 0.478125 0.565625 0.4875 0.5671875 0.4796875 0.578125 0.4765625 0.578125 0.471875 0.5734375 0.471875 0.5703125 0.475 0.56875
2 0.4515625 0.5890625 0.4609375 0.5828125 0.478125 0.5859375 0.478125 0.59375 0.4734375 0.6078125 0.4625 0.609375 0.453125 0.6078125 0.4484375 0.5984375 0.4484375 0.59375 0.4515625 0.590625
2 0.471875 0.575 0.478125 0.578125 0.48125 0.5828125 0.478125 0.590625 0.46875 0.584375 0.4578125 0.5859375 0.4625 0.578125 0.4703125 0.575
2 0.5609375 0.58125 0.571875 0.58125 0.5765625 0.5875 0.5734375 0.6046875 0.5703125 0.609375 0.5671875 0.609375 0.559375 0.6046875 0.5609375 0.5828125
2 0.5609375 0.55625 0.56875 0.55625 0.571875 0.5609375 0.571875 0.565625 0.5671875 0.5703125 0.5609375 0.5703125 0.559375 0.565625 0.5609375 0.5578125
2 0.36161458333333335 0.6213946759259259 0.02993055555555557 0.033032407407407406
2 0.2421875 0.64375 0.2484375 0.6515625 0.2515625 0.6625 0.25 0.671875 0.2515625 0.6734375 0.2484375 0.6796875 0.24375 0.684375 0.234375 0.684375 0.2265625 0.6890625 0.215625 0.7015625 0.2109375 0.7015625 0.2078125 0.6984375 0.196875 0.7015625 0.1890625 0.6984375 0.190625 0.678125 0.2 0.6703125 0.203125 0.6640625 0.2171875 0.653125 0.23125 0.646875 0.240625 0.6453125
2 0.0671875 0.740625 0.075 0.75625 0.0734375 0.7671875 0.065625 0.7734375 0.0609375 0.78125 0.053125 0.78125 0.05 0.784375 0.0328125 0.7890625 0.021875 0.796875 0.0203125 0.7953125 0.01875 0.74375 0.0265625 0.740625 0.065625 0.740625
2 0.9453125 0.6421875 0.95625 0.64375 0.965625 0.65 0.9671875 0.6609375 0.965625 0.6671875 0.9515625 0.6625 0.9484375 0.659375 0.925 0.653125 0.928125 0.6453125 0.9359375 0.6453125 0.94375 0.6421875
2 0.065625 0.6140625 0.0703125 0.6109375 0.0796875 0.609375 0.084375 0.6140625 0.09375 0.615625 0.0921875 0.621875 0.075 0.6265625 0.065625 0.621875 0.065625 0.615625
2 0.796875 0.6109375 0.809375 0.6171875 0.8140625 0.6234375 0.809375 0.6234375 0.7953125 0.6171875 0.7890625 0.61875 0.7796875 0.6140625 0.78125 0.6109375 0.7953125 0.6109375
2 0.4375 0.5921875 0.440625 0.590625 0.446875 0.5921875 0.45 0.6015625 0.45 0.6109375 0.446875 0.615625 0.440625 0.6171875 0.4375 0.609375 0.4375 0.59375
2 0.4921875 0.5640625 0.5 0.5671875 0.496875 0.5734375 0.490625 0.578125 0.4859375 0.5859375 0.4828125 0.584375 0.48125 0.578125 0.48125 0.575 0.4921875 0.565625
2 0.04532407407407407 0.6346759259259259 0.025219907407407406 0.029872685185185155