0 0.6015625 0.55625 0.603125 0.5703125 0.5984375 0.575 0.59375 0.571875 0.59375 0.5578125 0.6 0.55625
0 0.7046875 0.8484375 0.725 0.859375 0.734375 0.86875 0.7421875 0.8859375 0.7515625 0.896875 0.753125 0.9953125 0.75 0.9984375 0.7328125 0.9984375 0.73125 0.996875 0.6640625 0.9984375 0.6578125 0.9953125 0.6375 0.9984375 0.6125 0.9984375 0.6125 0.9921875 0.61875 0.975 0.6234375 0.9703125 0.6296875 0.9578125 0.6296875 0.953125 0.64375 0.9296875 0.646875 0.91875 0.659375 0.9 0.6828125 0.853125 0.69375 0.846875 0.703125 0.8484375
0 0.6015625 0.5734375 0.6125 0.5734375 0.621875 0.578125 0.6234375 0.58125 0.6234375 0.5921875 0.6203125 0.6 0.6125 0.6015625 0.6015625 0.596875 0.5984375 0.5921875 0.5984375 0.578125 0.6015625 0.575
1 0.578125 0.571875 0.5765625 0.56875 0.571875 0.56875 0.56875 0.5640625 0.56875 0.546875 0.5734375 0.540625 0.584375 0.540625 0.5875 0.55 0.5859375 0.56875 0.5796875 0.571875
3 0.5921875 0.58125 0.59375 0.5890625 0.5921875 0.596875 0.5890625 0.596875 0.590625 0.5828125
3 0.58125 0.715625 0.584375 0.7203125 0.584375 0.734375 0.5796875 0.740625 0.575 0.7328125 0.5734375 0.7171875 0.5796875 0.715625
3 0.53125 0.609375 0.5359375 0.621875 0.534375 0.6296875 0.528125 0.6296875 0.521875 0.6265625 0.521875 0.6140625 0.525 0.609375 0.5296875 0.609375
3 0.10546875 0.62265625 0.01328125 0.02265625
3 0.5046875 0.565625 0.5078125 0.565625 0.50625 0.578125 0.5046875 0.578125 0.5046875 0.5671875
3 0.196875 0.6015625 0.2 0.6046875 0.2015625 0.6171875 0.1984375 0.621875 0.190625 0.6234375 0.184375 0.621875 0.1828125 0.6125 0.1859375 0.603125 0.1953125 0.6015625
3 0.2421875 0.59375 0.24375 0.5953125 0.2484375 0.59375 0.25 0.596875 0.2484375 0.6125 0.24375 0.6140625 0.234375 0.6078125 0.2359375 0.5984375 0.240625 0.5953125
3 0.225 0.596875 0.228125 0.6015625 0.228125 0.6109375 0.225 0.6171875 0.21875 0.6140625 0.209375 0.6140625 0.2046875 0.609375 0.2125 0.5984375 0.2171875 0.5953125 0.2234375 0.596875
3 0.1125 0.6734375 0.1234375 0.6734375 0.125 0.678125 0.1234375 0.6890625 0.1046875 0.6890625 0.1046875 0.6828125 0.1125 0.675
3 0.190625 0.6515625 0.1921875 0.6546875 0.196875 0.6515625 0.2 0.653125 0.2 0.665625 0.19375 0.671875 0.1828125 0.6765625 0.1796875 0.675 0.1828125 0.6609375 0.1859375 0.653125 0.1890625 0.6515625
3 0 0.7234375 0.0046875 0.725 0.0078125 0.7234375 0.0140625 0.7140625 0.01875 0.7109375 0.0234375 0.7140625 0.025 0.71875 0.025 0.7296875 0.0203125 0.7390625 0.009375 0.740625 0.003125 0.7453125 0 0.7453125 0 0.725
3 0.8171875 0.7 0.02890625 0.03359375
3 0 0.6234375 0.0125 0.6234375 0.0171875 0.628125 0.0171875 0.634375 0.0140625 0.640625 0.0109375 0.640625 0.0078125 0.6328125 0 0.628125 0 0.625
3 0.484375 0.5921875 0.48125 0.5890625 0.48125 0.578125 0.484375 0.575 0.4875 0.578125 0.4859375 0.590625
5 0.521875 0.584375 0.525 0.5859375 0.5265625 0.590625 0.528125 0.6046875 0.51875 0.6125 0.515625 0.6125 0.5140625 0.615625 0.509375 0.615625 0.50625 0.6125 0.4921875 0.6109375 0.4890625 0.60625 0.4890625 0.596875 0.4953125 0.5859375 0.4984375 0.584375 0.5203125 0.5859375
5 0.55625 0.59375 0.571875 0.5984375 0.575 0.6046875 0.5734375 0.625 0.5703125 0.628125 0.559375 0.6296875 0.553125 0.628125 0.55 0.6234375 0.5484375 0.625 0.5390625 0.6234375 0.5328125 0.6125 0.534375 0.6046875 0.5421875 0.5953125 0.5546875 0.59375
5 0.4546875 0.559375 0.45625 0.575 0.446875 0.575 0.4359375 0.5859375 0.43125 0.584375 0.4328125 0.5625 0.453125 0.559375
5 0.471875 0.55625 0.4859375 0.5515625 0.4921875 0.553125 0.4921875 0.571875 0.4875 0.5765625 0.484375 0.5734375 0.4796875 0.578125 0.471875 0.5765625 0.46875 0.571875 0.46875 0.5640625 0.471875 0.5578125
2 0.7265625 0.6046875 0.7375 0.6046875 0.7453125 0.6078125 0.7515625 0.615625 0.7484375 0.61875 0.7375 0.6203125 0.7296875 0.63125 0.7265625 0.628125 0.728125 0.615625 0.7265625 0.60625
2 0.4703125 0.5875 0.475 0.5921875 0.475 0.6078125 0.4734375 0.6125 0.4671875 0.615625 0.45625 0.6109375 0.4421875 0.615625 0.4390625 0.6109375 0.4390625 0.603125 0.440625 0.5984375 0.4546875 0.5875 0.459375 0.5859375 0.46875 0.5875
2 0.44765625 0.584375 0.025 0.01953125
2 0.5265625 0.5859375 0.5359375 0.5859375 0.540625 0.5875 0.5421875 0.590625 0.540625 0.5953125 0.53125 0.6046875 0.5265625 0.5953125 0.5265625 0.5875
2 0.5734375 0.56875 0.578125 0.5734375 0.578125 0.5875 0.571875 0.5890625 0.5671875 0.5859375 0.5671875 0.571875 0.571875 0.56875
2 0.5421875 0.5359375 0.546875 0.540625 0.546875 0.546875 0.54375 0.5515625 0.5375 0.553125 0.5328125 0.55 0.53125 0.54375 0.5359375 0.5359375 0.540625 0.5359375
2 0.28125 0.6171875 0.2859375 0.6265625 0.2828125 0.6421875 0.2609375 0.65 0.25 0.6578125 0.234375 0.65625 0.2328125 0.6515625 0.234375 0.640625 0.2515625 0.6234375 0.2609375 0.61875 0.2796875 0.6171875
2 0.090625 0.728125 0.08828125 0.078125
2 0.078125 0.584375 0.0828125 0.5875 0.0828125 0.590625 0.0765625 0.59375 0.075 0.5984375 0.0671875 0.596875 0.06875 0.5875 0.0765625 0.5859375
2 0.521875 0.55703125 0.01640625 0.01640625
2 0.3671875 0.5828125 0.36875 0.584375 0.36875 0.6109375 0.35625 0.6171875 0.34375 0.615625 0.340625 0.609375 0.3421875 0.596875 0.3453125 0.590625 0.3484375 0.5921875 0.359375 0.584375 0.365625 0.5828125
2 0.29375 0.6 0.3015625 0.5953125 0.31875 0.5953125 0.321875 0.603125 0.321875 0.6125 0.3171875 0.621875 0.3140625 0.6234375 0.3046875 0.621875 0.2984375 0.6234375 0.29375 0.628125 0.2875 0.628125 0.2828125 0.61875 0.2828125 0.6140625 0.29375 0.6015625
2 0 0.6296875 0.00625 0.63125 0.009375 0.6359375 0.0078125 0.6453125 0 0.6484375 0 0.63125
2 0.765625 0.6171875 0.771875 0.615625 0.78125 0.6171875 0.7984375 0.6265625 0.7984375 0.6296875 0.7953125 0.6296875 0.7859375 0.625 0.7734375 0.6234375 0.765625 0.61875
2 0.05625 0.5984375 0.046875 0.609375 0.046875 0.61875 0.0375 0.6203125 0.0359375 0.609375 0.0390625 0.6 0.04375 0.596875 0.0546875 0.596875
2 0.5640625 0.55 0.5671875 0.553125 0.5671875 0.5640625 0.5640625 0.565625 0.5578125 0.5640625 0.5578125 0.553125 0.5625 0.55