0 0.0640625 0.6359375 0.065625 0.6421875 0.0625 0.659375 0.0640625 0.665625 0.0625 0.678125 0.0515625 0.6828125 0.040625 0.69375 0.0375 0.7 0.03125 0.7015625 0.0265625 0.6984375 0.0109375 0.703125 0.003125 0.7078125 0 0.7078125 0 0.646875 0.0171875 0.640625 0.0234375 0.640625 0.0296875 0.6359375 0.040625 0.6359375 0.0453125 0.6328125 0.0625 0.6359375
3 0.61875 0.696875 0.6203125 0.6953125 0.6296875 0.696875 0.6296875 0.70625 0.625 0.71875 0.621875 0.7140625 0.6203125 0.6984375
3 0.59375 0.7890625 0.5984375 0.7890625 0.603125 0.7921875 0.6015625 0.8046875 0.603125 0.80625 0.60625 0.803125 0.6046875 0.825 0.6 0.8359375 0.5953125 0.8390625 0.590625 0.828125 0.590625 0.8171875 0.59375 0.809375 0.590625 0.7953125 0.59375 0.790625
3 0.5515625 0.815625 0.5546875 0.821875 0.5484375 0.846875 0.534375 0.8578125 0.5296875 0.8515625 0.53125 0.85 0.5296875 0.840625 0.53125 0.81875 0.546875 0.8203125 0.5515625 0.8171875
3 0.609375 0.6609375 0.6140625 0.6609375 0.6125 0.6625 0.6140625 0.6671875 0.615625 0.66875 0.6203125 0.6671875 0.6234375 0.671875 0.621875 0.6859375 0.6171875 0.6859375 0.6140625 0.68125 0.6078125 0.6796875 0.609375 0.6625
3 0.621875 0.7140625 0.6234375 0.721875 0.61875 0.746875 0.6140625 0.7453125 0.6125 0.7296875 0.615625 0.7171875 0.6203125 0.7140625
3 0.640625 0.6859375 0.6453125 0.6875 0.6421875 0.7078125 0.6390625 0.7078125 0.6375 0.7015625 0.640625 0.6875
3 0.5578125 0.5546875 0.5609375 0.55625 0.5578125 0.5625 0.5578125 0.55625
3 0.2296875 0.590625 0.2328125 0.5890625 0.2390625 0.590625 0.2359375 0.60625 0.2328125 0.6109375 0.228125 0.5984375 0.2296875 0.5921875
3 0.3125 0.5953125 0.31875 0.5921875 0.3234375 0.596875 0.3234375 0.609375 0.3140625 0.6109375 0.3078125 0.6078125 0.3078125 0.6015625 0.3125 0.596875
3 0.5890625 0.634375 0.5953125 0.640625 0.59375 0.6546875 0.5921875 0.65625 0.5875 0.6546875 0.5859375 0.65 0.5875 0.6359375
3 0.5671701388888889 0.5855150462962964 0.008067129629629655 0.017245370370370418
3 0.596875 0.6109375 0.5984375 0.615625 0.6046875 0.621875 0.6015625 0.6421875 0.596875 0.640625 0.5953125 0.6296875 0.5921875 0.6265625 0.5921875 0.615625 0.5953125 0.6125
3 0.4046875 0.9515625 0.409375 0.9515625 0.415625 0.9578125 0.421875 0.975 0.4203125 0.9796875 0.421875 0.9890625 0.41875 0.996875 0.4171875 0.9984375 0.40625 0.996875 0.40625 0.99375 0.409375 0.9921875 0.4109375 0.9734375 0.4078125 0.971875 0.409375 0.9625 0.4046875 0.953125
3 0.709375 0.6125 0.715625 0.615625 0.7171875 0.6265625 0.709375 0.628125 0.70625 0.625 0.7078125 0.6140625
2 0.7078125 0.63125 0.7203125 0.634375 0.7265625 0.64375 0.7265625 0.6484375 0.71875 0.64375 0.709375 0.659375 0.70625 0.659375 0.703125 0.65625 0.70625 0.6328125
2 0.1515625 0.63125 0.15625 0.6359375 0.15625 0.6484375 0.153125 0.6515625 0.1515625 0.6609375 0.1359375 0.6640625 0.121875 0.678125 0.1109375 0.6796875 0.1078125 0.678125 0.09375 0.6796875 0.090625 0.6765625 0.090625 0.665625 0.0953125 0.65625 0.109375 0.64375 0.1140625 0.6359375 0.121875 0.63125 0.1328125 0.628125 0.15 0.63125
2 0.5734375 0.6828125 0.5828125 0.68125 0.596875 0.6875 0.5921875 0.7203125 0.590625 0.725 0.5859375 0.725 0.5828125 0.7203125 0.578125 0.71875 0.5640625 0.721875 0.5640625 0.7046875 0.5671875 0.7015625 0.56875 0.6890625 0.5734375 0.684375
2 0.55625 0.6328125 0.5640625 0.6390625 0.56875 0.6546875 0.565625 0.6671875 0.5578125 0.6671875 0.55625 0.6640625 0.5484375 0.6671875 0.5375 0.6515625 0.5375 0.6421875 0.540625 0.6375 0.54375 0.634375 0.5546875 0.6328125
2 0.44375 0.55625 0.4453125 0.559375 0.44375 0.5640625 0.434375 0.565625 0.428125 0.5640625 0.4296875 0.5578125 0.4421875 0.55625
2 0.528125 0.603125 0.5375 0.609375 0.5359375 0.6140625 0.5375 0.6265625 0.5296875 0.6328125 0.521875 0.6328125 0.5140625 0.625 0.503125 0.6265625 0.5 0.6234375 0.5 0.6125 0.5046875 0.6078125 0.5125 0.60625 0.5203125 0.6015625 0.5265625 0.603125
2 0.4798206018518519 0.5747106481481481 0.022245370370370398 0.025162037037037076
2 0 0.5890625 0.00625 0.5875 0.01875 0.5890625 0.0296875 0.5953125 0.0328125 0.6015625 0.0328125 0.6078125 0.028125 0.615625 0.0265625 0.6234375 0.021875 0.6265625 0 0.625 0 0.590625
2 0.334375 0.56875 0.3359375 0.5828125 0.33125 0.5875 0.33125 0.590625 0.3265625 0.5921875 0.3203125 0.5875 0.309375 0.59375 0.3046875 0.584375 0.3125 0.5703125 0.3234375 0.5671875 0.3328125 0.56875
2 0.55625 0.6265625 0.553125 0.61875 0.553125 0.60625 0.5546875 0.6 0.559375 0.5953125 0.5734375 0.5953125 0.5796875 0.6015625 0.5828125 0.6140625 0.5796875 0.61875 0.5796875 0.625 0.575 0.63125 0.5578125 0.6265625
2 0.11875 0.6328125 0.11875 0.6203125 0.1265625 0.6125 0.13125 0.6125 0.1359375 0.60625 0.1484375 0.5984375 0.15625 0.5984375 0.1640625 0.603125 0.165625 0.625 0.15625 0.63125 0.1484375 0.628125 0.1375 0.628125 0.125 0.6296875 0.1203125 0.6328125
2 0.2171875 0.5953125 0.21875 0.596875 0.2234375 0.5953125 0.2296875 0.6015625 0.2296875 0.6140625 0.225 0.625 0.21875 0.6296875 0.2125 0.628125 0.2015625 0.6328125 0.196875 0.6375 0.1875 0.6375 0.184375 0.634375 0.175 0.6328125 0.175 0.6203125 0.178125 0.61875 0.1796875 0.6140625 0.1859375 0.6109375 0.196875 0.6 0.215625 0.596875
2 0.1890625 0.5796875 0.190625 0.5828125 0.184375 0.5875 0.1828125 0.584375 0.1625 0.5875 0.1546875 0.5921875 0.153125 0.596875 0.146875 0.596875 0.134375 0.60625 0.13125 0.6046875 0.13125 0.5953125 0.1359375 0.590625 0.1421875 0.590625 0.1453125 0.5859375 0.1546875 0.5796875 0.1703125 0.5765625 0.1875 0.5796875
2 0.7421875 0.65 0.759375 0.6515625 0.7703125 0.6578125 0.775 0.6625 0.775 0.6671875 0.7671875 0.6640625 0.7625 0.659375 0.7546875 0.659375 0.74375 0.6515625
2 0.2921875 0.571875 0.303125 0.5734375 0.3078125 0.5765625 0.3046875 0.596875 0.296875 0.603125 0.2921875 0.5859375 0.2734375 0.5828125 0.2734375 0.578125 0.278125 0.5734375 0.2796875 0.575 0.290625 0.5734375
2 0.2765625 0.6140625 0.271875 0.6125 0.2625 0.6171875 0.2609375 0.615625 0.246875 0.6171875 0.24375 0.6140625 0.2453125 0.6015625 0.2515625 0.596875 0.25625 0.596875 0.2640625 0.5875 0.2703125 0.5875 0.275 0.584375 0.290625 0.5859375 0.29375 0.5953125 0.29375 0.6078125 0.2859375 0.6125 0.278125 0.6125
2 0.3390625 0.5875 0.340625 0.6 0.3375 0.60625 0.33125 0.6015625 0.3328125 0.590625 0.3375 0.5875
2 0.5703125 0.5890625 0.5859375 0.590625 0.5890625 0.5984375 0.5859375 0.6140625 0.5828125 0.615625 0.5828125 0.6046875 0.5796875 0.603125 0.5765625 0.596875 0.5734375 0.596875 0.56875 0.5921875 0.5703125 0.590625
2 0.0265625 0.5453125 0.0296875 0.546875 0.0265625 0.553125 0.0234375 0.55625 0.0171875 0.5546875 0.0046875 0.5703125 0 0.565625 0.003125 0.55 0.009375 0.54375 0.025 0.5453125
4 0.2296875 0.5453125 0.2328125 0.5484375 0.23125 0.578125 0.2125 0.5875 0.2109375 0.5859375 0.1984375 0.5875 0.184375 0.575 0.1859375 0.571875 0.18125 0.5671875 0.1828125 0.559375 0.18125 0.553125 0.1859375 0.5484375 0.1953125 0.5484375 0.2046875 0.5453125 0.2078125 0.546875 0.228125 0.5453125
4 0.4359375 0.5765625 0.44375 0.56875 0.4515625 0.5671875 0.459375 0.5671875 0.471875 0.5734375 0.46875 0.59375 0.4578125 0.609375 0.4515625 0.6140625 0.44375 0.6140625 0.440625 0.6109375 0.4328125 0.609375 0.434375 0.6046875 0.4328125 0.590625 0.4359375 0.578125
5 0.43125 0.55625 0.44375 0.55625 0.4453125 0.559375 0.44375 0.5640625 0.43125 0.565625 0.428125 0.5640625 0.43125 0.5578125
5 0.4296875 0.5640625 0.43125 0.565625 0.4421875 0.5640625 0.4421875 0.56875 0.4328125 0.578125 0.4328125 0.58125 0.4265625 0.584375 0.4203125 0.584375 0.4109375 0.575 0.4140625 0.5671875 0.415625 0.56875 0.41875 0.565625 0.428125 0.5640625
5 0.1828125 0.5765625 0.1921875 0.5828125 0.1921875 0.5890625 0.1875 0.5859375 0.1703125 0.5859375 0.1609375 0.5890625 0.1578125 0.5921875 0.1578125 0.596875 0.146875 0.596875 0.134375 0.60625 0.13125 0.6046875 0.13125 0.596875 0.1359375 0.590625 0.1421875 0.590625 0.15625 0.5796875 0.1671875 0.5765625 0.18125 0.5765625
5 0.03125 0.6296875 0.0390625 0.6234375 0.065625 0.6125 0.0875 0.609375 0.09375 0.60625 0.1 0.6109375 0.1234375 0.60625 0.1234375 0.6125 0.115625 0.6203125 0.1140625 0.63125 0.1078125 0.64375 0.096875 0.6546875 0.06875 0.6671875 0.0640625 0.6671875 0.0671875 0.640625 0.0609375 0.6328125 0.0453125 0.63125 0.0390625 0.634375 0.03125 0.634375 0.03125 0.63125
5 0.1890625 0.5796875 0.1953125 0.5875 0.19375 0.6 0.1765625 0.615625 0.171875 0.625 0.1671875 0.625 0.159375 0.6296875 0.15 0.628125 0.146875 0.625 0.1625 0.615625 0.1640625 0.6109375 0.1625 0.6046875 0.1546875 0.5984375 0.1484375 0.5984375 0.1375 0.6046875 0.134375 0.6109375 0.13125 0.60625 0.1328125 0.5953125 0.1390625 0.5921875 0.146875 0.59375 0.15 0.5921875 0.15625 0.5859375 0.1546875 0.5828125 0.159375 0.58125 0.184375 0.578125 0.1875 0.5796875
5 0.5578125 0.6265625 0.553125 0.6171875 0.5546875 0.6125 0.553125 0.60625 0.5546875 0.6 0.559375 0.5953125 0.575 0.596875 0.58125 0.6046875 0.578125 0.6265625 0.5734375 0.63125 0.56875 0.628125 0.559375 0.6265625
3 0.4318872147006977 0.5899183029447521 0.4312906816568455 0.5884826208804815 0.430532107687753 0.5883971393738947 0.4260100536787094 0.5940456343505367 0.423303414129777 0.6005829333724878 0.42227596344426976 0.6059409948499291 0.4224121890409557 0.6080090364397479 0.423306988606734 0.6101625595361538 0.4243638290977527 0.6109658820748761 0.42929455989685394 0.6115215118676908 0.4337907985773432 0.6092912590385513 0.43422055173349994 0.5993040817421911 0.4347336543232732 0.5950286716762859 0.434000895682735 0.5915249480221965 0.4318872147006977 0.5899183029447521