1 0.578125 0.553125 0.5890625 0.5578125 0.5953125 0.55625 0.603125 0.5609375 0.603125 0.596875 0.6015625 0.5984375 0.5859375 0.5984375 0.58125 0.59375 0.5734375 0.5921875 0.5671875 0.5859375 0.565625 0.55625 0.5765625 0.553125
0 0.61875 0.578125 0.6359375 0.584375 0.6359375 0.60625 0.6328125 0.6109375 0.621875 0.609375 0.6109375 0.603125 0.609375 0.5984375 0.6109375 0.5875 0.6125 0.58125 0.6171875 0.578125
3 0.1640625 0.6734375 0.1703125 0.6734375 0.1703125 0.6796875 0.1671875 0.6828125 0.1671875 0.6953125 0.1625 0.703125 0.1546875 0.70625 0.1484375 0.7125 0.1453125 0.7109375 0.1515625 0.6828125 0.15625 0.678125 0.1609375 0.678125 0.1640625 0.675
3 0.328125 0.5984375 0.33125 0.603125 0.33125 0.6109375 0.328125 0.6140625 0.3203125 0.6140625 0.3203125 0.60625 0.3234375 0.6 0.3265625 0.5984375
3 0.690625 0.690625 0.6921875 0.6953125 0.6921875 0.7125 0.690625 0.7140625 0.6875 0.7140625 0.6828125 0.7078125 0.6828125 0.6921875 0.6890625 0.690625
3 0.2515625 0.6328125 0.2546875 0.634375 0.2546875 0.6421875 0.2515625 0.6484375 0.234375 0.6578125 0.2328125 0.6546875 0.2375 0.6390625 0.2421875 0.634375 0.246875 0.6359375 0.25 0.634375
3 0.2375 0.6203125 0.01875 0.01953125
3 0.1265625 0.6234375 0.134375 0.621875 0.1375 0.625 0.1375 0.6328125 0.1296875 0.6375 0.121875 0.6375 0.121875 0.6328125 0.1265625 0.625
3 0.2 0.6578125 0.20625 0.6625 0.2125 0.6578125 0.2109375 0.6734375 0.1953125 0.68125 0.19375 0.678125 0.1984375 0.659375
3 0.11640625 0.61640625 0.009375 0.01953125
3 0.0640625 0.665625 0.065625 0.6734375 0.0625 0.6796875 0.0515625 0.6796875 0.0375 0.6859375 0.03125 0.684375 0.03125 0.678125 0.040625 0.6640625 0.0453125 0.6625 0.0453125 0.6671875 0.05 0.6734375 0.053125 0.6734375 0.059375 0.6640625 0.0625 0.665625
3 0.8234375 0.684375 0.828125 0.696875 0.8359375 0.6921875 0.8421875 0.69375 0.8453125 0.703125 0.8421875 0.715625 0.815625 0.703125 0.8140625 0.6953125 0.8171875 0.6859375 0.821875 0.684375
5 0.58125 0.5953125 0.584375 0.5984375 0.5859375 0.6234375 0.578125 0.6296875 0.575 0.628125 0.56875 0.63125 0.5640625 0.6265625 0.546875 0.6234375 0.5453125 0.60625 0.5484375 0.5984375 0.553125 0.5953125 0.5796875 0.5953125
5 0.71875 0.6421875 0.728125 0.64375 0.740625 0.65 0.7515625 0.6515625 0.75625 0.659375 0.7546875 0.6734375 0.75625 0.69375 0.7546875 0.696875 0.7421875 0.7015625 0.73125 0.7 0.7265625 0.703125 0.715625 0.6921875 0.703125 0.6890625 0.6953125 0.684375 0.6890625 0.6734375 0.684375 0.671875 0.678125 0.678125 0.675 0.6765625 0.6734375 0.671875 0.6765625 0.65625 0.6875 0.646875 0.7015625 0.640625 0.7171875 0.6421875
4 0.30625 0.5734375 0.3078125 0.575 0.3078125 0.609375 0.303125 0.6109375 0.29375 0.6203125 0.290625 0.615625 0.278125 0.615625 0.26875 0.6234375 0.2578125 0.6203125 0.2578125 0.6015625 0.2625 0.5859375 0.2734375 0.578125 0.3046875 0.5734375
4 0.3671875 0.5734375 0.36875 0.5984375 0.3671875 0.603125 0.359375 0.603125 0.35625 0.60625 0.3515625 0.596875 0.3515625 0.58125 0.3578125 0.575 0.365625 0.5734375
2 0.9421875 0.659375 0.9453125 0.6609375 0.9453125 0.6765625 0.94375 0.678125 0.934375 0.6765625 0.9296875 0.671875 0.9234375 0.671875 0.915625 0.6671875 0.9078125 0.665625 0.9078125 0.6609375 0.9171875 0.65625 0.93125 0.65625 0.940625 0.659375
2 0.7265625 0.6046875 0.7375 0.6046875 0.746875 0.609375 0.7515625 0.615625 0.746875 0.6203125 0.7375 0.6203125 0.7296875 0.628125 0.7265625 0.6265625 0.7265625 0.60625
2 0.48125 0.575 0.484375 0.58125 0.484375 0.5890625 0.4796875 0.59375 0.4671875 0.596875 0.4609375 0.5953125 0.4609375 0.5875 0.4640625 0.5796875 0.46875 0.5796875 0.4765625 0.5734375 0.4796875 0.575
2 0.4328125 0.5875 0.4421875 0.5875 0.446875 0.590625 0.4484375 0.5953125 0.4453125 0.6109375 0.4421875 0.6140625 0.434375 0.6125 0.43125 0.6078125 0.43125 0.590625 0.4328125 0.5890625
2 0.4640625 0.5703125 0.4765625 0.571875 0.4765625 0.575 0.4640625 0.5828125 0.4609375 0.5828125 0.4609375 0.5765625 0.4640625 0.571875
2 0.64375 0.625 0.6546875 0.6296875 0.6609375 0.6515625 0.659375 0.6640625 0.6546875 0.6609375 0.6375 0.6625 0.6296875 0.653125 0.628125 0.6421875 0.6296875 0.6328125 0.634375 0.6265625 0.6421875 0.625
2 0.7296875 0.6359375 0.7453125 0.64375 0.7484375 0.65 0.715625 0.640625 0.7203125 0.6359375 0.728125 0.6359375
2 0.5109375 0.5546875 0.5140625 0.5609375 0.5140625 0.56875 0.509375 0.571875 0.5046875 0.5703125 0.5046875 0.5578125 0.509375 0.5546875
2 0.3453125 0.6046875 0.3515625 0.6078125 0.3546875 0.6125 0.3546875 0.6203125 0.3515625 0.6234375 0.3171875 0.63125 0.3140625 0.6296875 0.315625 0.61875 0.3203125 0.6140625 0.3265625 0.6140625 0.3359375 0.6046875 0.34375 0.6046875
2 0.4453125 0.5703125 0.4515625 0.5734375 0.453125 0.578125 0.453125 0.5875 0.45 0.59375 0.4453125 0.5890625 0.4390625 0.5859375 0.4328125 0.5875 0.43125 0.584375 0.4328125 0.575 0.4390625 0.5703125 0.44375 0.5703125
2 0.225 0.5953125 0.228125 0.6 0.2296875 0.609375 0.228125 0.6171875 0.225 0.6203125 0.2171875 0.625 0.1890625 0.6265625 0.1828125 0.63125 0.1765625 0.628125 0.1765625 0.61875 0.1828125 0.6078125 0.196875 0.5984375 0.209375 0.5953125 0.2234375 0.5953125
2 0.08125 0.5859375 0.09375 0.5921875 0.09375 0.596875 0.0859375 0.6 0.0671875 0.5984375 0.065625 0.5953125 0.071875 0.5859375 0.0796875 0.5859375
2 0.0375 0.728125 0.0421875 0.73125 0.0453125 0.74375 0.04375 0.7546875 0.0375 0.7609375 0.0328125 0.7703125 0.0296875 0.771875 0.021875 0.7703125 0.0046875 0.778125 0 0.778125 0 0.7296875 0.0359375 0.728125
2 0.3984375 0.5828125 0.4015625 0.584375 0.403125 0.5890625 0.403125 0.60625 0.4 0.6109375 0.3984375 0.609375 0.3984375 0.584375
2 0.4984375 0.5875 0.50625 0.5890625 0.509375 0.5953125 0.509375 0.60625 0.5046875 0.6109375 0.4765625 0.609375 0.475 0.60625 0.475 0.6 0.478125 0.5953125 0.4859375 0.5890625 0.496875 0.5875
2 0 0.6296875 0.0046875 0.6296875 0.009375 0.6359375 0.0078125 0.6453125 0 0.6484375 0 0.63125
2 0.775 0.615625 0.7921875 0.621875 0.7984375 0.6265625 0.7984375 0.6296875 0.765625 0.6203125 0.765625 0.6171875 0.7734375 0.615625
2 0.49453125 0.56875 0.01875 0.021875
2 0.10625 0.578125 0.1125 0.5828125 0.1125 0.5875 0.1078125 0.5921875 0.1 0.59375 0.096875 0.5859375 0.0984375 0.5828125 0.1046875 0.5796875