3 0.428125 0.575 0.4296875 0.5875 0.4265625 0.584375 0.4265625 0.5765625
3 0.7968229166666667 0.62578125 0.020509259259259328 0.0265625
3 0.8231597222222222 0.5953125 0.02204861111111107 0.0234375
3 0.9 0.6828125 0.9125 0.6921875 0.915625 0.6890625 0.921875 0.6921875 0.9296875 0.7109375 0.9296875 0.7171875 0.925 0.71875 0.9203125 0.7140625 0.9109375 0.709375 0.90625 0.709375 0.9 0.7046875 0.896875 0.69375 0.8984375 0.684375
3 0.2765625 0.6796875 0.2828125 0.684375 0.2859375 0.690625 0.2859375 0.7 0.28125 0.7046875 0.2734375 0.70625 0.26875 0.7109375 0.2640625 0.709375 0.2640625 0.6953125 0.259375 0.6875 0.259375 0.6828125 0.265625 0.68125 0.2671875 0.6859375 0.271875 0.6890625 0.2765625 0.68125
3 0.840625 0.6390625 0.8484375 0.6484375 0.85 0.6671875 0.8359375 0.6625 0.83125 0.65625 0.828125 0.64375 0.8296875 0.640625 0.8359375 0.6453125 0.8390625 0.640625
3 0.928125 0.625 0.9390625 0.628125 0.9453125 0.6421875 0.9453125 0.6453125 0.91875 0.6421875 0.9140625 0.6328125 0.915625 0.6265625 0.91875 0.6265625 0.925 0.6328125 0.928125 0.6265625
5 0.975 0.571875 0.98125 0.58125 0.98125 0.5921875 0.978125 0.5953125 0.96875 0.59375 0.9640625 0.590625 0.9625 0.58125 0.9578125 0.5734375 0.9734375 0.571875
5 0.8921875 0.58125 0.9015625 0.584375 0.925 0.5859375 0.93125 0.5921875 0.93125 0.596875 0.934375 0.6015625 0.9328125 0.6109375 0.925 0.6125 0.9203125 0.609375 0.9109375 0.615625 0.9 0.6109375 0.8890625 0.609375 0.8859375 0.60625 0.8828125 0.5984375 0.8859375 0.5859375 0.890625 0.58125
5 0.6546875 0.575 0.6609375 0.578125 0.6671875 0.578125 0.6734375 0.5859375 0.6796875 0.5890625 0.68125 0.5953125 0.678125 0.6046875 0.665625 0.6046875 0.653125 0.6 0.64375 0.584375 0.64375 0.5765625 0.653125 0.575
5 0.35 0.646875 0.359375 0.6484375 0.3671875 0.6625 0.3671875 0.675 0.3625 0.68125 0.3640625 0.6859375 0.3609375 0.6890625 0.35 0.6875 0.3390625 0.6921875 0.3328125 0.7046875 0.3265625 0.6984375 0.3109375 0.7015625 0.30625 0.7 0.303125 0.6859375 0.3046875 0.671875 0.303125 0.6609375 0.3203125 0.653125 0.3296875 0.653125 0.33125 0.65 0.3484375 0.646875
2 0.6453125 0.59375 0.65 0.5953125 0.65625 0.6078125 0.6546875 0.6109375 0.646875 0.6109375 0.6453125 0.5953125
2 0.2578125 0.640625 0.265625 0.63125 0.2765625 0.6265625 0.284375 0.6265625 0.2859375 0.628125 0.284375 0.6296875 0.2859375 0.653125 0.2828125 0.65625 0.2734375 0.64375 0.2640625 0.64375 0.259375 0.640625
2 0.0921875 0.690625 0.1046875 0.6921875 0.10625 0.6984375 0.078125 0.7140625 0.06875 0.715625 0.06875 0.6984375 0.0734375 0.69375 0.090625 0.6921875
2 0.559375 0.5734375 0.565625 0.58125 0.565625 0.5859375 0.546875 0.5953125 0.54375 0.584375 0.5390625 0.58125 0.540625 0.578125 0.546875 0.575 0.5578125 0.5734375
2 0.54375 0.565625 0.5546875 0.5671875 0.5578125 0.5703125 0.553125 0.5734375 0.54375 0.575 0.5421875 0.5734375 0.54375 0.5671875
2 0.4984375 0.5703125 0.5078125 0.5703125 0.5109375 0.575 0.5109375 0.584375 0.5 0.5859375 0.496875 0.5796875 0.4984375 0.571875
2 0.48125 0.59375 0.4859375 0.596875 0.4875 0.5953125 0.490625 0.596875 0.49375 0.6 0.49375 0.6046875 0.4796875 0.61875 0.4671875 0.61875 0.4640625 0.6140625 0.465625 0.5984375 0.471875 0.59375 0.4796875 0.59375
2 0.5640625 0.5640625 0.5734375 0.5671875 0.56875 0.5796875 0.5609375 0.5703125 0.5640625 0.565625
2 0.7091608796296296 0.60390625 0.03457175925925924 0.0265625
2 0.76875 0.5890625 0.7875 0.603125 0.7859375 0.6125 0.778125 0.6140625 0.765625 0.609375 0.7546875 0.6109375 0.746875 0.603125 0.746875 0.596875 0.7515625 0.5921875 0.75625 0.5890625 0.7671875 0.5890625
2 0.6109375 0.5796875 0.6140625 0.58125 0.615625 0.5875 0.615625 0.6078125 0.6171875 0.609375 0.6140625 0.6125 0.6109375 0.609375 0.6109375 0.5921875 0.609375 0.590625 0.6109375 0.58125
2 0.5753761574074074 0.578125 0.014247685185185243 0.025
2 0.99375 0.6265625 0.9984375 0.628125 0.9984375 0.6609375 0.99375 0.659375 0.9796875 0.6609375 0.971875 0.653125 0.9609375 0.65 0.9578125 0.640625 0.9625 0.63125 0.9703125 0.63125 0.98125 0.6265625 0.9921875 0.6265625
2 0.503125 0.60625 0.509375 0.6078125 0.5171875 0.6140625 0.51875 0.6171875 0.5171875 0.625 0.4953125 0.63125 0.490625 0.63125 0.484375 0.6265625 0.484375 0.615625 0.49375 0.60625 0.5015625 0.60625
2 0.5234375 0.59375 0.5375 0.6015625 0.5390625 0.6140625 0.5359375 0.615625 0.521875 0.615625 0.503125 0.603125 0.5046875 0.5953125 0.509375 0.5921875 0.521875 0.59375
2 0.4015625 0.565625 0.4046875 0.5671875 0.40625 0.571875 0.40625 0.575 0.403125 0.5765625 0.4 0.571875 0.4015625 0.5671875
2 0.490625 0.5609375 0.4953125 0.56875 0.49375 0.571875 0.4859375 0.5703125 0.484375 0.571875 0.48125 0.56875 0.48125 0.565625 0.4890625 0.5609375
2 0.2453125 0.640625 0.2453125 0.64375 0.240625 0.646875 0.2203125 0.653125 0.215625 0.6578125 0.2140625 0.65625 0.215625 0.653125 0.225 0.6453125 0.24375 0.640625
2 0.1671875 0.734375 0.175 0.7375 0.203125 0.7359375 0.2109375 0.7390625 0.2125 0.746875 0.2109375 0.7625 0.2046875 0.7703125 0.2046875 0.7734375 0.1984375 0.778125 0.1859375 0.775 0.1578125 0.7921875 0.1375 0.7921875 0.1359375 0.7953125 0.1265625 0.7953125 0.1234375 0.7484375 0.14375 0.7359375 0.15625 0.7328125 0.165625 0.734375
2 0.4078125 0.5515625 0.4125 0.553125 0.4109375 0.5625 0.4078125 0.5625 0.40625 0.559375 0.4078125 0.553125
2 0.5796875 0.5953125 0.58125 0.6125 0.5734375 0.6171875 0.55625 0.6171875 0.5484375 0.609375 0.546875 0.6046875 0.5515625 0.5953125 0.565625 0.5875 0.571875 0.5890625 0.578125 0.5953125
2 0.4203125 0.5515625 0.4265625 0.5546875 0.4265625 0.5625 0.4203125 0.5640625 0.41875 0.5625 0.4203125 0.553125
4 0.4421875 0.6046875 0.45 0.615625 0.45 0.625 0.446875 0.6328125 0.440625 0.6390625 0.434375 0.6375 0.4296875 0.640625 0.425 0.6375 0.425 0.621875 0.428125 0.6171875 0.428125 0.6109375 0.4328125 0.60625 0.440625 0.60625
4 0.7234375 0.6046875 0.7375 0.6015625 0.746875 0.60625 0.7546875 0.6140625 0.7578125 0.6125 0.7625 0.615625 0.76875 0.6296875 0.7625 0.6390625 0.7546875 0.640625 0.7359375 0.63125 0.7328125 0.6328125 0.7265625 0.6296875 0.71875 0.6296875 0.709375 0.6203125 0.709375 0.6125 0.7203125 0.6109375 0.725 0.60625