0 0.490625 0.6 0.4953125 0.609375 0.4953125 0.6234375 0.4921875 0.6296875 0.45 0.621875 0.45 0.6171875 0.459375 0.6 0.4890625 0.6
1 0.59375 0.54375 0.5953125 0.5453125 0.5953125 0.5671875 0.5875 0.5671875 0.5859375 0.5640625 0.5859375 0.5484375 0.5921875 0.54375
3 0.628125 0.6234375 0.6359375 0.6265625 0.6359375 0.6359375 0.634375 0.640625 0.63125 0.6421875 0.6265625 0.634375 0.628125 0.625
3 0.6 0.6921875 0.603125 0.6953125 0.60625 0.6921875 0.609375 0.69375 0.6078125 0.715625 0.6046875 0.715625 0.603125 0.7125 0.6 0.69375
3 0.746875 0.7609375 0.75 0.7640625 0.7515625 0.7765625 0.7515625 0.784375 0.7484375 0.790625 0.740625 0.7875 0.734375 0.7734375 0.7375 0.7640625 0.7453125 0.7609375
3 0.14543981481481483 0.62421875 0.01909722222222221 0.0234375
3 0.2078125 0.63125 0.209375 0.6328125 0.2078125 0.640625 0.1953125 0.65 0.190625 0.65 0.190625 0.6421875 0.1953125 0.63125 0.1984375 0.628125 0.20625 0.63125
3 0.09923032407407409 0.63203125 0.01902777777777779 0.01875
3 0.16746527777777778 0.6140625 0.01909722222222223 0.0234375
3 0.796875 0.7125 0.7984375 0.7140625 0.796875 0.721875 0.7984375 0.73125 0.8171875 0.7296875 0.8203125 0.734375 0.8203125 0.7515625 0.8171875 0.75625 0.7859375 0.740625 0.784375 0.7375 0.7859375 0.7234375 0.7890625 0.7171875 0.7953125 0.7125
3 0.2671875 0.60625 0.26875 0.609375 0.2671875 0.625 0.2578125 0.63125 0.2546875 0.63125 0.2546875 0.61875 0.25625 0.6140625 0.265625 0.60625
3 0.0859375 0.5953125 0.090625 0.5953125 0.0921875 0.5984375 0.090625 0.6078125 0.0859375 0.609375 0.084375 0.6078125 0.0859375 0.596875
3 0.2171875 0.640625 0.21875 0.646875 0.2265625 0.6484375 0.2265625 0.6546875 0.2203125 0.6625 0.2140625 0.665625 0.2078125 0.665625 0.2078125 0.6546875 0.2125 0.6421875 0.215625 0.640625
4 0.4859375 0.559375 0.490625 0.5640625 0.4921875 0.5765625 0.4875 0.5859375 0.4765625 0.5921875 0.46875 0.5921875 0.465625 0.5890625 0.46875 0.575 0.465625 0.571875 0.4640625 0.5734375 0.4734375 0.5625 0.484375 0.559375
5 0.565625 0.575 0.5734375 0.5734375 0.58125 0.5796875 0.5765625 0.6 0.5671875 0.6 0.5625 0.5953125 0.565625 0.5765625
2 0.7265625 0.615625 0.7359375 0.6203125 0.7421875 0.628125 0.7296875 0.63125 0.7203125 0.6453125 0.7171875 0.6421875 0.715625 0.6171875 0.725 0.615625
2 0.221875 0.63125 0.2109375 0.628125 0.203125 0.61875 0.1953125 0.6265625 0.19375 0.6328125 0.1890625 0.6328125 0.1875 0.6296875 0.1890625 0.6203125 0.2140625 0.603125 0.2203125 0.6015625 0.2328125 0.603125 0.2359375 0.6109375 0.2359375 0.621875 0.23125 0.6265625 0.2234375 0.6296875
2 0.5563831018518519 0.57109375 0.012754629629629654 0.0171875
2 0.04744212962962963 0.59453125 0.02222222222222222 0.0234375
2 0.45625 0.5796875 0.4578125 0.58125 0.45625 0.5828125 0.4578125 0.5859375 0.45625 0.5984375 0.4453125 0.603125 0.44375 0.5953125 0.4359375 0.5875 0.4359375 0.584375 0.4453125 0.578125 0.4546875 0.5796875
2 0.6017476851851852 0.6203125 0.025416666666666643 0.028125
2 0.43125 0.578125 0.43125 0.571875 0.44375 0.565625 0.45 0.5671875 0.4515625 0.5765625 0.44375 0.578125 0.4375 0.5828125 0.4328125 0.578125
2 0.1109375 0.6078125 0.115625 0.609375 0.1203125 0.6171875 0.115625 0.6296875 0.1109375 0.6328125 0.109375 0.6171875 0.1046875 0.615625 0.0921875 0.6296875 0.090625 0.6359375 0.0875 0.6375 0.0734375 0.6359375 0.0703125 0.628125 0.0734375 0.6203125 0.0859375 0.609375 0.109375 0.6078125
2 0.646875 0.66875 0.6546875 0.6703125 0.6609375 0.6765625 0.659375 0.6890625 0.6625 0.696875 0.6625 0.7109375 0.653125 0.709375 0.6375 0.7109375 0.634375 0.70625 0.63125 0.6921875 0.634375 0.6703125 0.6453125 0.66875
2 0.328125 0.5984375 0.334375 0.596875 0.3421875 0.5984375 0.3484375 0.60625 0.3484375 0.6171875 0.34375 0.621875 0.3265625 0.6234375 0.31875 0.60625 0.328125 0.6
2 0.3421875 0.5953125 0.34375 0.6015625 0.3390625 0.6 0.3296875 0.6015625 0.321875 0.6078125 0.3125 0.603125 0.3171875 0.596875 0.321875 0.59375 0.3390625 0.59375 0.340625 0.5953125
2 0.4625 0.5734375 0.46875 0.5796875 0.4671875 0.5875 0.4640625 0.590625 0.4578125 0.5890625 0.45625 0.5796875 0.4609375 0.575
2 0.38125 0.5859375 0.3859375 0.5890625 0.384375 0.6078125 0.38125 0.609375 0.3796875 0.6078125 0.3796875 0.5890625 0.38125 0.5875
2 0.1296875 0.65625 0.1359375 0.6640625 0.1375 0.6765625 0.1359375 0.684375 0.1296875 0.690625 0.1265625 0.7 0.1234375 0.7015625 0.1109375 0.7 0.1015625 0.703125 0.0921875 0.7078125 0.0828125 0.721875 0.0765625 0.721875 0.071875 0.7171875 0.0625 0.7203125 0.0546875 0.7203125 0.05 0.7171875 0.046875 0.7140625 0.046875 0.703125 0.05 0.6953125 0.0578125 0.6875 0.0671875 0.684375 0.071875 0.6765625 0.0875 0.6640625 0.10625 0.65625 0.115625 0.6546875 0.128125 0.65625
2 0.54375 0.603125 0.54375 0.590625 0.55 0.58125 0.5546875 0.58125 0.559375 0.5875 0.5578125 0.6046875 0.5453125 0.603125
2 0.302505787037037 0.621875 0.045798611111111144 0.0328125
2 0.903125 0.671875 0.9296875 0.6734375 0.9359375 0.675 0.940625 0.6796875 0.940625 0.684375 0.9375 0.6875 0.9375 0.696875 0.9359375 0.696875 0.921875 0.6890625 0.915625 0.6890625 0.9078125 0.684375 0.9 0.6828125 0.903125 0.6734375
2 0.25625 0.6015625 0.2640625 0.5984375 0.2765625 0.5890625 0.2921875 0.590625 0.290625 0.6046875 0.278125 0.6140625 0.2703125 0.615625 0.2703125 0.6109375 0.2671875 0.60625 0.2640625 0.60625 0.2609375 0.6109375 0.25625 0.6125 0.2546875 0.6109375 0.25625 0.603125
2 0.421875 0.5796875 0.4328125 0.578125 0.440625 0.58125 0.43125 0.590625 0.4265625 0.5921875 0.4171875 0.5890625 0.421875 0.58125
2 0.05 0.6328125 0.0484375 0.6296875 0.05 0.6125 0.053125 0.609375 0.0625 0.6078125 0.06875 0.609375 0.0703125 0.6171875 0.06875 0.6296875 0.0515625 0.6328125
2 0.803125 0.628125 0.821875 0.64375 0.8234375 0.6515625 0.8078125 0.6515625 0.7859375 0.640625 0.7765625 0.6328125 0.7796875 0.6265625 0.8 0.6265625 0.8015625 0.628125
2 0.578125 0.546875 0.5796875 0.5484375 0.578125 0.5578125 0.5734375 0.5578125 0.571875 0.5546875 0.5734375 0.5484375 0.5765625 0.546875
2 0.4921875 0.5625 0.496875 0.5640625 0.4984375 0.5671875 0.4984375 0.575 0.49375 0.5796875 0.490625 0.5796875 0.4921875 0.5640625
2 0.50625 0.559375 0.515625 0.5640625 0.5140625 0.56875 0.5015625 0.5734375 0.5015625 0.5625 0.5046875 0.5609375
2 0.019097222222222224 0.609375 0.027048611111111114 0.0328125