2 0.5671875 0.61328125 0.0375 0.02890625
2 0.1828125 0.66015625 0.06875 0.05234375
2 0.71875 0.6421875 0.0484375 0.0328125
5 0.45078125 0.9015625 0.1625 0.19609375
2 0.25 0.628125 0.0640625 0.0359375
2 0.778125 0.70625 0.0984375 0.0671875
2 0.61484375 0.81484375 0.075 0.10234375
2 0.62265625 0.6328125 0.0328125 0.0328125
2 0.478125 0.60234375 0.04453125 0.03203125
2 0.2265625 0.61640625 0.05078125 0.03515625
2 0.79296875 0.78828125 0.06328125 0.1109375
5 0.59921875 0.68984375 0.04765625 0.0796875
5 0.5375 0.75625 0.09140625 0.1078125
2 0.3640625 0.6 0.01875 0.0171875
2 0.0125 0.60625 0.02421875 0.0265625
4 0.29453125 0.61953125 0.040625 0.034375
2 0.471875 0.590625 0.03984375 0.0328125
2 0.084375 0.6015625 0.0296875 0.025
2 0.4453125 0.58046875 0.021875 0.02578125
2 0.5640625 0.5765625 0.0203125 0.03125
3 0.0125 0.73515625 0.025 0.0515625