0 0.6375 0.5890625 0.646875 0.590625 0.659375 0.5984375 0.6578125 0.6140625 0.6375 0.6171875 0.6328125 0.6171875 0.6296875 0.6140625 0.63125 0.5921875 0.6359375 0.590625
3 0.271875 0.64140625 0.02109375 0.021875
3 0.32734375 0.61953125 0.015625 0.021875
3 0.4765625 0.6 0.4796875 0.6140625 0.478125 0.6171875 0.465625 0.615625 0.4671875 0.603125 0.475 0.6
3 0.115625 0.603125 0.11875 0.60625 0.1203125 0.621875 0.1125 0.6234375 0.1140625 0.6046875
3 0.14375 0.6015625 0.1515625 0.6015625 0.1578125 0.6046875 0.1578125 0.615625 0.14375 0.61875 0.140625 0.615625 0.140625 0.6078125 0.14375 0.603125
3 0.2453125 0.6203125 0.246875 0.6015625 0.2578125 0.5984375 0.2609375 0.6 0.2609375 0.615625 0.25625 0.61875 0.246875 0.6203125
3 0.2203125 0.596875 0.2265625 0.6 0.228125 0.603125 0.228125 0.6125 0.2203125 0.61875 0.2140625 0.6140625 0.2078125 0.615625 0.2046875 0.6140625 0.2046875 0.6078125 0.2140625 0.5984375 0.21875 0.596875
3 0.1265625 0.68125 0.134375 0.690625 0.1328125 0.70625 0.1296875 0.709375 0.1140625 0.7140625 0.109375 0.7203125 0.1046875 0.715625 0.1125 0.6890625 0.1203125 0.684375 0.1234375 0.6859375 0.1265625 0.6828125
3 0.1953125 0.6546875 0.2015625 0.66875 0.2015625 0.6765625 0.196875 0.6875 0.178125 0.696875 0.1828125 0.671875 0.19375 0.65625
3 0.1984375 0.603125 0.203125 0.615625 0.2 0.6203125 0.19375 0.6234375 0.184375 0.621875 0.184375 0.6125 0.1875 0.6078125 0.196875 0.603125
3 0.365625 0.6 0.36875 0.60625 0.36875 0.6203125 0.35625 0.621875 0.35625 0.6046875 0.3640625 0.6015625
3 0.68125 0.75 0.690625 0.75 0.6921875 0.7546875 0.690625 0.7703125 0.6859375 0.7796875 0.68125 0.7734375 0.68125 0.7515625
3 0.2109375 0.6265625 0.2140625 0.634375 0.2015625 0.646875 0.190625 0.6453125 0.19375 0.6296875 0.1984375 0.6265625 0.203125 0.6296875 0.209375 0.6265625
3 0.0125 0.621875 0.015625 0.625 0.015625 0.6375 0.0125 0.640625 0.009375 0.6390625 0.0078125 0.6328125 0.003125 0.628125 0.0046875 0.625 0.0109375 0.621875
3 0.6890625 0.746875 0.6921875 0.7484375 0.6921875 0.765625 0.6875 0.7796875 0.684375 0.7796875 0.68125 0.7734375 0.6828125 0.7359375 0.6796875 0.73125 0.68125 0.7265625 0.684375 0.728125 0.6828125 0.7453125 0.6875 0.746875
3 0.3171875 0.6046875 0.31875 0.6203125 0.315625 0.6234375 0.30625 0.625 0.3015625 0.6234375 0.303125 0.6140625 0.30625 0.6078125 0.3109375 0.6046875 0.315625 0.6046875
3 0.096875 0.5890625 0.0984375 0.584375 0.10625 0.578125 0.1109375 0.5828125 0.1109375 0.5890625 0.10625 0.59375 0.1015625 0.59375 0.0984375 0.590625
3 0.26875 0.6203125 0.2703125 0.6140625 0.278125 0.603125 0.284375 0.6046875 0.2875 0.609375 0.2875 0.6171875 0.2828125 0.6203125 0.2703125 0.6203125
3 0.1484375 0.6578125 0.146875 0.68125 0.1453125 0.684375 0.134375 0.6875 0.125 0.675 0.125 0.671875 0.134375 0.659375 0.146875 0.6578125
4 0.565625 0.546875 0.01171875 0.01875
4 0.36875 0.5703125 0.36875 0.5984375 0.3671875 0.6015625 0.3578125 0.603125 0.353125 0.609375 0.3484375 0.6109375 0.3390625 0.609375 0.34375 0.5828125 0.35625 0.5703125 0.3671875 0.5703125
1 0.578125 0.5984375 0.5671875 0.5859375 0.565625 0.58125 0.565625 0.5578125 0.5703125 0.553125 0.584375 0.553125 0.603125 0.5625 0.603125 0.596875 0.5953125 0.6 0.5796875 0.5984375
5 0.653125 0.6171875 0.665625 0.61875 0.6828125 0.625 0.6859375 0.6375 0.6859375 0.659375 0.678125 0.6640625 0.66875 0.6625 0.6640625 0.659375 0.6515625 0.659375 0.640625 0.6546875 0.6375 0.65625 0.6296875 0.6484375 0.628125 0.6359375 0.6328125 0.621875 0.640625 0.6171875 0.6515625 0.6171875
5 0.0859375 0.6890625 0.0875 0.6921875 0.0875 0.7078125 0.0859375 0.709375 0.0875 0.7375 0.071875 0.75 0.0671875 0.75625 0.065625 0.7640625 0.0609375 0.76875 0.05625 0.7703125 0.05 0.7640625 0.046875 0.7640625 0.025 0.775 0.0203125 0.7796875 0.0171875 0.7796875 0.0125 0.7859375 0.009375 0.796875 0.0015625 0.803125 0 0.803125 0 0.715625 0.0578125 0.6890625 0.065625 0.6875 0.084375 0.6890625
5 0.778125 0.6625 0.8296875 0.678125 0.8359375 0.6828125 0.8390625 0.73125 0.8296875 0.7375 0.81875 0.7375 0.8109375 0.734375 0.8078125 0.7390625 0.8015625 0.7390625 0.79375 0.728125 0.784375 0.7234375 0.7515625 0.7109375 0.746875 0.7140625 0.734375 0.7046875 0.7359375 0.6796875 0.753125 0.671875 0.7609375 0.6640625 0.7765625 0.6625
2 0.7265625 0.6046875 0.7390625 0.6046875 0.7484375 0.609375 0.753125 0.615625 0.740625 0.6171875 0.734375 0.621875 0.73125 0.6296875 0.728125 0.6296875 0.7265625 0.60625
2 0.9078125 0.65625 0.93125 0.65625 0.9390625 0.6578125 0.9453125 0.6625 0.9453125 0.6765625 0.940625 0.678125 0.9296875 0.671875 0.921875 0.671875 0.91875 0.66875 0.9078125 0.665625 0.90625 0.6640625 0.9078125 0.6578125
2 0.78125 0.6171875 0.796875 0.625 0.7984375 0.6296875 0.7671875 0.6203125 0.765625 0.61875 0.7671875 0.615625 0.7796875 0.6171875
2 0.5515625 0.55625 0.55625 0.5671875 0.553125 0.575 0.54375 0.575 0.5421875 0.571875 0.54375 0.5609375 0.5453125 0.5578125 0.55 0.55625
2 0.49375 0.559375 0.496875 0.5609375 0.496875 0.571875 0.4953125 0.5765625 0.490625 0.578125 0.4859375 0.578125 0.4828125 0.5640625 0.484375 0.5609375 0.4921875 0.559375
2 0.4765625 0.5640625 0.4828125 0.5671875 0.4859375 0.571875 0.4859375 0.578125 0.465625 0.58125 0.4609375 0.5796875 0.4625 0.571875 0.4703125 0.565625 0.475 0.565625
2 0.671875 0.6640625 0.675 0.6671875 0.6796875 0.6859375 0.68125 0.7109375 0.678125 0.7140625 0.6734375 0.7109375 0.65625 0.7109375 0.65 0.7140625 0.65 0.6671875 0.65625 0.6609375 0.6640625 0.6609375 0.6703125 0.6640625
2 0.5328125 0.5921875 0.540625 0.59375 0.5453125 0.6015625 0.5453125 0.6109375 0.5390625 0.61875 0.534375 0.61875 0.528125 0.6140625 0.5125 0.6140625 0.5109375 0.6109375 0.5109375 0.603125 0.515625 0.5953125 0.5234375 0.5921875 0.53125 0.5921875
2 0.5078125 0.5609375 0.5125 0.565625 0.5125 0.5765625 0.50625 0.58125 0.4984375 0.58125 0.496875 0.578125 0.5 0.5625 0.50625 0.5609375
2 0.2421875 0.6296875 0.2515625 0.6359375 0.2515625 0.6484375 0.2484375 0.6546875 0.234375 0.65625 0.2265625 0.659375 0.2203125 0.665625 0.2015625 0.665625 0.1984375 0.6609375 0.2015625 0.6484375 0.2234375 0.6296875 0.240625 0.6296875
2 0.446875 0.5859375 0.4484375 0.5984375 0.4453125 0.6015625 0.4328125 0.6046875 0.43125 0.603125 0.4328125 0.5859375 0.4375 0.5828125 0.4421875 0.5828125 0.4453125 0.5859375
2 0.4421875 0.5734375 0.446875 0.578125 0.4484375 0.5859375 0.4375 0.584375 0.4328125 0.5875 0.43125 0.584375 0.4328125 0.575 0.440625 0.5734375
2 0.3296875 0.5828125 0.334375 0.5859375 0.3359375 0.6015625 0.328125 0.6078125 0.3140625 0.603125 0.3 0.6140625 0.29375 0.609375 0.2953125 0.5984375 0.3140625 0.5828125 0.328125 0.5828125
2 0.065625 0.5953125 0.071875 0.5859375 0.0828125 0.5859375 0.0859375 0.590625 0.0921875 0.590625 0.09375 0.5921875 0.0921875 0.5984375 0.075 0.6 0.0671875 0.596875
2 0 0.628125 0.0046875 0.6296875 0.009375 0.6375 0.0078125 0.6453125 0.0046875 0.6484375 0 0.6484375 0 0.6296875
2 0.4578125 0.56875 0.4609375 0.5703125 0.4609375 0.578125 0.459375 0.58125 0.453125 0.584375 0.446875 0.58125 0.44375 0.5734375 0.45 0.5671875 0.45625 0.56875
2 0.4734375 0.5796875 0.478125 0.584375 0.478125 0.596875 0.46875 0.6 0.4625 0.60625 0.45625 0.603125 0.45625 0.5921875 0.4640625 0.58125 0.471875 0.5796875