0 0.684375 0.6140625 0.709375 0.628125 0.709375 0.646875 0.7109375 0.6484375 0.709375 0.665625 0.6859375 0.6625 0.6828125 0.65625 0.671875 0.6484375 0.66875 0.64375 0.66875 0.63125 0.671875 0.61875 0.678125 0.6140625 0.6828125 0.6140625
1 0.5984375 0.5640625 0.609375 0.5703125 0.6171875 0.5703125 0.6234375 0.5734375 0.625 0.5765625 0.6265625 0.615625 0.615625 0.6171875 0.6015625 0.6171875 0.578125 0.6015625 0.5765625 0.5984375 0.575 0.59375 0.5765625 0.5640625 0.578125 0.5625 0.5953125 0.5625 0.596875 0.5640625
1 0.5921875 0.5390625 0.5921875 0.5546875 0.5890625 0.559375 0.58125 0.5609375 0.5703125 0.5609375 0.565625 0.5578125 0.56875 0.54375 0.5765625 0.5390625 0.590625 0.5390625
4 0.4765625 0.565625 0.4828125 0.5703125 0.4828125 0.5984375 0.475 0.60625 0.4703125 0.60625 0.465625 0.603125 0.45625 0.603125 0.4546875 0.60625 0.4484375 0.60625 0.44375 0.6 0.4453125 0.5765625 0.459375 0.5671875 0.475 0.565625
4 0.546875 0.5609375 0.5578125 0.5671875 0.559375 0.5734375 0.5578125 0.59375 0.55 0.6 0.5421875 0.596875 0.540625 0.565625 0.5453125 0.5625
4 0.30625 0.6109375 0.3078125 0.61875 0.3 0.63125 0.2828125 0.6328125 0.2703125 0.6421875 0.259375 0.6421875 0.253125 0.6328125 0.253125 0.628125 0.2609375 0.6171875 0.275 0.6078125 0.290625 0.60625 0.2953125 0.6125 0.3046875 0.6109375
5 0.4609375 0.565625 0.4609375 0.5609375 0.4671875 0.55625 0.475 0.55625 0.4765625 0.5640625 0.4625 0.565625
3 0.3421875 0.590625 0.3484375 0.590625 0.353125 0.5953125 0.353125 0.6 0.35625 0.603125 0.3546875 0.6046875 0.3515625 0.603125 0.346875 0.6109375 0.3421875 0.6109375 0.340625 0.609375 0.3421875 0.5921875
3 0.3515625 0.6 0.35625 0.6 0.3578125 0.6078125 0.35625 0.6203125 0.3453125 0.6234375 0.346875 0.609375 0.3515625 0.6015625
3 0.525 0.6015625 0.5265625 0.609375 0.5234375 0.6234375 0.5125 0.621875 0.5125 0.6109375 0.515625 0.6046875 0.51875 0.6015625 0.5234375 0.6015625
3 0.553125 0.6015625 0.5609375 0.6046875 0.559375 0.621875 0.5515625 0.6234375 0.546875 0.6171875 0.546875 0.6125 0.55 0.6046875 0.553125 0.603125
3 0.1546875 0.6125 0.1578125 0.6140625 0.1578125 0.6328125 0.1453125 0.634375 0.1453125 0.625 0.15 0.615625 0.153125 0.6140625
3 0.1765625 0.6515625 0.178125 0.6546875 0.1765625 0.6671875 0.1703125 0.6703125 0.1640625 0.66875 0.159375 0.6625 0.159375 0.6578125 0.1640625 0.65 0.171875 0.6484375 0.175 0.6515625
3 0.1171875 0.61484375 0.01171875 0.02421875
3 0.2421875 0.59375 0.2484375 0.5953125 0.25 0.6 0.2484375 0.6125 0.240625 0.6140625 0.234375 0.6109375 0.234375 0.6 0.2375 0.5953125 0.240625 0.5953125
3 0.2046875 0.615625 0.203125 0.6125 0.2046875 0.60625 0.2171875 0.5953125 0.221875 0.5984375 0.2203125 0.6140625 0.20625 0.615625
3 0.0703125 0.7 0.0734375 0.7 0.075 0.703125 0.075 0.7125 0.0703125 0.721875 0.0640625 0.7234375 0.059375 0.728125 0.0546875 0.728125 0.04375 0.7390625 0.0390625 0.734375 0.04375 0.715625 0.05 0.703125 0.0546875 0.703125 0.0546875 0.7078125 0.0609375 0.7125 0.0703125 0.7015625
3 0.221875 0.6 0.2265625 0.5984375 0.2296875 0.60625 0.2234375 0.61875 0.2203125 0.615625 0.221875 0.6015625
3 0.1921875 0.6125 0.01953125 0.021875
3 0.0140625 0.6609375 0.021875 0.6609375 0.01875 0.66875 0.01875 0.684375 0.0140625 0.6890625 0 0.6890625 0 0.68125 0.003125 0.6796875 0.009375 0.6625 0.0109375 0.6640625 0.0140625 0.6625
3 0.32421875 0.615625 0.01953125 0.0234375
3 0.209375 0.63125 0.2109375 0.6375 0.20625 0.653125 0.196875 0.6546875 0.19375 0.6578125 0.190625 0.6578125 0.190625 0.653125 0.1953125 0.6390625 0.2 0.634375 0.2078125 0.63125
3 0 0.6234375 0.0140625 0.621875 0.0171875 0.6265625 0.0171875 0.634375 0.0140625 0.6390625 0.0109375 0.6390625 0.003125 0.6296875 0 0.6296875 0 0.625
2 0.2859375 0.5984375 0.290625 0.603125 0.290625 0.6078125 0.2875 0.60625 0.275 0.6078125 0.2609375 0.6203125 0.2578125 0.6203125 0.2515625 0.63125 0.25 0.6171875 0.265625 0.603125 0.284375 0.5984375
2 0.7390625 0.6046875 0.7453125 0.6078125 0.7515625 0.615625 0.7484375 0.61875 0.7421875 0.6171875 0.7375 0.6203125 0.73125 0.6328125 0.7265625 0.628125 0.7265625 0.6078125 0.725 0.60625 0.7375 0.6046875
2 0.94375 0.659375 0.9453125 0.6609375 0.9453125 0.678125 0.934375 0.6765625 0.928125 0.671875 0.921875 0.671875 0.91875 0.66875 0.90625 0.665625 0.909375 0.65625 0.9328125 0.65625 0.9421875 0.659375
2 0.05625 0.5984375 0.05625 0.603125 0.0515625 0.603125 0.0453125 0.6078125 0.04375 0.621875 0.0390625 0.621875 0.0359375 0.61875 0.0375 0.6046875 0.04375 0.5984375 0.0546875 0.5984375
2 0.43828125 0.5875 0.015625 0.02578125
2 0.5 0.5578125 0.5109375 0.55625 0.5125 0.5609375 0.5109375 0.571875 0.503125 0.571875 0.4984375 0.5671875 0.5 0.559375
2 0.775 0.615625 0.796875 0.625 0.8 0.6296875 0.7890625 0.628125 0.7859375 0.625 0.7734375 0.6234375 0.7671875 0.6203125 0.765625 0.6171875 0.7734375 0.615625
2 0.3984375 0.6 0.3984375 0.5765625 0.4 0.575 0.403125 0.5765625 0.403125 0.5984375 0.4 0.6
2 0.153125 0.5765625 0.15625 0.5875 0.1515625 0.590625 0.1453125 0.5890625 0.1453125 0.578125 0.1515625 0.5765625
2 0.1578125 0.6640625 0.1671875 0.6734375 0.1671875 0.6953125 0.1640625 0.7015625 0.1609375 0.703125 0.1546875 0.7015625 0.1390625 0.7078125 0.1328125 0.7125 0.1265625 0.7234375 0.11875 0.721875 0.0984375 0.7234375 0.09375 0.7171875 0.0953125 0.70625 0.1015625 0.6953125 0.1046875 0.6953125 0.109375 0.6875 0.1265625 0.6703125 0.1421875 0.6640625 0.15625 0.6640625
2 0.078125 0.584375 0.084375 0.5875 0.078125 0.596875 0.0671875 0.5984375 0.065625 0.5953125 0.071875 0.5859375 0.0765625 0.5859375
2 0.8734375 0.725 0.8828125 0.7296875 0.89375 0.728125 0.8953125 0.7296875 0.896875 0.74375 0.89375 0.7609375 0.8859375 0.7578125 0.859375 0.759375 0.8546875 0.7546875 0.8515625 0.7484375 0.8515625 0.7328125 0.8609375 0.725 0.871875 0.725