5 0.4671875 0.5578125 0.46875 0.5625 0.4609375 0.571875 0.4546875 0.5625 0.4609375 0.5578125 0.465625 0.5578125
5 0.2984375 0.6015625 0.3015625 0.6046875 0.3015625 0.6203125 0.303125 0.621875 0.3015625 0.63125 0.2953125 0.634375 0.290625 0.640625 0.2875 0.6421875 0.2796875 0.640625 0.26875 0.64375 0.2609375 0.6515625 0.25625 0.65 0.2484375 0.6515625 0.240625 0.6484375 0.240625 0.625 0.2453125 0.6125 0.2515625 0.6125 0.2609375 0.6078125 0.2671875 0.6078125 0.2859375 0.6015625 0.296875 0.6015625
5 0.0609375 0.665625 0.0671875 0.671875 0.071875 0.6953125 0.0421875 0.71875 0.03125 0.7234375 0.0265625 0.7234375 0.0234375 0.715625 0.015625 0.7078125 0 0.709375 0 0.6921875 0.0109375 0.68125 0.0171875 0.678125 0.0359375 0.671875 0.0390625 0.66875 0.059375 0.665625
5 0.5296875 0.815625 0.5453125 0.8234375 0.5609375 0.8390625 0.56875 0.8640625 0.5703125 0.9265625 0.5625 0.9359375 0.5609375 0.959375 0.55625 0.96875 0.553125 0.9734375 0.5453125 0.971875 0.5375 0.9796875 0.528125 0.9953125 0.5234375 0.9984375 0.5046875 0.9984375 0.503125 0.996875 0.496875 0.9984375 0.4765625 0.9984375 0.475 0.996875 0.4703125 0.9984375 0.4484375 0.9984375 0.446875 0.996875 0.4109375 0.9984375 0.409375 0.996875 0.4109375 0.9109375 0.421875 0.896875 0.4328125 0.8890625 0.4953125 0.8296875 0.4984375 0.828125 0.50625 0.83125 0.5203125 0.8171875 0.528125 0.815625
5 0.640625 0.6046875 0.646875 0.6125 0.6484375 0.64375 0.646875 0.6453125 0.6375 0.64375 0.63125 0.646875 0.628125 0.6453125 0.621875 0.6296875 0.6234375 0.603125 0.6265625 0.6 0.63125 0.6 0.6390625 0.6046875
5 0.465625 0.5703125 0.465625 0.565625 0.475 0.5609375 0.4796875 0.5609375 0.4828125 0.5640625 0.4828125 0.5734375 0.478125 0.575 0.4734375 0.56875 0.4671875 0.5703125
4 0.3171875 0.571875 0.31875 0.5734375 0.31875 0.6015625 0.315625 0.60625 0.3078125 0.609375 0.2984375 0.6 0.284375 0.6 0.275 0.603125 0.275 0.5953125 0.2890625 0.5765625 0.296875 0.5734375 0.315625 0.571875
3 0.5703125 0.7125 0.5734375 0.715625 0.5734375 0.728125 0.5640625 0.7375 0.5609375 0.7390625 0.559375 0.7375 0.5578125 0.715625 0.5609375 0.7125 0.56875 0.7140625
3 0.590625 0.553125 0.5921875 0.553125 0.5921875 0.565625 0.5890625 0.5640625 0.590625 0.5546875
3 0.5953125 0.60625 0.5984375 0.6078125 0.6 0.615625 0.6 0.6265625 0.5984375 0.628125 0.5953125 0.6265625 0.59375 0.6203125 0.5953125 0.6078125
3 0.5640625 0.63125 0.5640625 0.646875 0.5578125 0.6453125 0.55625 0.6421875 0.55625 0.6328125 0.5625 0.63125
3 0.73125 0.5921875 0.01171875 0.01640625
3 0.2265625 0.6 0.2296875 0.6078125 0.2265625 0.615625 0.2203125 0.61875 0.2203125 0.6046875 0.225 0.6
3 0.3203125 0.6046875 0.3234375 0.6125 0.3234375 0.625 0.3125 0.628125 0.3078125 0.6265625 0.3078125 0.61875 0.3109375 0.6109375 0.31875 0.6046875
3 0.35625 0.6015625 0.3609375 0.609375 0.359375 0.6171875 0.353125 0.6203125 0.35 0.6203125 0.3484375 0.6171875 0.35 0.6078125 0.3546875 0.603125
3 0.5625 0.5578125 0.5640625 0.5578125 0.5640625 0.5703125 0.5625 0.5703125 0.5625 0.559375
3 0.153125 0.7015625 0.1546875 0.703125 0.15625 0.7015625 0.159375 0.696875 0.159375 0.6890625 0.1640625 0.6859375 0.165625 0.6890625 0.1640625 0.7109375 0.1609375 0.71875 0.1515625 0.721875 0.14375 0.73125 0.140625 0.728125 0.1421875 0.7078125 0.146875 0.6984375 0.1515625 0.7015625
3 0.63125 0.7359375 0.6390625 0.7375 0.64375 0.7421875 0.64375 0.7546875 0.640625 0.765625 0.6375 0.76875 0.634375 0.7671875 0.6296875 0.7546875 0.6296875 0.7375
3 0.575 0.553125 0.5765625 0.553125 0.5765625 0.5640625 0.575 0.5640625 0.575 0.5546875
3 0.2 0.603125 0.2015625 0.60625 0.2 0.6203125 0.184375 0.61875 0.1875 0.6078125 0.1984375 0.603125
2 0.7265625 0.6046875 0.7390625 0.6046875 0.746875 0.6125 0.740625 0.6125 0.7359375 0.6171875 0.7375 0.61875 0.73125 0.6296875 0.728125 0.6296875 0.7265625 0.628125 0.728125 0.6125 0.7265625 0.60625
2 0.1171875 0.6859375 0.125 0.7 0.125 0.715625 0.1171875 0.7359375 0.1125 0.740625 0.103125 0.7390625 0.08125 0.753125 0.0765625 0.759375 0.075 0.7671875 0.06875 0.7734375 0.0640625 0.7734375 0.0609375 0.7703125 0.034375 0.7703125 0.0328125 0.771875 0.0234375 0.7703125 0.021875 0.76875 0.021875 0.75 0.025 0.74375 0.0296875 0.7375 0.0421875 0.7296875 0.046875 0.7203125 0.0703125 0.6984375 0.0921875 0.6875 0.115625 0.6859375
2 0.7765625 0.615625 0.796875 0.625 0.796875 0.6296875 0.7671875 0.6203125 0.765625 0.6171875 0.7671875 0.615625 0.775 0.615625
2 0.54296875 0.54609375 0.0109375 0.0109375
2 0.5359375 0.5453125 0.5390625 0.5515625 0.534375 0.55625 0.5296875 0.5546875 0.5296875 0.55 0.534375 0.5453125
2 0.48125 0.59375 0.4890625 0.6015625 0.4890625 0.6109375 0.4875 0.615625 0.484375 0.6171875 0.459375 0.615625 0.4546875 0.6125 0.4546875 0.6046875 0.4578125 0.6 0.4671875 0.59375 0.4734375 0.5921875 0.4796875 0.59375
2 0.4765625 0.571875 0.478125 0.575 0.471875 0.5890625 0.4671875 0.59375 0.4640625 0.59375 0.459375 0.5890625 0.459375 0.5796875 0.4640625 0.571875 0.4671875 0.5703125 0.475 0.571875
2 0.5296875 0.590625 0.534375 0.5953125 0.5359375 0.6046875 0.5328125 0.6140625 0.525 0.615625 0.515625 0.6109375 0.5046875 0.6109375 0.503125 0.6 0.5078125 0.59375 0.5140625 0.590625 0.528125 0.590625
2 0.5875 0.5921875 0.5921875 0.5953125 0.5953125 0.60625 0.5921875 0.6171875 0.5828125 0.61875 0.565625 0.6140625 0.5625 0.6109375 0.5625 0.603125 0.575 0.5921875 0.5859375 0.5921875
2 0.1796875 0.64375 0.1859375 0.6453125 0.1890625 0.6515625 0.1859375 0.6671875 0.18125 0.671875 0.171875 0.671875 0.159375 0.6796875 0.1546875 0.671875 0.1453125 0.6859375 0.1296875 0.6859375 0.1265625 0.6828125 0.1265625 0.671875 0.13125 0.6640625 0.1390625 0.6609375 0.140625 0.65625 0.1515625 0.646875 0.159375 0.646875 0.1640625 0.64375 0.178125 0.64375
2 0 0.6171875 0.0125 0.6171875 0.0171875 0.621875 0.0171875 0.634375 0.015625 0.6375 0.0109375 0.6390625 0 0.628125 0 0.61875
2 0.1328125 0.646875 0.1390625 0.64375 0.1515625 0.6296875 0.1625 0.625 0.1703125 0.6234375 0.1796875 0.625 0.1859375 0.634375 0.1859375 0.64375 0.1640625 0.6421875 0.1578125 0.6453125 0.1515625 0.6453125 0.134375 0.6625 0.13125 0.6625 0.1328125 0.6484375
2 0.35625 0.58125 0.3609375 0.584375 0.3609375 0.5890625 0.353125 0.596875 0.346875 0.5828125 0.3546875 0.58125
2 0.6 0.640625 0.603125 0.64375 0.60625 0.6546875 0.60625 0.6796875 0.5953125 0.6765625 0.590625 0.678125 0.5859375 0.6765625 0.5859375 0.6453125 0.590625 0.640625 0.5984375 0.640625
2 0.33671875 0.59609375 0.034375 0.028125
2 0.64375 0.6453125 0.65 0.646875 0.6578125 0.6546875 0.65625 0.6609375 0.6578125 0.7015625 0.646875 0.69375 0.6328125 0.696875 0.6296875 0.690625 0.6296875 0.6703125 0.6328125 0.6625 0.6328125 0.65 0.634375 0.646875 0.6421875 0.6453125
2 0.36875 0.5875 0.36875 0.6046875 0.3671875 0.60625 0.3625 0.60625 0.35625 0.5953125 0.3671875 0.5875
2 0.015625 0.709375 0.0234375 0.7171875 0.0296875 0.734375 0.021875 0.74375 0.01875 0.7546875 0.0203125 0.75625 0.01875 0.7671875 0.0125 0.771875 0 0.771875 0 0.7109375 0.0140625 0.709375
2 0.490625 0.55625 0.496875 0.55625 0.49375 0.56875 0.4890625 0.56875 0.4875 0.565625 0.490625 0.5578125
2 0.4546875 0.5890625 0.4609375 0.5953125 0.4546875 0.6015625 0.453125 0.60625 0.446875 0.6078125 0.4328125 0.6078125 0.43125 0.5984375 0.4328125 0.5953125 0.4453125 0.5890625 0.453125 0.5890625
2 0.3984375 0.5828125 0.403125 0.5875 0.403125 0.5984375 0.4015625 0.60625 0.4 0.60625 0.3984375 0.584375
2 0 0.6296875 0.003125 0.6296875 0.0078125 0.634375 0.0078125 0.64375 0.003125 0.6484375 0 0.6484375 0 0.63125
2 0.490625 0.5765625 0.4921875 0.590625 0.4890625 0.5953125 0.4734375 0.590625 0.4734375 0.5828125 0.478125 0.5765625 0.4828125 0.575 0.4890625 0.5765625
2 0.5078125 0.55 0.509375 0.559375 0.4984375 0.559375 0.496875 0.5546875 0.5015625 0.55 0.50625 0.55
2 0.0640625 0.5953125 0.0640625 0.5984375 0.06875 0.6015625 0.0703125 0.60625 0.06875 0.6109375 0.0640625 0.615625 0.0609375 0.6109375 0.0609375 0.6046875 0.0546875 0.6015625 0.0453125 0.609375 0.04375 0.6203125 0.0375 0.6203125 0.0359375 0.6171875 0.0359375 0.6078125 0.0390625 0.6 0.046875 0.59375 0.0625 0.5953125
2 0.4984375 0.5609375 0.5078125 0.5609375 0.5109375 0.5671875 0.5109375 0.5765625 0.5078125 0.58125 0.4953125 0.58125 0.49375 0.56875 0.4984375 0.5625
2 0.5875 0.540625 0.5921875 0.5390625 0.5953125 0.54375 0.5953125 0.5515625 0.5875 0.5515625 0.5859375 0.5484375 0.5875 0.5421875