1 0.6375 0.575 0.640625 0.578125 0.6515625 0.58125 0.6546875 0.5875 0.6546875 0.628125 0.6515625 0.6296875 0.6234375 0.6265625 0.6078125 0.615625 0.603125 0.6109375 0.6 0.603125 0.5984375 0.5828125 0.6 0.5703125 0.603125 0.565625 0.6171875 0.565625 0.6359375 0.575
3 0.665625 0.6171875 0.6703125 0.6171875 0.675 0.6203125 0.6734375 0.634375 0.6703125 0.6359375 0.6640625 0.63125 0.665625 0.61875
3 0.5953125 0.69375 0.596875 0.696875 0.5953125 0.721875 0.5921875 0.7203125 0.590625 0.7125 0.590625 0.6953125 0.59375 0.69375
3 0.540625 0.575 0.54375 0.58125 0.54375 0.5890625 0.540625 0.5890625 0.5390625 0.5796875 0.540625 0.5765625
3 0.5765625 0.65 0.575 0.640625 0.5765625 0.6359375 0.58125 0.6359375 0.58125 0.65 0.578125 0.65
3 0.2484375 0.5953125 0.2515625 0.6 0.2515625 0.6109375 0.25 0.6125 0.24375 0.6109375 0.24375 0.6 0.246875 0.596875
3 0.31875 0.590625 0.321875 0.590625 0.325 0.596875 0.3234375 0.6046875 0.31875 0.60625 0.3171875 0.6046875 0.31875 0.5921875
3 0.153125 0.678125 0.1625 0.684375 0.1640625 0.6828125 0.16875 0.684375 0.1671875 0.6953125 0.1546875 0.7015625 0.1515625 0.70625 0.1453125 0.709375 0.14375 0.7078125 0.1453125 0.696875 0.15 0.690625 0.153125 0.6796875
3 0.6953125 0.653125 0.7 0.653125 0.6984375 0.678125 0.696875 0.68125 0.69375 0.68125 0.6890625 0.671875 0.6890625 0.6640625 0.6953125 0.6546875
3 0.2515625 0.6359375 0.253125 0.6375 0.2578125 0.6359375 0.2625 0.640625 0.2609375 0.65 0.25625 0.6546875 0.246875 0.659375 0.2421875 0.659375 0.24375 0.6453125 0.246875 0.6390625 0.25 0.6375
3 0.671875 0.671875 0.6765625 0.6703125 0.68125 0.6796875 0.6859375 0.6796875 0.6890625 0.675 0.6921875 0.6859375 0.6890625 0.7 0.6765625 0.696875 0.66875 0.6921875 0.6671875 0.684375 0.671875 0.6734375
3 0.115625 0.6171875 0.009375 0.01796875
3 0.5671875 0.578125 0.56875 0.58125 0.5671875 0.5953125 0.5640625 0.59375 0.565625 0.5796875
5 0.29375 0.5859375 0.296875 0.590625 0.296875 0.5984375 0.2953125 0.6 0.290625 0.5984375 0.2796875 0.6 0.2734375 0.60625 0.265625 0.609375 0.259375 0.615625 0.259375 0.6203125 0.2546875 0.61875 0.253125 0.6109375 0.253125 0.60625 0.2578125 0.596875 0.2671875 0.590625 0.284375 0.5859375 0.2921875 0.5859375
5 0.4328125 0.5625 0.4484375 0.5609375 0.45 0.5640625 0.45 0.56875 0.446875 0.571875 0.4359375 0.571875 0.4328125 0.575 0.43125 0.56875 0.4328125 0.5640625
5 0.5625 0.546875 0.565625 0.5484375 0.5671875 0.5546875 0.565625 0.5640625 0.5578125 0.5640625 0.5546875 0.5609375 0.55625 0.5484375 0.5609375 0.546875
5 0.1046875 0.6390625 0.1109375 0.64375 0.1125 0.6703125 0.103125 0.6828125 0.0984375 0.6859375 0.090625 0.684375 0.071875 0.69375 0.0671875 0.69375 0.0578125 0.703125 0.05 0.7015625 0.04375 0.7046875 0.0265625 0.7046875 0.0234375 0.7015625 0.025 0.6796875 0.0375 0.6609375 0.0546875 0.6515625 0.0609375 0.6515625 0.0875 0.640625 0.103125 0.6390625
5 0.48125 0.55625 0.4890625 0.55625 0.4953125 0.5609375 0.4875 0.5703125 0.484375 0.5703125 0.4796875 0.56875 0.48125 0.5578125
5 0.1734375 0.61796875 0.059375 0.040625
2 0.7375 0.6046875 0.746875 0.609375 0.753125 0.615625 0.7515625 0.6171875 0.7390625 0.615625 0.73125 0.6328125 0.7265625 0.6265625 0.728125 0.615625 0.7265625 0.60625 0.7359375 0.6046875
2 0.7734375 0.615625 0.7921875 0.621875 0.7984375 0.6265625 0.796875 0.6296875 0.7828125 0.6234375 0.775 0.6234375 0.771875 0.6203125 0.7671875 0.6203125 0.765625 0.6171875 0.771875 0.615625
2 0.59453125 0.57734375 0.01015625 0.02265625
2 0.490625 0.5765625 0.4953125 0.584375 0.4953125 0.5921875 0.4921875 0.5953125 0.484375 0.59375 0.46875 0.5953125 0.465625 0.590625 0.46875 0.5828125 0.4734375 0.5796875 0.4828125 0.575 0.4890625 0.5765625
2 0.6140625 0.634375 0.61875 0.6390625 0.6234375 0.6515625 0.621875 0.671875 0.6171875 0.6703125 0.6015625 0.671875 0.6015625 0.665625 0.5984375 0.6609375 0.596875 0.6484375 0.5984375 0.6375 0.6015625 0.634375 0.6125 0.634375
2 0.5703125 0.60625 0.5734375 0.6078125 0.578125 0.6171875 0.578125 0.6234375 0.571875 0.6328125 0.5625 0.6328125 0.5546875 0.6234375 0.5546875 0.6140625 0.5578125 0.6078125 0.56875 0.60625
2 0.92578125 0.6671875 0.04140625 0.0234375
2 0.5875 0.540625 0.5921875 0.5421875 0.590625 0.553125 0.5859375 0.5515625 0.5875 0.5421875
2 0.4796875 0.56875 0.484375 0.5703125 0.484375 0.5734375 0.4703125 0.58125 0.4640625 0.5875 0.4609375 0.5796875 0.4625 0.575 0.46875 0.5703125 0.478125 0.56875
2 0.3671875 0.5875 0.36875 0.5890625 0.36875 0.6078125 0.35 0.6109375 0.3390625 0.609375 0.340625 0.6 0.3515625 0.590625 0.3578125 0.5875 0.365625 0.5875
2 0.4328125 0.56875 0.44375 0.5671875 0.446875 0.5703125 0.4359375 0.58125 0.4328125 0.58125 0.43125 0.5765625 0.4328125 0.5703125
2 0.4484375 0.584375 0.02890625 0.02421875
2 0 0.6296875 0.00625 0.63125 0.009375 0.6375 0.0078125 0.64375 0 0.65 0 0.63125
2 0.8703125 0.7234375 0.871875 0.725 0.88125 0.7234375 0.8953125 0.725 0.8953125 0.759375 0.89375 0.7609375 0.8890625 0.7578125 0.8703125 0.75625 0.8609375 0.7625 0.859375 0.7703125 0.8484375 0.76875 0.8359375 0.753125 0.8328125 0.7453125 0.834375 0.7296875 0.8359375 0.7265625 0.8421875 0.7234375 0.85625 0.721875 0.86875 0.7234375
2 0.5046875 0.5625 0.5109375 0.5703125 0.5109375 0.575 0.4984375 0.584375 0.49375 0.58125 0.490625 0.5703125 0.4984375 0.5625 0.503125 0.5625
2 0.3984375 0.5828125 0.403125 0.5828125 0.403125 0.5921875 0.4 0.596875 0.3984375 0.584375
2 0.559375 0.5640625 0.5625 0.578125 0.5609375 0.58125 0.5546875 0.5828125 0.5515625 0.58125 0.5515625 0.56875 0.5546875 0.5625 0.5578125 0.5640625
2 0.290625 0.6 0.296875 0.6015625 0.3015625 0.60625 0.3015625 0.615625 0.29375 0.621875 0.275 0.6234375 0.271875 0.6265625 0.2625 0.6265625 0.2609375 0.6234375 0.2625 0.6140625 0.278125 0.603125 0.2890625 0.6
4 0.4578125 0.5609375 0.4640625 0.55625 0.4796875 0.5578125 0.4796875 0.5671875 0.471875 0.56875 0.4625 0.575 0.45625 0.571875 0.4578125 0.5625