4 0.5578125 0.5515625 0.5609375 0.553125 0.5609375 0.5765625 0.553125 0.58125 0.546875 0.578125 0.546875 0.5640625 0.55 0.5546875 0.55625 0.5515625
3 0.56640625 0.59296875 0.00703125 0.01953125
3 0.56875 0.6 0.571875 0.6 0.5734375 0.603125 0.5734375 0.6125 0.5703125 0.6171875 0.5671875 0.60625 0.56875 0.6015625
3 0.2234375 0.6015625 0.23125 0.6015625 0.234375 0.609375 0.2328125 0.6203125 0.2203125 0.621875 0.21875 0.6125 0.2234375 0.603125
3 0.2 0.603125 0.2015625 0.6203125 0.196875 0.621875 0.1828125 0.6203125 0.1828125 0.6046875 0.1859375 0.6015625 0.1984375 0.603125
3 0.2453125 0.59375 0.25 0.5984375 0.25 0.6109375 0.246875 0.6140625 0.2390625 0.6140625 0.234375 0.60625 0.2359375 0.5984375 0.24375 0.59375
3 0.1296875 0.628125 0.140625 0.634375 0.1375 0.65 0.134375 0.6515625 0.1328125 0.6484375 0.1328125 0.64375 0.1265625 0.6328125 0.128125 0.6296875
3 0.615625 0.7078125 0.6234375 0.715625 0.6234375 0.725 0.6171875 0.73125 0.6140625 0.73125 0.6125 0.7203125 0.6140625 0.709375
3 0.6734375 0.6953125 0.678125 0.696875 0.6828125 0.70625 0.6796875 0.71875 0.6765625 0.7203125 0.671875 0.709375 0.6734375 0.696875
3 0.459375 0.5953125 0.4640625 0.5953125 0.4671875 0.5984375 0.4671875 0.609375 0.4640625 0.609375 0.45625 0.6046875 0.45625 0.6 0.459375 0.596875
3 0.4453125 0.5953125 0.4515625 0.603125 0.453125 0.6078125 0.4515625 0.6140625 0.4421875 0.615625 0.4390625 0.6125 0.4390625 0.603125 0.44375 0.596875
3 0.1140625 0.6234375 0.1140625 0.60625 0.115625 0.6046875 0.1203125 0.6125 0.1203125 0.6203125 0.11875 0.6234375 0.115625 0.6234375
0 0.6703125 0.7625 0.69375 0.771875 0.6984375 0.7796875 0.7015625 0.7953125 0.703125 0.8515625 0.696875 0.865625 0.69375 0.8828125 0.6890625 0.890625 0.6875 0.9 0.6875 0.9203125 0.690625 0.9296875 0.690625 0.9390625 0.6796875 0.9390625 0.6765625 0.94375 0.66875 0.9421875 0.665625 0.953125 0.6625 0.953125 0.6515625 0.94375 0.6359375 0.9359375 0.6359375 0.91875 0.625 0.9078125 0.6234375 0.89375 0.628125 0.8828125 0.6265625 0.8234375 0.6328125 0.8140625 0.640625 0.790625 0.653125 0.765625 0.6578125 0.7625 0.66875 0.7625
5 0.4390625 0.584375 0.4375 0.58125 0.4390625 0.56875 0.44375 0.5625 0.4484375 0.5609375 0.4609375 0.5625 0.4609375 0.5765625 0.459375 0.58125 0.453125 0.5828125 0.4515625 0.5765625 0.4484375 0.575 0.44375 0.584375 0.440625 0.584375
5 0.290625 0.60625 0.2953125 0.6078125 0.296875 0.6125 0.296875 0.6328125 0.2859375 0.6421875 0.2828125 0.640625 0.2640625 0.6453125 0.25625 0.6515625 0.2375 0.65 0.2359375 0.646875 0.2375 0.63125 0.2578125 0.6125 0.26875 0.6109375 0.2734375 0.6078125 0.2890625 0.60625
2 0.6203125 0.5859375 0.6234375 0.59375 0.6203125 0.609375 0.615625 0.603125 0.6015625 0.6015625 0.596875 0.5921875 0.6046875 0.5828125 0.6125 0.5828125 0.61875 0.5859375
2 0.55625 0.534375 0.5578125 0.5421875 0.5546875 0.54375 0.55 0.5421875 0.55 0.5375 0.5546875 0.534375
2 0.646875 0.64375 0.6546875 0.65 0.65625 0.6546875 0.6609375 0.6734375 0.659375 0.6875 0.6375 0.6859375 0.634375 0.6796875 0.6328125 0.653125 0.6453125 0.64375
2 0.58046875 0.55546875 0.01015625 0.0171875
2 0.6203125 0.6296875 0.6046875 0.628125 0.6 0.6234375 0.596875 0.6234375 0.59375 0.6171875 0.5953125 0.6078125 0.603125 0.603125 0.615625 0.6046875 0.6234375 0.6171875 0.6234375 0.628125 0.621875 0.628125
2 0.9078125 0.65625 0.9359375 0.65625 0.9453125 0.6625 0.9453125 0.678125 0.940625 0.678125 0.928125 0.671875 0.921875 0.671875 0.91875 0.66875 0.90625 0.665625 0.9078125 0.6578125
2 0.5390625 0.5328125 0.5390625 0.5390625 0.5359375 0.54375 0.5328125 0.54375 0.5328125 0.5359375 0.5375 0.5328125
2 0.7265625 0.6046875 0.7390625 0.6046875 0.7453125 0.6078125 0.7515625 0.615625 0.740625 0.6171875 0.728125 0.6296875 0.7265625 0.628125 0.728125 0.6125 0.7265625 0.60625
2 0.6890625 0.625 0.703125 0.6390625 0.7046875 0.6515625 0.7 0.65625 0.6828125 0.6546875 0.678125 0.6390625 0.66875 0.634375 0.6671875 0.63125 0.6734375 0.625 0.6875 0.625
2 0.128125 0.6296875 0.134375 0.6375 0.1375 0.6375 0.134375 0.64375 0.1359375 0.6453125 0.134375 0.6546875 0.125 0.659375 0.115625 0.66875 0.1109375 0.66875 0.10625 0.665625 0.0859375 0.671875 0.0796875 0.671875 0.065625 0.6828125 0.0484375 0.675 0.046875 0.66875 0.0515625 0.65625 0.06875 0.6515625 0.08125 0.6390625 0.0875 0.6359375 0.109375 0.6296875 0.1265625 0.6296875
2 0.103125 0.6 0.1078125 0.6078125 0.1078125 0.6171875 0.1046875 0.6203125 0.1 0.6203125 0.0953125 0.625 0.09375 0.6234375 0.0828125 0.625 0.08125 0.6125 0.0875 0.6015625 0.1015625 0.6
2 0.0984375 0.709375 0.1015625 0.7125 0.1015625 0.728125 0.0921875 0.7421875 0.0921875 0.7453125 0.08125 0.7453125 0.0640625 0.7546875 0.0484375 0.765625 0.0375 0.7765625 0.0265625 0.775 0.0171875 0.7796875 0 0.778125 0 0.7546875 0.0140625 0.74375 0.0328125 0.721875 0.046875 0.7125 0.0625 0.7078125 0.0765625 0.70625 0.096875 0.709375
2 0.521875 0.775 0.5484375 0.7859375 0.553125 0.790625 0.55625 0.8078125 0.5515625 0.83125 0.54375 0.83125 0.521875 0.8546875 0.5203125 0.8671875 0.5171875 0.8734375 0.5125 0.8734375 0.4875 0.859375 0.48125 0.853125 0.4796875 0.8203125 0.4875 0.79375 0.50625 0.7765625 0.5203125 0.775
2 0.6046875 0.6390625 0.609375 0.6515625 0.6109375 0.6640625 0.609375 0.6765625 0.590625 0.6765625 0.5890625 0.675 0.5875 0.64375 0.5921875 0.6390625 0.603125 0.6390625
2 0.08125 0.5859375 0.084375 0.5890625 0.08125 0.59375 0.0765625 0.5953125 0.075 0.6 0.0671875 0.5984375 0.065625 0.59375 0.06875 0.5875 0.0796875 0.5859375
2 0 0.6953125 0.015625 0.6890625 0.0359375 0.6890625 0.04375 0.7015625 0.04375 0.7125 0.028125 0.7234375 0.015625 0.740625 0 0.7484375 0 0.696875
2 0.603125 0.571875 0.60625 0.5734375 0.60625 0.5828125 0.6 0.5875 0.596875 0.59375 0.5890625 0.5890625 0.5875 0.578125 0.596875 0.571875 0.6015625 0.571875
2 0.359375 0.6171875 0.3578125 0.609375 0.3625 0.6 0.36875 0.6015625 0.36875 0.615625 0.3609375 0.6171875
2 0.8609375 0.7328125 0.865625 0.7296875 0.88125 0.728125 0.8953125 0.7296875 0.896875 0.734375 0.89375 0.7625 0.88125 0.75625 0.8625 0.759375 0.859375 0.75625 0.859375 0.7359375 0.8609375 0.734375
2 0.0375 0.6203125 0.0359375 0.6078125 0.0390625 0.6015625 0.0453125 0.596875 0.0578125 0.5984375 0.0609375 0.6046875 0.0609375 0.6109375 0.0484375 0.6203125 0.040625 0.621875 0.0390625 0.6203125
2 0.775 0.615625 0.7921875 0.621875 0.796875 0.625 0.7984375 0.6296875 0.7671875 0.6203125 0.765625 0.6171875 0.7734375 0.615625