4 0.328125 0.5828125 0.3296875 0.603125 0.3140625 0.603125 0.2890625 0.615625 0.2828125 0.615625 0.2859375 0.5984375 0.2953125 0.59375 0.296875 0.5859375 0.3125 0.5828125 0.3265625 0.5828125
4 0.121875 0.6453125 0.1234375 0.646875 0.1234375 0.690625 0.121875 0.69375 0.11875 0.6953125 0.1171875 0.6859375 0.1109375 0.6828125 0.1046875 0.6890625 0.103125 0.6984375 0.0921875 0.7140625 0.0921875 0.7171875 0.0828125 0.725 0.08125 0.7296875 0.0765625 0.734375 0.0640625 0.7359375 0.0421875 0.7359375 0.0390625 0.734375 0.034375 0.7234375 0.0359375 0.7140625 0.0453125 0.69375 0.0578125 0.684375 0.0609375 0.6734375 0.0609375 0.6625 0.071875 0.6546875 0.078125 0.6546875 0.0890625 0.646875 0.09375 0.646875 0.0984375 0.64375 0.1203125 0.6453125
4 0.328125 0.5828125 0.3296875 0.5859375 0.328125 0.603125 0.3140625 0.603125 0.3046875 0.6078125 0.3 0.60625 0.2953125 0.59375 0.2953125 0.5875 0.3015625 0.584375 0.3265625 0.5828125
3 0.57421875 0.58515625 0.00625 0.01875
3 0.5953125 0.61171875 0.00703125 0.0203125
3 0.11640625 0.61484375 0.00859375 0.02109375
3 0.1984375 0.603125 0.2015625 0.6046875 0.203125 0.615625 0.2015625 0.6203125 0.196875 0.621875 0.184375 0.6203125 0.1859375 0.6109375 0.196875 0.603125
3 0.2484375 0.59375 0.2515625 0.603125 0.25 0.609375 0.24375 0.6125 0.23125 0.60625 0.2390625 0.5953125 0.246875 0.5953125
3 0.265625 0.628125 0.26875 0.6296875 0.271875 0.6359375 0.271875 0.64375 0.259375 0.653125 0.2546875 0.6515625 0.2546875 0.6375 0.2640625 0.628125
3 0.1078125 0.71953125 0.02578125 0.03515625
5 0.4453125 0.57109375 0.02734375 0.021875
5 0.66875 0.63125 0.675 0.634375 0.68125 0.634375 0.6890625 0.6390625 0.6921875 0.6546875 0.6921875 0.675 0.6875 0.6796875 0.6765625 0.68125 0.6671875 0.6796875 0.659375 0.6734375 0.6390625 0.665625 0.63125 0.6671875 0.628125 0.6625 0.628125 0.646875 0.634375 0.6390625 0.6484375 0.6296875 0.665625 0.6296875 0.6671875 0.63125
5 0.478125 0.553125 0.48125 0.55625 0.48125 0.5640625 0.4765625 0.571875 0.4671875 0.571875 0.4625 0.5671875 0.465625 0.55625 0.4765625 0.553125
2 0.7265625 0.6046875 0.7390625 0.6046875 0.7515625 0.6125 0.753125 0.615625 0.7484375 0.61875 0.7421875 0.6171875 0.7375 0.6203125 0.73125 0.6328125 0.7265625 0.625 0.728125 0.615625 0.7265625 0.60625
2 0.240625 0.625 0.2484375 0.6296875 0.2484375 0.6359375 0.2515625 0.640625 0.2515625 0.6515625 0.2453125 0.6609375 0.2421875 0.6625 0.234375 0.6609375 0.2203125 0.6671875 0.215625 0.6765625 0.209375 0.6765625 0.20625 0.6734375 0.190625 0.675 0.1875 0.6703125 0.1875 0.6578125 0.1921875 0.6515625 0.203125 0.6453125 0.203125 0.6421875 0.209375 0.634375 0.2390625 0.625
2 0.5234375 0.9484375 0.5375 0.9546875 0.54375 0.9609375 0.5546875 0.978125 0.559375 0.990625 0.559375 0.9984375 0.5390625 0.9984375 0.5375 0.996875 0.465625 0.9984375 0.478125 0.978125 0.4796875 0.9671875 0.4828125 0.9640625 0.4953125 0.9609375 0.509375 0.946875 0.521875 0.9484375
2 0.5984375 0.5765625 0.6046875 0.5828125 0.60625 0.5984375 0.5921875 0.5984375 0.5875 0.5953125 0.5875 0.58125 0.5890625 0.578125 0.596875 0.5765625
2 0.571875 0.6953125 0.5734375 0.696875 0.5921875 0.696875 0.603125 0.70625 0.6046875 0.7453125 0.6 0.7515625 0.5953125 0.7515625 0.5921875 0.7546875 0.5890625 0.7609375 0.5875 0.775 0.584375 0.7765625 0.578125 0.7703125 0.565625 0.7671875 0.5578125 0.7671875 0.553125 0.771875 0.55 0.7703125 0.5484375 0.765625 0.55 0.725 0.5546875 0.7109375 0.565625 0.6984375 0.5703125 0.696875
2 0.4625 0.59375 0.471875 0.6015625 0.471875 0.609375 0.4671875 0.615625 0.4578125 0.6140625 0.4390625 0.615625 0.4359375 0.6109375 0.4359375 0.6046875 0.4390625 0.5984375 0.4546875 0.5921875 0.4609375 0.59375
2 0.4640625 0.571875 0.46875 0.578125 0.4671875 0.5875 0.4640625 0.590625 0.4546875 0.590625 0.4453125 0.5953125 0.4359375 0.59375 0.4375 0.5828125 0.4484375 0.5734375 0.45625 0.5703125 0.4625 0.571875
2 0.771875 0.615625 0.7921875 0.621875 0.7984375 0.6265625 0.7984375 0.6296875 0.765625 0.6203125 0.765625 0.6171875 0.7703125 0.6171875
2 0.021875 0.7203125 0.028125 0.721875 0.0328125 0.7265625 0.040625 0.7421875 0.0421875 0.7625 0.03125 0.7734375 0.01875 0.7921875 0.0125 0.790625 0.0078125 0.7859375 0 0.7875 0 0.7234375 0.0203125 0.7203125
2 0.3484375 0.6125 0.3484375 0.6078125 0.3640625 0.5953125 0.36875 0.5953125 0.36875 0.61875 0.3625 0.61875 0.35 0.6125
2 0.50625 0.5578125 0.509375 0.559375 0.5078125 0.571875 0.4984375 0.5640625 0.4984375 0.559375 0.5046875 0.5578125
2 0.271875 0.6171875 0.2796875 0.621875 0.2796875 0.634375 0.271875 0.6390625 0.265625 0.6296875 0.25625 0.6375 0.25625 0.640625 0.2515625 0.6390625 0.25 0.634375 0.2515625 0.625 0.259375 0.6171875 0.2703125 0.6171875
2 0 0.6171875 0.003125 0.61875 0.0140625 0.6171875 0.0171875 0.6203125 0.015625 0.6375 0.009375 0.6390625 0.0078125 0.634375 0 0.628125 0 0.61875
2 0.3671875 0.5953125 0.36875 0.596875 0.36875 0.6171875 0.3671875 0.61875 0.3609375 0.6171875 0.3515625 0.609375 0.3546875 0.603125 0.3609375 0.596875 0.365625 0.5953125
2 0.4953125 0.5578125 0.496875 0.5625 0.4890625 0.5703125 0.484375 0.5796875 0.478125 0.5796875 0.4765625 0.575 0.478125 0.56875 0.4859375 0.559375 0.49375 0.5578125
2 0.3625 0.5828125 0.365625 0.5890625 0.3625 0.5890625 0.35625 0.5984375 0.3421875 0.609375 0.334375 0.609375 0.33125 0.603125 0.3375 0.5890625 0.3421875 0.584375 0.3609375 0.5828125
2 0.4953125 0.5765625 0.02109375 0.021875
2 0.078125 0.584375 0.084375 0.5875 0.0828125 0.5921875 0.075 0.5984375 0.0671875 0.5984375 0.065625 0.5953125 0.06875 0.5875 0.0765625 0.5859375
2 0.5265625 0.553125 0.5296875 0.55625 0.5296875 0.5609375 0.525 0.565625 0.51875 0.5640625 0.521875 0.5546875 0.525 0.553125
2 0.2421875 0.6140625 0.253125 0.6203125 0.2484375 0.6296875 0.240625 0.625 0.21875 0.6296875 0.2125 0.6328125 0.203125 0.64375 0.203125 0.6328125 0.20625 0.6296875 0.2296875 0.6140625 0.240625 0.6140625
2 0.296875 0.6125 0.3140625 0.6046875 0.328125 0.6046875 0.3328125 0.6234375 0.33125 0.628125 0.3046875 0.634375 0.3015625 0.6375 0.29375 0.6390625 0.2828125 0.6328125 0.2828125 0.6234375 0.296875 0.6140625
2 0.3671875 0.5875 0.36875 0.5921875 0.3671875 0.596875 0.3625 0.596875 0.3578125 0.6 0.353125 0.6078125 0.3546875 0.6125 0.346875 0.6125 0.3421875 0.609375 0.3421875 0.60625 0.3515625 0.5921875 0.3609375 0.5875 0.365625 0.5875
2 0 0.6296875 0.00625 0.63125 0.009375 0.6359375 0.0078125 0.64375 0 0.65 0 0.63125
2 0.046875 0.61015625 0.0234375 0.02421875