2 0.4931423611111111 0.6130613425925926 0.037685185185185335 0.025277777777777823
2 0.4424363425925926 0.6025289351851851 0.031481481481481485 0.031481481481481485
2 0.6514641203703704 0.7564293981481482 0.048958333333333395 0.0706712962962964
2 0.7918923611111112 0.7840335648148148 0.06635416666666671 0.09892361111111114
2 0.21731481481481482 0.6172685185185186 0.045509259259259235 0.026898148148148237
2 0.7213599537037038 0.7077256944444444 0.08322916666666665 0.05686342592592588
2 0.5941608796296297 0.6872511574074074 0.037858796296296404 0.04871527777777782
5 0.5761400462962962 0.7996238425925926 0.1056712962962962 0.13358796296296305
4 0.08299189814814814 0.7147164351851851 0.0990162037037037 0.07885416666666671
5 0.5710358796296295 0.6448900462962962 0.047222222222222145 0.047222222222222145
2 0.5564988425925926 0.6033738425925925 0.020567129629629654 0.034525462962962904
4 0.3009664351851852 0.6100752314814815 0.06606481481481481 0.05986111111111114
2 0.06664930555555557 0.6005266203703703 0.03300925925925926 0.026805555555555572
2 0.615 0.6163078703703704 0.04715277777777764 0.03784722222222214
2 0.48247106481481483 0.5770428240740741 0.026724537037036988 0.02207175925925924