2 0.4689583333333333 0.6117013888888889 0.03770833333333332 0.028680555555555643
2 0.33813657407407405 0.7629050925925925 0.0584143518518518 0.08210648148148145
2 0.865167824074074 0.7074247685185184 0.072291666666667 0.05731481481481495
2 0.23941550925925928 0.6942476851851852 0.09268518518518523 0.06855324074074076
2 0.8989641203703703 0.6805787037037037 0.08320601851851847 0.05435185185185176
5 0.434525462962963 0.8299652777777778 0.12454861111111111 0.15182870370370374
2 0.19119212962962964 0.7701041666666667 0.06487268518518521 0.11032407407407412
2 0.3220196759259259 0.6181192129629629 0.04240740740740741 0.03031250000000014
2 0.4126504629629629 0.6186805555555555 0.03784722222222214 0.04743055555555564
2 0.9389872685185185 0.7624305555555555 0.09759259259259281 0.09831018518518526
4 0.7669907407407408 0.6708101851851852 0.06914351851851848 0.05414351851851862
2 0.3728298611111111 0.6149652777777778 0.031481481481481485 0.03171296296296298
2 0.6619097222222223 0.6169039351851853 0.037673611111111074 0.023993055555555642
2 0.5447800925925926 0.6073553240740741 0.03149305555555557 0.03327546296296298
2 0.8177835648148146 0.6699999999999999 0.023645833333333144 0.028472222222222142
5 0.5020081018518519 0.5801562499999999 0.025185185185185154 0.02537037037037031