0 0.16875 0.6125 0.1734375 0.6140625 0.1921875 0.6109375 0.19375 0.6125 0.19375 0.6359375 0.1796875 0.6390625 0.1671875 0.6484375 0.159375 0.646875 0.1484375 0.6515625 0.1390625 0.6515625 0.1265625 0.659375 0.121875 0.6578125 0.1203125 0.6546875 0.121875 0.640625 0.125 0.6359375 0.1328125 0.6328125 0.1359375 0.621875 0.1578125 0.6140625 0.1671875 0.6140625
0 0.6015625 0.5625 0.603125 0.5828125 0.6 0.5875 0.5953125 0.5875 0.590625 0.58125 0.5921875 0.5640625 0.6 0.5625
3 0.55515625 0.8307002314814815 0.013148148148148131 0.043935185185185334
3 0.4890625 0.8984375 0.49375 0.9 0.5 0.909375 0.5046875 0.9078125 0.5046875 0.9109375 0.490625 0.93125 0.490625 0.934375 0.4875 0.9359375 0.4890625 0.9265625 0.484375 0.9171875 0.4859375 0.90625 0.484375 0.9046875 0.4875 0.9
3 0.646875 0.640625 0.646875 0.6453125 0.653125 0.65 0.653125 0.6703125 0.6484375 0.6703125 0.6453125 0.665625 0.64375 0.65 0.646875 0.6421875
3 0.615625 0.5859375 0.61875 0.6046875 0.6140625 0.6 0.6125 0.590625 0.6140625 0.5875
3 0.2078125 0.60625 0.2140625 0.6203125 0.2140625 0.628125 0.209375 0.63125 0.1953125 0.628125 0.1953125 0.6109375 0.20625 0.60625
3 0.59375 0.5484375 0.5953125 0.55 0.59375 0.5609375 0.590625 0.559375 0.5921875 0.55
3 0.6359375 0.6296875 0.640625 0.6359375 0.6421875 0.634375 0.646875 0.6359375 0.6421875 0.6546875 0.63125 0.65 0.6328125 0.6453125 0.63125 0.634375 0.634375 0.63125
3 0.625 0.778125 0.628125 0.7828125 0.6296875 0.7921875 0.6390625 0.8046875 0.6390625 0.8125 0.63125 0.8203125 0.628125 0.8296875 0.625 0.8265625 0.6234375 0.803125 0.621875 0.7953125 0.61875 0.7921875 0.61875 0.778125 0.6203125 0.7765625 0.6234375 0.778125
3 0.1140625 0.6859375 0.11875 0.6859375 0.121875 0.6921875 0.1265625 0.6921875 0.1328125 0.6875 0.1359375 0.6921875 0.1359375 0.7 0.13125 0.7109375 0.121875 0.7125 0.1125 0.7203125 0.109375 0.7203125 0.10625 0.7140625 0.1140625 0.6953125 0.115625 0.6890625 0.1140625 0.6875
3 0.22229745370370368 0.6117534722222222 0.025370370370370356 0.025370370370370397
3 0.5578125 0.8109375 0.5609375 0.825 0.5609375 0.846875 0.5578125 0.85625 0.5421875 0.8765625 0.5390625 0.8765625 0.5359375 0.8671875 0.5359375 0.840625 0.5375 0.8375 0.5390625 0.8390625 0.546875 0.8375 0.5484375 0.8578125 0.5515625 0.8609375 0.553125 0.859375 0.5546875 0.85625 0.553125 0.8125 0.55625 0.8109375
3 0.5733680555555555 0.6364814814814814 0.011331018518518565 0.026724537037036988
3 0.6090567129629629 0.567494212962963 0.008043981481481489 0.015740740740740743
3 0.2515625 0.5984375 0.2578125 0.60625 0.25625 0.6171875 0.24375 0.61875 0.240625 0.61875 0.2375 0.6140625 0.2375 0.6078125 0.2453125 0.5984375 0.25 0.5984375
3 0.0234375 0.7609375 0.025 0.7625 0.021875 0.7796875 0.0234375 0.7921875 0.01875 0.8046875 0.015625 0.7625 0.021875 0.7609375
3 0.559375 0.5796875 0.5625 0.58125 0.5640625 0.5875 0.5625 0.5953125 0.559375 0.5953125 0.5578125 0.5890625 0.559375 0.58125
3 0.575 0.6078125 0.5796875 0.6125 0.58125 0.621875 0.5796875 0.6265625 0.5734375 0.6203125 0.575 0.609375
3 0.5515625 0.6046875 0.5546875 0.609375 0.5546875 0.625 0.5515625 0.628125 0.546875 0.625 0.546875 0.6109375 0.55 0.60625
3 0.5125 0.609375 0.51875 0.6125 0.521875 0.6203125 0.5203125 0.625 0.515625 0.625 0.5125 0.628125 0.509375 0.6265625 0.5078125 0.615625 0.5125 0.6109375
3 0.6326273148148148 0.6295486111111112 0.011261574074074066 0.022037037037037077
3 0.6253009259259259 0.6622453703703703 0.009861111111111143 0.03295138888888891
3 0.6078125 0.609375 0.60625 0.6 0.6078125 0.5921875 0.6125 0.5984375 0.6125 0.60625 0.609375 0.609375
3 0.5828125 0.5921875 0.5859375 0.59375 0.5875 0.5984375 0.5875 0.60625 0.5828125 0.609375 0.58125 0.6 0.5828125 0.59375
3 0.646875 0.6328125 0.65 0.6359375 0.6484375 0.65 0.64375 0.653125 0.6390625 0.6453125 0.6453125 0.634375
3 0.6280902777777777 0.6396354166666667 0.009699074074074065 0.02201388888888891
5 0.4484375 0.578125 0.446875 0.575 0.4484375 0.5609375 0.4515625 0.5578125 0.4640625 0.5546875 0.475 0.5546875 0.4765625 0.56875 0.4703125 0.5703125 0.459375 0.578125 0.45 0.578125
5 0.578761574074074 0.578761574074074 0.023900462962962978 0.031597222222222235
5 0.371875 0.5953125 0.3765625 0.5984375 0.378125 0.6109375 0.3765625 0.625 0.3703125 0.6265625 0.3640625 0.6203125 0.3640625 0.609375 0.3703125 0.596875
5 0.5390625 0.8890625 0.55 0.89375 0.5703125 0.9078125 0.578125 0.9171875 0.5875 0.9375 0.590625 0.9765625 0.584375 0.9984375 0.4546875 0.9984375 0.4765625 0.9640625 0.4796875 0.953125 0.5078125 0.90625 0.5171875 0.903125 0.5265625 0.8890625 0.5375 0.8890625
5 0.6953125 0.6265625 0.71875 0.634375 0.73125 0.6359375 0.734375 0.6390625 0.734375 0.6765625 0.73125 0.6796875 0.7109375 0.678125 0.7078125 0.68125 0.7046875 0.68125 0.6953125 0.6703125 0.690625 0.6703125 0.6875 0.6671875 0.684375 0.6703125 0.6796875 0.6703125 0.6703125 0.6609375 0.6703125 0.646875 0.675 0.6328125 0.68125 0.628125 0.69375 0.6265625
3 0.6328125 0.5859375 0.6375 0.590625 0.640625 0.5984375 0.640625 0.6 0.63125 0.5984375 0.6328125 0.5875
2 0.26875 0.6140625 0.2890625 0.6015625 0.309375 0.6015625 0.3109375 0.6078125 0.3109375 0.61875 0.30625 0.6234375 0.3015625 0.6234375 0.290625 0.6171875 0.2796875 0.6171875 0.2671875 0.6265625 0.265625 0.61875 0.26875 0.615625
2 0.1984375 0.6390625 0.20625 0.640625 0.2109375 0.6453125 0.2109375 0.6546875 0.2078125 0.6625 0.203125 0.665625 0.1921875 0.6671875 0.1828125 0.675 0.1828125 0.678125 0.175 0.6765625 0.16875 0.6796875 0.159375 0.678125 0.15625 0.675 0.1578125 0.6640625 0.178125 0.6421875 0.196875 0.6390625
2 0.48125 0.56875 0.4875 0.5625 0.4953125 0.5625 0.49375 0.5734375 0.4890625 0.575 0.4828125 0.5703125
2 0.6078125 0.609375 0.6171875 0.6234375 0.6171875 0.6359375 0.6046875 0.634375 0.6015625 0.6375 0.5921875 0.6265625 0.5921875 0.6125 0.5984375 0.609375 0.60625 0.609375
2 0.625 0.6796875 0.6296875 0.6828125 0.6375 0.6953125 0.6359375 0.721875 0.63125 0.734375 0.6265625 0.73125 0.6109375 0.73125 0.609375 0.7328125 0.603125 0.73125 0.60625 0.6859375 0.6125 0.6796875 0.6171875 0.678125 0.6234375 0.6796875
2 0.07606481481481482 0.6002141203703705 0.022199074074074076 0.022199074074074066
2 0.484375 0.596875 0.4953125 0.6046875 0.49375 0.615625 0.4890625 0.621875 0.4828125 0.621875 0.4796875 0.61875 0.4703125 0.6203125 0.459375 0.6171875 0.459375 0.6109375 0.4640625 0.6046875 0.4703125 0.6 0.4828125 0.596875
2 0.45625 0.590625 0.46875 0.6 0.4671875 0.603125 0.4640625 0.603125 0.45625 0.6140625 0.4421875 0.6125 0.4421875 0.5984375 0.45 0.5921875 0.4546875 0.5921875
2 0.078125 0.60625 0.0890625 0.603125 0.09375 0.603125 0.0984375 0.60625 0.096875 0.621875 0.08125 0.6265625 0.075 0.6265625 0.0703125 0.6234375 0.071875 0.615625 0.075 0.6140625 0.078125 0.6078125
2 0.5296875 0.5796875 0.534375 0.58125 0.5390625 0.5875 0.540625 0.596875 0.534375 0.5953125 0.5203125 0.6015625 0.5125 0.5984375 0.5125 0.5875 0.528125 0.5796875
2 0.1234375 0.5921875 0.13125 0.60625 0.13125 0.6109375 0.1296875 0.6140625 0.121875 0.6140625 0.1171875 0.6171875 0.1140625 0.6109375 0.1140625 0.5984375 0.1171875 0.5921875 0.121875 0.5921875
2 0.359375 0.590625 0.3671875 0.5984375 0.3640625 0.6140625 0.3609375 0.61875 0.3578125 0.6171875 0.346875 0.6203125 0.328125 0.61875 0.3265625 0.6109375 0.3421875 0.5953125 0.3578125 0.590625
2 0.484375 0.5765625 0.4859375 0.578125 0.4875 0.5765625 0.5015625 0.578125 0.5046875 0.5859375 0.5015625 0.59375 0.4984375 0.5953125 0.4953125 0.590625 0.475 0.5859375 0.4828125 0.578125
2 0.2953125 0.6203125 0.303125 0.625 0.3015625 0.6375 0.29375 0.64375 0.2875 0.6421875 0.2734375 0.64375 0.265625 0.646875 0.25625 0.6453125 0.2546875 0.6375 0.259375 0.6296875 0.2671875 0.6265625 0.2796875 0.6171875 0.290625 0.6171875 0.29375 0.6203125
2 0.45625 0.58125 0.459375 0.5859375 0.459375 0.590625 0.453125 0.590625 0.44375 0.596875 0.440625 0.596875 0.440625 0.5875 0.446875 0.58125 0.4546875 0.58125
2 0.015625 0.7203125 0.021875 0.721875 0.0265625 0.728125 0.03125 0.7453125 0.0296875 0.7578125 0.0265625 0.7609375 0.015625 0.7609375 0.015625 0.721875
2 0.5453125 0.6 0.5515625 0.603125 0.5515625 0.60625 0.546875 0.6109375 0.546875 0.6171875 0.54375 0.6203125 0.5265625 0.61875 0.521875 0.6171875 0.5203125 0.6140625 0.5203125 0.6046875 0.525 0.6015625 0.5359375 0.596875 0.54375 0.6
2 0.7796875 0.61875 0.7890625 0.61875 0.8 0.621875 0.8140625 0.63125 0.8125 0.634375 0.7953125 0.6265625 0.784375 0.625 0.7796875 0.6203125
2 0.3171875 0.596875 0.3234375 0.6 0.3265625 0.60625 0.325 0.6109375 0.315625 0.61875 0.3109375 0.61875 0.3125 0.6140625 0.3078125 0.603125 0.3078125 0.5984375 0.315625 0.596875
2 0.007204861111111111 0.6444965277777778 0.011261574074074075 0.022037037037037077
2 0.7421875 0.609375 0.75625 0.609375 0.765625 0.6171875 0.7734375 0.61875 0.771875 0.621875 0.765625 0.625 0.759375 0.61875 0.75625 0.61875 0.7515625 0.6234375 0.7484375 0.6359375 0.7453125 0.6390625 0.740625 0.63125 0.7421875 0.6109375
2 0.4921875 0.590625 0.5 0.596875 0.4953125 0.6046875 0.4921875 0.6 0.48125 0.5953125 0.4765625 0.5953125 0.4703125 0.6 0.46875 0.5984375 0.475 0.5859375 0.4828125 0.5859375 0.490625 0.590625
2 0.4796875 0.571875 0.484375 0.5734375 0.4859375 0.5765625 0.4828125 0.5765625 0.46875 0.5921875 0.4609375 0.590625 0.4578125 0.5828125 0.4625 0.5765625 0.478125 0.571875
2 0.5109375 0.565625 0.5125 0.58125 0.5078125 0.5875 0.503125 0.584375 0.5 0.571875 0.5015625 0.56875 0.509375 0.565625
2 0.0546875 0.6015625 0.059375 0.603125 0.0640625 0.6078125 0.0640625 0.6109375 0.0578125 0.6140625 0.0578125 0.61875 0.05 0.628125 0.040625 0.6265625 0.0390625 0.6203125 0.040625 0.609375 0.0484375 0.6015625 0.053125 0.6015625