2 0.38429976851851855 0.62265625 0.02995370370370374 0.0359375
5 0.5769733796296297 0.89921875 0.1796180555555555 0.2015625
2 0.4614467592592593 0.59609375 0.034641203703703737 0.0359375
2 0.37709490740740736 0.59921875 0.03150462962962965 0.034375
2 0.9568923611111112 0.825 0.04267361111111114 0.065625
2 0.8576446759259259 0.715625 0.08017361111111114 0.065625
2 0.37999421296296293 0.67421875 0.03946759259259256 0.0546875
2 0.31361689814814814 0.678125 0.042604166666666644 0.05625
2 0.26959490740740744 0.746875 0.06328703703703704 0.10625
2 0.7597048611111111 0.67734375 0.0628819444444444 0.0515625
2 0.41614004629629625 0.596875 0.026782407407407404 0.0296875