0 0.028125 0.628125 0.0953125 0.609375 0.1109375 0.6078125 0.115625 0.609375 0.11875 0.6140625 0.115625 0.61875 0.1171875 0.646875 0.1 0.6515625 0.0921875 0.659375 0.0734375 0.6609375 0.0703125 0.6640625 0.065625 0.6640625 0.0515625 0.6703125 0.0421875 0.671875 0.040625 0.6703125 0.0234375 0.6828125 0 0.6796875 0 0.65625 0.0140625 0.646875 0.01875 0.6453125 0.021875 0.646875 0.028125 0.6390625 0.0265625 0.6375 0.028125 0.6296875
0 0.703125 0.6953125 0.709375 0.7015625 0.709375 0.70625 0.715625 0.7203125 0.7125 0.7484375 0.7140625 0.7625 0.7078125 0.771875 0.6875 0.7671875 0.678125 0.7625 0.6765625 0.75 0.678125 0.740625 0.675 0.7203125 0.678125 0.7140625 0.68125 0.6953125 0.6859375 0.6921875 0.690625 0.6921875 0.6921875 0.6953125 0.7015625 0.6953125
3 0.15 0.6078125 0.153125 0.6125 0.1609375 0.6125 0.1609375 0.6203125 0.1578125 0.625 0.1484375 0.6234375 0.1421875 0.6265625 0.1375 0.625 0.1375 0.61875 0.1484375 0.6078125
3 0.559375 0.6578125 0.565625 0.659375 0.5703125 0.6640625 0.571875 0.6703125 0.56875 0.6765625 0.5640625 0.6765625 0.559375 0.6734375 0.5578125 0.671875 0.559375 0.659375
3 0.596875 0.6671875 0.603125 0.6703125 0.6078125 0.6671875 0.6109375 0.66875 0.6109375 0.6796875 0.60625 0.6890625 0.5953125 0.684375 0.596875 0.66875
3 0.2015625 0.6 0.2046875 0.603125 0.2015625 0.6171875 0.1875 0.6171875 0.1890625 0.6046875 0.2 0.6
3 0.215625 0.578125 0.221875 0.5828125 0.2234375 0.59375 0.2171875 0.6 0.2125 0.596875 0.2078125 0.596875 0.203125 0.5921875 0.203125 0.5859375 0.2109375 0.5796875 0.2140625 0.5796875
3 0.08434606481481481 0.5834085648148148 0.01128472222222222 0.02359953703703708
3 0.2578125 0.6 0.2625 0.6 0.2671875 0.603125 0.2671875 0.6125 0.2640625 0.615625 0.253125 0.615625 0.2515625 0.6125 0.2578125 0.6015625
4 0.4671875 0.5796875 0.4765625 0.5828125 0.471875 0.6171875 0.4671875 0.6171875 0.4640625 0.6140625 0.465625 0.60625 0.4625 0.603125 0.446875 0.6 0.4421875 0.596875 0.44375 0.5921875 0.440625 0.5859375 0.4484375 0.5796875 0.453125 0.578125 0.465625 0.5796875
4 0.5453125 0.6015625 0.5578125 0.6046875 0.5640625 0.609375 0.565625 0.61875 0.5625 0.640625 0.553125 0.6484375 0.5484375 0.6484375 0.5390625 0.640625 0.5359375 0.640625 0.5328125 0.63125 0.534375 0.621875 0.5390625 0.603125 0.54375 0.603125
5 0.45 0.6 0.4640625 0.6046875 0.4640625 0.625 0.4609375 0.628125 0.440625 0.628125 0.4234375 0.6234375 0.428125 0.60625 0.434375 0.6015625 0.4484375 0.6
5 0.525 0.59375 0.5328125 0.5921875 0.5390625 0.5953125 0.534375 0.6171875 0.521875 0.615625 0.525 0.5953125
5 0.4265625 0.584375 0.440625 0.5890625 0.4421875 0.5953125 0.4375 0.6 0.4328125 0.6 0.425 0.609375 0.4078125 0.60625 0.4078125 0.5921875 0.4140625 0.5859375 0.425 0.584375
1 0.578125 0.59375 0.596875 0.603125 0.6015625 0.603125 0.609375 0.609375 0.615625 0.609375 0.6203125 0.6125 0.6234375 0.61875 0.621875 0.6234375 0.6234375 0.6515625 0.6203125 0.6609375 0.6015625 0.65625 0.5984375 0.6609375 0.590625 0.659375 0.5859375 0.653125 0.5703125 0.6421875 0.565625 0.6328125 0.5671875 0.63125 0.565625 0.628125 0.5671875 0.6125 0.5640625 0.6078125 0.5640625 0.6 0.5703125 0.5921875 0.5765625 0.59375
1 0.56875 0.5640625 0.5765625 0.56875 0.5765625 0.5828125 0.575 0.5875 0.5703125 0.590625 0.5515625 0.5890625 0.5484375 0.584375 0.55 0.571875 0.559375 0.5640625 0.5671875 0.5640625
2 0.7046875 0.65 0.7078125 0.6484375 0.7203125 0.6515625 0.728125 0.659375 0.728125 0.6640625 0.7265625 0.665625 0.7171875 0.6640625 0.7078125 0.675 0.703125 0.6734375 0.70625 0.6515625
2 0.49375 0.575 0.4953125 0.58125 0.4890625 0.5890625 0.4828125 0.5875 0.4828125 0.5765625 0.4859375 0.5734375 0.4921875 0.575
2 0.0171875 0.5578125 0.025 0.559375 0.028125 0.5625 0.0234375 0.575 0.0109375 0.5828125 0.0046875 0.58125 0.00625 0.5671875 0.0125 0.559375 0.015625 0.559375
2 0.5296875 0.5796875 0.5359375 0.5828125 0.5359375 0.5875 0.5328125 0.590625 0.525 0.590625 0.5296875 0.58125
2 0.0796875 0.546875 0.084375 0.5484375 0.0859375 0.5515625 0.084375 0.5578125 0.071875 0.5625 0.06875 0.5546875 0.071875 0.5484375 0.0734375 0.55 0.078125 0.5484375
2 0.2390625 0.6140625 0.240625 0.6171875 0.2390625 0.6359375 0.2328125 0.6390625 0.228125 0.6375 0.215625 0.6421875 0.2140625 0.640625 0.20625 0.6484375 0.1921875 0.6453125 0.1890625 0.6421875 0.190625 0.6296875 0.19375 0.625 0.2078125 0.6140625 0.2234375 0.609375 0.23125 0.609375 0.2359375 0.6109375 0.2375 0.6140625
2 0.0421875 0.55 0.0546875 0.5515625 0.059375 0.5578125 0.065625 0.5578125 0.065625 0.5625 0.0625 0.565625 0.0484375 0.5671875 0.0359375 0.5625 0.0375 0.5546875 0.0421875 0.5515625
2 0.478125 0.571875 0.4828125 0.575 0.4796875 0.58125 0.4703125 0.5796875 0.4703125 0.575 0.4765625 0.571875
2 0.321875 0.5828125 0.33125 0.5859375 0.3296875 0.5875 0.33125 0.59375 0.3234375 0.59375 0.3203125 0.5890625 0.309375 0.5890625 0.3078125 0.5875 0.309375 0.5859375 0.3203125 0.5828125
2 0.74375 0.665625 0.7515625 0.6640625 0.765625 0.671875 0.775 0.68125 0.7671875 0.68125 0.7625 0.6765625 0.7546875 0.675 0.74375 0.6671875