2 0.3882233796296296 0.625 0.02995370370370374 0.0359375
5 0.5769907407407407 0.9015625 0.18270833333333342 0.196875
2 0.4653819444444444 0.6 0.034652777777777824 0.0375
2 0.3817997685185185 0.6015625 0.03151620370370374 0.0359375
2 0.9538541666666667 0.83671875 0.037986111111111144 0.065625
2 0.8600636574074073 0.72578125 0.08018518518518505 0.0671875
2 0.3831423611111111 0.67734375 0.03946759259259256 0.0546875
2 0.3167476851851852 0.67890625 0.042615740740740725 0.0578125
2 0.2711631944444445 0.74765625 0.06484953703703704 0.10625
2 0.7621180555555556 0.68671875 0.06445601851851848 0.053125
2 0.4216319444444444 0.6 0.028344907407407405 0.0296875