2 0.33328125000000003 0.78046875 0.06471064814814813 0.0875
2 0.8803877314814816 0.74921875 0.09589120370370381 0.078125
1 0.6595543981481482 0.60859375 0.09116898148148138 0.0734375
2 0.44770833333333326 0.62578125 0.03776620370370374 0.0359375
2 0.39545717592592594 0.61328125 0.02833333333333332 0.028125
5 0.33471064814814816 0.69296875 0.04589120370370372 0.078125
2 0.424369212962963 0.6125 0.02833333333333332 0.028125
0 0.25730902777777775 0.70078125 0.06008101851851855 0.0953125
2 0.5167418981481482 0.5875 0.02516203703703699 0.021875
2 0.9241666666666667 0.63984375 0.03613425925925924 0.0265625
2 0.38860532407407405 0.69453125 0.04734953703703706 0.0640625
2 0.42784143518518525 0.565625 0.018900462962962904 0.0203125
0 0.32596643518518514 0.6078125 0.04250000000000007 0.0421875
2 0.3897222222222222 0.64921875 0.02993055555555557 0.0328125
5 0.4688888888888889 0.93046875 0.17134259259259252 0.1390625
2 0.35954282407407406 0.61015625 0.03620370370370374 0.0359375