2 0.5902314814814815 0.6105555555555556 0.04111111111111114 0.03311342592592581
2 0.21027777777777779 0.6952314814814814 0.07587962962962962 0.05993055555555564
2 0.7451041666666667 0.6242013888888889 0.05214120370370381 0.03944444444444439
5 0.5063020833333333 0.9014872685185186 0.18577546296296282 0.19702546296296292
2 0.2737615740740741 0.6566435185185184 0.06781249999999997 0.04268518518518505
2 0.8123784722222223 0.6832870370370371 0.10740740740740726 0.07891203703703695
2 0.6626909722222223 0.8087268518518519 0.0875810185185184 0.11157407407407405
2 0.6474479166666667 0.6234780092592592 0.03649305555555564 0.03776620370370374
2 0.4987905092592593 0.6075347222222222 0.048993055555555644 0.037858796296296404
2 0.24940393518518517 0.6470891203703704 0.0552893518518518 0.04103009259259256
2 0.8377893518518519 0.7639351851851852 0.07675925925925924 0.11930555555555547
5 0.6319444444444444 0.6842939814814815 0.057499999999999926 0.08479166666666664
5 0.5775636574074074 0.7573206018518519 0.10488425925925923 0.11951388888888878
2 0.38408564814814816 0.6160590277777778 0.020590277777777822 0.018900462962962904
2 0.03395254629629629 0.6572106481481482 0.023854166666666666 0.028298611111111073
4 0.31809606481481484 0.6436921296296296 0.04589120370370372 0.03939814814814824
2 0.4908159722222223 0.5965393518518518 0.04430555555555564 0.037824074074074156
2 0.10486111111111111 0.6452372685185186 0.03322916666666664 0.02836805555555557
2 0.46336805555555555 0.5893055555555555 0.025416666666666643 0.028310185185185154
2 0.58265625 0.5737847222222222 0.02394675925925931 0.03454861111111107
3 0.049936342592592595 0.7870023148148148 0.027372685185185187 0.05488425925925924