3 0.646875 0.63125 0.65625 0.6265625 0.6609375 0.63125 0.6609375 0.6421875 0.6546875 0.6453125 0.646875 0.6390625 0.646875 0.6328125
3 0.6078125 0.6984375 0.615625 0.703125 0.6140625 0.7265625 0.6125 0.7296875 0.609375 0.7296875 0.60625 0.7265625 0.6078125 0.725 0.60625 0.71875 0.60625 0.7015625 0.6078125 0.7
3 0.6286458333333333 0.6585821759259259 0.009571759259259238 0.026701388888888823
3 0.6609375 0.8640625 0.671875 0.8765625 0.6734375 0.890625 0.678125 0.8953125 0.678125 0.9125 0.671875 0.91875 0.6703125 0.9265625 0.665625 0.9296875 0.6640625 0.925 0.6625 0.890625 0.65625 0.88125 0.659375 0.865625
3 0.70625 0.6796875 0.709375 0.690625 0.70625 0.703125 0.7 0.7015625 0.696875 0.6890625 0.696875 0.6828125 0.7 0.6796875 0.7046875 0.6796875
3 0.4421875 0.5859375 0.4515625 0.5890625 0.453125 0.5921875 0.453125 0.5984375 0.4453125 0.6015625 0.440625 0.5984375 0.4421875 0.5875
3 0.646875 0.625 0.6515625 0.6265625 0.65625 0.621875 0.6609375 0.63125 0.6609375 0.6421875 0.6546875 0.6453125 0.646875 0.6390625 0.6453125 0.634375 0.646875 0.6265625
3 0.6015625 0.6203125 0.6078125 0.625 0.6125 0.6203125 0.615625 0.6265625 0.615625 0.634375 0.6125 0.6375 0.6015625 0.6328125 0.6015625 0.621875
4 0.5609375 0.5671875 0.5765625 0.5640625 0.578125 0.575 0.5828125 0.58125 0.5921875 0.5859375 0.596875 0.596875 0.59375 0.6078125 0.5890625 0.6140625 0.5828125 0.6140625 0.578125 0.6109375 0.5703125 0.6125 0.5609375 0.596875 0.559375 0.5859375 0.5609375 0.578125 0.559375 0.5703125 0.5609375 0.56875
5 0.0515625 0.59375 0.0515625 0.609375 0.04375 0.6140625 0.0390625 0.6203125 0.0375 0.6328125 0.0265625 0.6296875 0.0234375 0.6328125 0.009375 0.63125 0.0078125 0.628125 0.009375 0.621875 0.0140625 0.6125 0.0203125 0.60625 0.025 0.60625 0.05 0.5953125
1 0.6015625 0.53125 0.603125 0.540625 0.6 0.559375 0.59375 0.559375 0.590625 0.5546875 0.5921875 0.5359375 0.5953125 0.53125 0.6 0.53125
2 0.953125 0.6390625 0.959375 0.6453125 0.9578125 0.659375 0.9234375 0.646875 0.9203125 0.6484375 0.9171875 0.6453125 0.921875 0.6359375 0.9421875 0.6359375 0.9515625 0.6390625
2 0.20625 0.6328125 0.2109375 0.6375 0.2140625 0.65625 0.2078125 0.6640625 0.2 0.6640625 0.1875 0.6703125 0.1828125 0.6703125 0.1765625 0.678125 0.15625 0.678125 0.1546875 0.6671875 0.1578125 0.6578125 0.184375 0.634375 0.2046875 0.6328125
2 0.2640625 0.5859375 0.26875 0.590625 0.271875 0.6046875 0.2625 0.615625 0.2484375 0.61875 0.2453125 0.61875 0.240625 0.6140625 0.2390625 0.6078125 0.2328125 0.603125 0.2328125 0.6 0.246875 0.5890625 0.2625 0.5859375
2 0.7859375 0.596875 0.8046875 0.6046875 0.8078125 0.6109375 0.7953125 0.60625 0.784375 0.60625 0.7796875 0.603125 0.775 0.603125 0.7765625 0.5984375 0.784375 0.5984375
2 0.6578125 0.615625 0.6515625 0.60625 0.6515625 0.6015625 0.653125 0.596875 0.6609375 0.590625 0.68125 0.590625 0.6875 0.5984375 0.6890625 0.6171875 0.6859375 0.621875 0.684375 0.6203125 0.6703125 0.621875 0.6640625 0.615625 0.659375 0.615625
2 0.6703125 0.646875 0.675 0.6515625 0.6796875 0.665625 0.6796875 0.69375 0.678125 0.6953125 0.653125 0.6921875 0.65 0.6890625 0.6484375 0.6515625 0.6515625 0.646875 0.66875 0.646875
2 0.65 0.7109375 0.6640625 0.7171875 0.66875 0.721875 0.671875 0.7296875 0.6703125 0.7546875 0.6625 0.7734375 0.6625 0.78125 0.6578125 0.7875 0.65 0.7875 0.625 0.7796875 0.621875 0.7703125 0.621875 0.753125 0.6296875 0.728125 0.6359375 0.715625 0.640625 0.7109375 0.6484375 0.7109375
2 0.03125 0.603125 0.0328125 0.59375 0.0375 0.5890625 0.046875 0.5875 0.0515625 0.5875 0.0546875 0.590625 0.0546875 0.60625 0.0515625 0.6078125 0.046875 0.6015625 0.0328125 0.603125
2 0.4645138888888889 0.5649305555555555 0.022013888888888822 0.019074074074074066
2 0.071875 0.7046875 0.075 0.709375 0.075 0.7234375 0.0734375 0.7265625 0.065625 0.7296875 0.0640625 0.7375 0.059375 0.74375 0.05 0.7421875 0.0453125 0.74375 0.0390625 0.7484375 0.00625 0.7625 0 0.7703125 0 0.7203125 0.0015625 0.71875 0.025 0.70625 0.0703125 0.7046875
2 0.09375 0.603125 0.1078125 0.60625 0.1109375 0.621875 0.10625 0.6296875 0.096875 0.6296875 0.09375 0.6265625 0.078125 0.6265625 0.0765625 0.628125 0.071875 0.6265625 0.0703125 0.61875 0.0765625 0.609375 0.0828125 0.6046875 0.0921875 0.603125
2 0.634375 0.5703125 0.6453125 0.571875 0.65 0.5765625 0.6515625 0.59375 0.6484375 0.596875 0.6359375 0.5984375 0.63125 0.59375 0.625 0.59375 0.621875 0.590625 0.6234375 0.5765625 0.628125 0.571875 0.6328125 0.571875
2 0.234375 0.60625 0.2375 0.6078125 0.24375 0.6203125 0.24375 0.625 0.234375 0.640625 0.225 0.640625 0.2171875 0.64375 0.20625 0.63125 0.190625 0.6296875 0.190625 0.6265625 0.203125 0.6140625 0.2125 0.6125 0.2265625 0.6046875 0.2328125 0.60625
2 0.7453125 0.5875 0.7578125 0.59375 0.7609375 0.6 0.7578125 0.603125 0.7484375 0.603125 0.7421875 0.609375 0.740625 0.6140625 0.7359375 0.6125 0.7359375 0.590625 0.734375 0.5890625 0.74375 0.5875
2 0.5765625 0.53125 0.578125 0.5390625 0.571875 0.54375 0.565625 0.5375 0.5703125 0.53125 0.575 0.53125
2 0.3046875 0.5921875 0.3140625 0.5953125 0.3171875 0.6 0.3171875 0.609375 0.3140625 0.6140625 0.296875 0.6171875 0.2890625 0.6234375 0.278125 0.621875 0.2765625 0.6109375 0.290625 0.5953125 0.303125 0.5921875
2 0.5609375 0.540625 0.5625 0.5421875 0.5625 0.559375 0.5546875 0.5609375 0.5515625 0.559375 0.5515625 0.54375 0.5546875 0.540625 0.559375 0.540625
2 0.36875 0.5796875 0.36875 0.6078125 0.3546875 0.609375 0.35625 0.590625 0.3671875 0.58125
2 0.046875 0.6390625 0.0703125 0.6296875 0.09375 0.6296875 0.1015625 0.64375 0.0984375 0.65625 0.09375 0.6578125 0.084375 0.6703125 0.0796875 0.6703125 0.075 0.6671875 0.059375 0.671875 0.05 0.671875 0.046875 0.675 0.0359375 0.678125 0.028125 0.6859375 0.0234375 0.6859375 0.01875 0.68125 0.0125 0.6796875 0.0109375 0.6703125 0.0140625 0.6609375 0.01875 0.65625 0.0375 0.65 0.046875 0.640625
2 0.53125 0.79375 0.540625 0.8015625 0.5453125 0.8109375 0.546875 0.828125 0.54375 0.8421875 0.528125 0.8578125 0.515625 0.878125 0.515625 0.88125 0.5109375 0.8859375 0.5046875 0.9046875 0.5015625 0.9078125 0.49375 0.90625 0.4875 0.909375 0.465625 0.903125 0.4546875 0.8921875 0.453125 0.865625 0.45625 0.8484375 0.4640625 0.8375 0.478125 0.8078125 0.490625 0.7921875 0.5203125 0.790625 0.5296875 0.79375
2 0.578125 0.540625 0.58125 0.5453125 0.58125 0.5546875 0.5765625 0.5640625 0.571875 0.5609375 0.571875 0.54375 0.5765625 0.540625
2 0.8609375 0.678125 0.88125 0.6875 0.8890625 0.69375 0.9015625 0.7078125 0.9078125 0.721875 0.90625 0.7328125 0.903125 0.7359375 0.878125 0.740625 0.871875 0.740625 0.859375 0.7265625 0.84375 0.721875 0.8375 0.7171875 0.8171875 0.7125 0.809375 0.6984375 0.809375 0.6890625 0.8140625 0.6828125 0.83125 0.6828125 0.8390625 0.6796875 0.859375 0.678125
2 0.171875 0.609375 0.1828125 0.6125 0.1890625 0.6171875 0.1890625 0.625 0.1859375 0.63125 0.178125 0.634375 0.1625 0.6359375 0.1421875 0.6453125 0.1359375 0.6453125 0.1296875 0.640625 0.13125 0.6328125 0.153125 0.6140625 0.1703125 0.609375
2 0.584375 0.553125 0.590625 0.5578125 0.590625 0.575 0.5796875 0.5734375 0.5796875 0.5578125 0.5828125 0.5546875
2 0.5413888888888889 0.5216087962962963 0.007905092592592578 0.012615740740740743