3 0.7921875 0.6703125 0.7953125 0.671875 0.8015625 0.684375 0.8015625 0.6921875 0.8046875 0.6984375 0.8 0.7015625 0.778125 0.7015625 0.7828125 0.6859375 0.7921875 0.671875
3 0.3609375 0.596875 0.3625 0.6109375 0.3546875 0.615625 0.3515625 0.6140625 0.353125 0.603125 0.359375 0.5984375
3 0.334375 0.5984375 0.3375 0.5984375 0.3390625 0.6015625 0.3390625 0.6140625 0.3328125 0.6171875 0.33125 0.6046875 0.334375 0.6
3 0.253125 0.63125 0.25625 0.6390625 0.2546875 0.6515625 0.2421875 0.659375 0.2390625 0.6578125 0.2421875 0.640625 0.2453125 0.634375 0.2515625 0.63125
3 0.32421875 0.6125578703703705 0.0109375 0.025081018518518496
3 0.053125 0.734375 0.05625 0.74375 0.053125 0.7484375 0.053125 0.75625 0.05 0.7625 0.028125 0.7765625 0.01875 0.775 0.0203125 0.753125 0.0234375 0.746875 0.028125 0.7421875 0.0328125 0.7421875 0.034375 0.7484375 0.040625 0.7515625 0.04375 0.7390625 0.0515625 0.734375
3 0.4390625 0.6126273148148147 0.015625 0.018865740740740745
3 0.88125 0.7046875 0.8875 0.70625 0.8890625 0.7203125 0.8953125 0.7234375 0.896875 0.728125 0.896875 0.7546875 0.8953125 0.75625 0.8875 0.7546875 0.875 0.746875 0.8734375 0.734375 0.865625 0.7234375 0.88125 0.70625
3 0.4609375 0.5953125 0.4625 0.6078125 0.45625 0.6109375 0.4515625 0.609375 0.45 0.5984375 0.4546875 0.5953125 0.459375 0.5953125
3 0.8453125 0.7359375 0.853125 0.734375 0.85625 0.7375 0.85625 0.7453125 0.8515625 0.7515625 0.853125 0.7671875 0.85 0.7765625 0.84375 0.775 0.8265625 0.7640625 0.81875 0.7640625 0.8125 0.7578125 0.8140625 0.740625 0.81875 0.7359375 0.8234375 0.734375 0.825 0.7359375 0.8234375 0.7421875 0.834375 0.7484375 0.84375 0.7484375 0.846875 0.740625 0.8453125 0.7375
3 0.3078125 0.6125 0.309375 0.628125 0.3015625 0.634375 0.296875 0.634375 0.296875 0.6234375 0.3 0.6171875 0.30625 0.6125
3 0.265625 0.6421875 0.265625 0.634375 0.2703125 0.6234375 0.278125 0.6234375 0.278125 0.6359375 0.2671875 0.6421875
3 0.1203125 0.6125 0.125 0.6203125 0.1234375 0.628125 0.1203125 0.63125 0.109375 0.628125 0.1109375 0.615625 0.11875 0.6125
3 0.18984375 0.66625 0.025 0.029872685185185245
4 0.653125 0.625150462962963 0.0421875 0.051874999999999984
4 0.2078125 0.5921875 0.215625 0.5875 0.2359375 0.5828125 0.2578125 0.58125 0.2609375 0.584375 0.2609375 0.6109375 0.25625 0.6203125 0.24375 0.6296875 0.196875 0.634375 0.19375 0.628125 0.1953125 0.6046875 0.2046875 0.6015625 0.2078125 0.59375
4 0.659375 0.6015625 0.671875 0.60625 0.6734375 0.6109375 0.6734375 0.640625 0.66875 0.6515625 0.675 0.671875 0.675 0.6875 0.671875 0.6953125 0.6671875 0.690625 0.6546875 0.6875 0.65 0.6890625 0.646875 0.6859375 0.6421875 0.6703125 0.6421875 0.653125 0.6359375 0.646875 0.6328125 0.6375 0.6328125 0.6140625 0.6375 0.60625 0.6375 0.6015625 0.6390625 0.6 0.65625 0.6 0.6578125 0.6015625
1 0.725 0.6171875 0.7390625 0.6234375 0.7515625 0.6359375 0.753125 0.6859375 0.7484375 0.6890625 0.721875 0.6828125 0.6984375 0.6625 0.69375 0.6390625 0.696875 0.6203125 0.7 0.6171875 0.7234375 0.6171875
5 0.4453125 0.571875 0.4484375 0.5765625 0.4484375 0.584375 0.446875 0.5859375 0.4390625 0.584375 0.43125 0.5890625 0.4296875 0.5765625 0.4328125 0.5734375 0.44375 0.571875
5 0.6 0.6515625 0.6015625 0.665625 0.60625 0.6796875 0.60625 0.6890625 0.5953125 0.709375 0.58125 0.7109375 0.578125 0.70625 0.578125 0.6828125 0.5765625 0.68125 0.578125 0.665625 0.5859375 0.65 0.5984375 0.6515625
2 0.765625 0.625 0.7796875 0.625 0.7828125 0.628125 0.7875 0.628125 0.79375 0.63125 0.8 0.6390625 0.7765625 0.6328125 0.765625 0.6265625
2 0.5609375 0.5421875 0.5625 0.546875 0.5578125 0.55 0.5546875 0.5484375 0.5546875 0.5453125 0.559375 0.5421875
2 0.5609375 0.7421875 0.5734375 0.746875 0.578125 0.7515625 0.5796875 0.765625 0.578125 0.7890625 0.575 0.7921875 0.56875 0.790625 0.55625 0.8015625 0.5484375 0.8203125 0.534375 0.81875 0.5125 0.8078125 0.509375 0.803125 0.509375 0.784375 0.5140625 0.7671875 0.5203125 0.7546875 0.528125 0.7453125 0.540625 0.740625 0.559375 0.7421875
2 0.45625 0.5796875 0.4546875 0.5765625 0.4625 0.571875 0.4734375 0.5734375 0.4734375 0.578125 0.471875 0.5796875 0.4578125 0.578125
2 0.5046875 0.5671875 0.5078125 0.575 0.5078125 0.5828125 0.5046875 0.5875 0.4984375 0.590625 0.4890625 0.5890625 0.4890625 0.5796875 0.4953125 0.5703125 0.503125 0.5671875
2 0.621875 0.6875 0.6296875 0.6890625 0.640625 0.696875 0.64375 0.7015625 0.64375 0.7296875 0.6359375 0.7375 0.6296875 0.7546875 0.621875 0.75 0.6078125 0.75 0.596875 0.74375 0.5953125 0.7203125 0.6015625 0.7 0.609375 0.6890625 0.6203125 0.6875
2 0.6234375 0.6390625 0.628125 0.6453125 0.63125 0.6578125 0.6296875 0.675 0.609375 0.671875 0.603125 0.6640625 0.60625 0.6421875 0.6125 0.6375 0.621875 0.6390625
2 0.734375 0.6109375 0.740625 0.6125 0.746875 0.61875 0.7484375 0.621875 0.746875 0.6234375 0.7375 0.6234375 0.7265625 0.615625 0.725 0.6125 0.7328125 0.6109375
2 0.490625 0.5671875 0.4921875 0.5734375 0.4875 0.5828125 0.4828125 0.5859375 0.478125 0.5859375 0.4734375 0.578125 0.4796875 0.56875 0.4859375 0.565625 0.4890625 0.5671875
2 0.5984375 0.540625 0.6 0.54375 0.5984375 0.55 0.59375 0.5484375 0.59375 0.5421875 0.596875 0.540625
2 0.5828125 0.6125 0.59375 0.6234375 0.59375 0.63125 0.590625 0.6375 0.58125 0.6390625 0.578125 0.6390625 0.5734375 0.634375 0.5578125 0.63125 0.5578125 0.6234375 0.5609375 0.61875 0.5703125 0.6125 0.58125 0.6125
2 0.6375 0.778125 0.6546875 0.784375 0.6640625 0.790625 0.66875 0.8046875 0.665625 0.8296875 0.6609375 0.83125 0.6484375 0.8453125 0.646875 0.8640625 0.64375 0.871875 0.628125 0.8703125 0.6171875 0.865625 0.6 0.85625 0.596875 0.8515625 0.5984375 0.8203125 0.60625 0.809375 0.609375 0.796875 0.615625 0.784375 0.6234375 0.7765625 0.6359375 0.778125
2 0.28125 0.6203125 0.278125 0.6125 0.2796875 0.6046875 0.2875 0.6015625 0.296875 0.5921875 0.3015625 0.590625 0.3171875 0.5921875 0.3203125 0.6046875 0.31875 0.6109375 0.315625 0.6140625 0.3046875 0.6109375 0.2984375 0.6171875 0.2875 0.6171875 0.2828125 0.6203125
2 0.06875 0.640625 0.0765625 0.6515625 0.078125 0.6625 0.0640625 0.6765625 0.05 0.675 0.0359375 0.678125 0.028125 0.6828125 0.021875 0.6828125 0.0140625 0.6890625 0.0078125 0.690625 0 0.6875 0 0.6671875 0.0171875 0.6609375 0.0359375 0.6453125 0.0671875 0.640625
2 0.6625 0.6453125 0.66875 0.65 0.675 0.6703125 0.675 0.6890625 0.671875 0.6953125 0.6671875 0.690625 0.6484375 0.6875 0.64375 0.6796875 0.6421875 0.653125 0.6515625 0.64375 0.6609375 0.6453125
2 0.0765625 0.5875 0.08125 0.590625 0.0921875 0.5921875 0.0921875 0.6015625 0.0890625 0.60625 0.0765625 0.6078125 0.0703125 0.6046875 0.06875 0.60625 0.0640625 0.6046875 0.0609375 0.5984375 0.0640625 0.590625 0.075 0.5875
2 0.521875 0.553125 0.525 0.553125 0.528125 0.5578125 0.528125 0.565625 0.525 0.56875 0.51875 0.5671875 0.521875 0.5546875
2 0.8265625 0.7 0.8453125 0.7078125 0.8703125 0.7296875 0.8734375 0.7421875 0.871875 0.7546875 0.8578125 0.7609375 0.8546875 0.759375 0.853125 0.7546875 0.853125 0.75 0.8578125 0.74375 0.8578125 0.7375 0.8515625 0.7328125 0.8390625 0.7328125 0.834375 0.7234375 0.834375 0.7171875 0.83125 0.7140625 0.825 0.715625 0.8234375 0.7296875 0.8109375 0.740625 0.796875 0.734375 0.7875 0.7359375 0.775 0.7234375 0.775 0.7125 0.78125 0.703125 0.825 0.7
2 0.5140625 0.6015625 0.51875 0.6078125 0.51875 0.621875 0.5140625 0.6265625 0.5078125 0.6234375 0.4921875 0.6234375 0.490625 0.621875 0.490625 0.6109375 0.503125 0.5984375 0.5078125 0.596875 0.5125 0.6015625
2 0.4625 0.578125 0.471875 0.58125 0.4734375 0.5921875 0.4703125 0.5984375 0.459375 0.5953125 0.453125 0.6 0.45 0.5984375 0.45 0.584375 0.45625 0.578125 0.4609375 0.578125
2 0 0.634375 0.0046875 0.6390625 0.0046875 0.6453125 0 0.65 0 0.6359375
2 0.5890625 0.55 0.590625 0.5546875 0.5890625 0.5609375 0.584375 0.5609375 0.584375 0.5515625 0.5875 0.55
2 0.5671875 0.5640625 0.571875 0.5625 0.575 0.5640625 0.5765625 0.56875 0.575 0.5765625 0.5671875 0.5765625 0.5671875 0.565625
2 0.6046875 0.559375 0.6078125 0.5625 0.6078125 0.5671875 0.6046875 0.5703125 0.603125 0.56875 0.6046875 0.5609375
2 0.471875 0.8234375 0.4796875 0.8265625 0.4875 0.834375 0.4921875 0.8453125 0.4921875 0.871875 0.4875 0.8921875 0.4828125 0.8984375 0.478125 0.8984375 0.4734375 0.8953125 0.4546875 0.9140625 0.4359375 0.9390625 0.43125 0.95625 0.4234375 0.9671875 0.4171875 0.9671875 0.3984375 0.9578125 0.3828125 0.9421875 0.378125 0.93125 0.378125 0.8921875 0.3921875 0.8578125 0.425 0.825 0.4375 0.821875 0.4484375 0.8265625 0.45625 0.8203125 0.4671875 0.8203125 0.4703125 0.8234375
2 0.446875 0.584375 0.4484375 0.5890625 0.446875 0.6046875 0.4375 0.6046875 0.434375 0.6078125 0.43125 0.6078125 0.43125 0.5875 0.4375 0.584375 0.4453125 0.584375