3 0.6453125 0.6484375 0.653125 0.65 0.6546875 0.65625 0.65 0.66875 0.6453125 0.671875 0.6390625 0.665625 0.6390625 0.6578125 0.64375 0.65
3 0.634375 0.6734375 0.6359375 0.6765625 0.634375 0.703125 0.63125 0.70625 0.625 0.7015625 0.6328125 0.675
3 0.6125 0.678125 0.6171875 0.684375 0.6140625 0.703125 0.6125 0.70625 0.609375 0.7046875 0.60625 0.6953125 0.60625 0.690625 0.6125 0.6796875
3 0.565625 0.7015625 0.565625 0.7234375 0.559375 0.73125 0.55625 0.725 0.5578125 0.7203125 0.5546875 0.70625 0.5578125 0.7 0.5640625 0.7015625
3 0.5734375 0.640625 0.5796875 0.64375 0.5796875 0.6515625 0.5765625 0.659375 0.5734375 0.6546875 0.5734375 0.6421875
3 0.2109375 0.578125 0.2125 0.5828125 0.2109375 0.590625 0.2046875 0.596875 0.2015625 0.5953125 0.2 0.5890625 0.203125 0.5828125 0.209375 0.578125
3 0.6234375 0.6375 0.621875 0.6484375 0.609375 0.64375 0.609375 0.6375 0.615625 0.6296875 0.61875 0.63125 0.621875 0.6375
3 0.23125 0.5734375 0.2359375 0.58125 0.234375 0.5890625 0.23125 0.5921875 0.21875 0.5890625 0.21875 0.5828125 0.221875 0.5765625 0.225 0.5734375 0.2296875 0.5734375
3 0.0796875 0.59375 0.08125 0.5796875 0.0859375 0.575 0.090625 0.578125 0.0890625 0.5890625 0.084375 0.59375 0.08125 0.59375
3 0.5640625 0.65625 0.5671875 0.665625 0.5640625 0.6796875 0.559375 0.68125 0.5578125 0.678125 0.559375 0.6609375 0.5625 0.6578125
3 0.2765625 0.61875 0.28125 0.60625 0.2890625 0.6015625 0.2953125 0.6109375 0.2953125 0.615625 0.2859375 0.621875 0.278125 0.621875 0.278125 0.6203125
3 0.6516840277777778 0.6822453703703704 0.013009259259259309 0.03446759259259267
3 0.1 0.5703125 0.103125 0.571875 0.1015625 0.5921875 0.0953125 0.5890625 0.0953125 0.5796875 0.1 0.571875
5 0.584375 0.5703125 0.590625 0.5734375 0.590625 0.5796875 0.5859375 0.5890625 0.5796875 0.590625 0.5765625 0.5859375 0.5796875 0.571875 0.5828125 0.571875
5 0.1875 0.615625 0.1890625 0.6203125 0.1875 0.6453125 0.178125 0.6515625 0.175 0.659375 0.159375 0.6609375 0.15 0.665625 0.1421875 0.675 0.134375 0.6734375 0.128125 0.6765625 0.1125 0.671875 0.109375 0.665625 0.1125 0.65 0.1171875 0.6453125 0.1203125 0.6375 0.1421875 0.6203125 0.15 0.6171875 0.1609375 0.6140625 0.1859375 0.615625
5 0.01875 0.653125 0.0265625 0.6453125 0.046875 0.6375 0.053125 0.6328125 0.065625 0.6296875 0.071875 0.625 0.075 0.6265625 0.0828125 0.6234375 0.0984375 0.625 0.103125 0.634375 0.1015625 0.646875 0.103125 0.659375 0.0921875 0.675 0.0890625 0.678125 0.08125 0.6765625 0.0671875 0.6828125 0.0546875 0.690625 0.0484375 0.6984375 0.0421875 0.696875 0.0328125 0.6984375 0.01875 0.6953125 0.0046875 0.696875 0.0046875 0.684375 0.0078125 0.6703125 0.01875 0.6546875
5 0.21875 0.603125 0.2296875 0.5984375 0.25 0.596875 0.2546875 0.609375 0.253125 0.621875 0.2453125 0.6328125 0.234375 0.63125 0.2296875 0.634375 0.225 0.634375 0.21875 0.6421875 0.215625 0.6421875 0.209375 0.6390625 0.20625 0.640625 0.2015625 0.6390625 0.1984375 0.6328125 0.2 0.6234375 0.203125 0.61875 0.2109375 0.615625 0.215625 0.60625 0.21875 0.6046875
5 0.4671875 0.5546875 0.4703125 0.5578125 0.471875 0.565625 0.4703125 0.571875 0.4625 0.5734375 0.459375 0.5765625 0.4515625 0.575 0.4515625 0.5625 0.45625 0.5578125 0.465625 0.5546875
0 0.290625 0.5703125 0.2921875 0.571875 0.296875 0.5703125 0.3015625 0.5734375 0.3015625 0.5828125 0.2953125 0.5953125 0.2859375 0.5953125 0.2828125 0.5984375 0.275 0.5953125 0.2703125 0.5890625 0.2625 0.5890625 0.259375 0.584375 0.2640625 0.5796875 0.2640625 0.5765625 0.26875 0.5734375 0.278125 0.5734375 0.2890625 0.5703125
4 0.33749421296296295 0.5830324074074074 0.036655092592592586 0.048703703703703735
2 0.278125 0.596875 0.2796875 0.6 0.278125 0.6109375 0.275 0.6140625 0.2578125 0.61875 0.2515625 0.59375 0.2546875 0.590625 0.271875 0.590625 0.2765625 0.596875
2 0.46875 0.575 0.4765625 0.58125 0.478125 0.584375 0.4765625 0.5875 0.4609375 0.596875 0.453125 0.5984375 0.45 0.5953125 0.453125 0.5921875 0.453125 0.5859375 0.4609375 0.578125 0.4671875 0.5765625
2 0.6109375 0.7328125 0.621875 0.7359375 0.6328125 0.75 0.63125 0.7734375 0.6234375 0.784375 0.621875 0.796875 0.6171875 0.8 0.615625 0.8046875 0.6046875 0.8015625 0.6 0.796875 0.5875 0.7953125 0.5828125 0.7890625 0.584375 0.7671875 0.5890625 0.759375 0.59375 0.74375 0.596875 0.7421875 0.5984375 0.734375 0.603125 0.73125 0.609375 0.7328125
2 0.5140625 0.6 0.5171875 0.6015625 0.5203125 0.6109375 0.51875 0.621875 0.515625 0.6265625 0.5046875 0.6265625 0.496875 0.621875 0.4875 0.621875 0.484375 0.6203125 0.4828125 0.615625 0.4828125 0.6125 0.4921875 0.60625 0.496875 0.6 0.5 0.5984375 0.5125 0.6
2 0.5671875 0.60625 0.571875 0.609375 0.575 0.628125 0.571875 0.6328125 0.5671875 0.63125 0.5578125 0.634375 0.5546875 0.63125 0.553125 0.61875 0.55625 0.6140625 0.55625 0.609375 0.5609375 0.60625 0.565625 0.60625
2 0.1953125 0.59375 0.2015625 0.603125 0.1984375 0.615625 0.1890625 0.61875 0.1890625 0.615625 0.184375 0.6125 0.159375 0.6125 0.1421875 0.61875 0.134375 0.6265625 0.1296875 0.625 0.13125 0.615625 0.14375 0.609375 0.1546875 0.5984375 0.178125 0.5921875 0.19375 0.59375
2 0.5 0.559375 0.503125 0.5625 0.503125 0.571875 0.5 0.575 0.4921875 0.5765625 0.4859375 0.5734375 0.4875 0.5625 0.4984375 0.559375
2 0.096875 0.6234375 0.1015625 0.628125 0.1046875 0.6390625 0.103125 0.6625 0.09375 0.6703125 0.090625 0.678125 0.0890625 0.6796875 0.0828125 0.678125 0.0734375 0.6796875 0.059375 0.6875 0.05 0.6984375 0.0265625 0.696875 0.0203125 0.7 0.01875 0.696875 0.0140625 0.6953125 0.00625 0.6984375 0.003125 0.696875 0.009375 0.665625 0.01875 0.6546875 0.01875 0.6515625 0.0203125 0.653125 0.025 0.6453125 0.0421875 0.6390625 0.0484375 0.634375 0.065625 0.6296875 0.071875 0.625 0.0953125 0.6234375
2 0.7109375 0.6296875 0.71875 0.6296875 0.728125 0.634375 0.7328125 0.6421875 0.73125 0.646875 0.725 0.6453125 0.7203125 0.646875 0.715625 0.65625 0.7125 0.6578125 0.709375 0.653125 0.7109375 0.63125
2 0.490625 0.5890625 0.496875 0.5921875 0.4953125 0.6 0.4921875 0.60625 0.4890625 0.60625 0.48125 0.6125 0.4640625 0.6109375 0.4609375 0.60625 0.4609375 0.5984375 0.46875 0.5921875 0.4765625 0.590625 0.4796875 0.5875 0.4890625 0.5890625
2 0.053125 0.559375 0.053125 0.5546875 0.0578125 0.5484375 0.0671875 0.55 0.0703125 0.553125 0.0625 0.5609375 0.0546875 0.559375
2 0.3 0.5890625 0.31875 0.575 0.328125 0.575 0.3265625 0.5828125 0.3203125 0.5921875 0.3203125 0.596875 0.315625 0.6015625 0.3078125 0.603125 0.3015625 0.590625
2 0.471875 0.571875 0.471875 0.5625 0.478125 0.5578125 0.484375 0.5625 0.4859375 0.5671875 0.484375 0.571875 0.4734375 0.571875
2 0.334375 0.6140625 0.3328125 0.6046875 0.3359375 0.5984375 0.35 0.5890625 0.3515625 0.5890625 0.353125 0.596875 0.353125 0.6046875 0.35 0.6078125 0.35 0.6125 0.3359375 0.6140625
2 0.4015625 0.8921875 0.4109375 0.896875 0.4234375 0.909375 0.4265625 0.925 0.425 0.9625 0.4203125 0.9734375 0.4203125 0.98125 0.4171875 0.9859375 0.415625 0.996875 0.4125 0.9984375 0.4109375 0.996875 0.3046875 0.9890625 0.2984375 0.9859375 0.284375 0.984375 0.26875 0.984375 0.2796875 0.9609375 0.30625 0.9359375 0.3375 0.9109375 0.34375 0.903125 0.359375 0.8984375 0.371875 0.8984375 0.390625 0.890625 0.4 0.8921875
2 0.4334375 0.593900462962963 0.037986111111111054 0.03309027777777773
2 0.753125 0.6453125 0.76875 0.65 0.7796875 0.6578125 0.78125 0.6625 0.7546875 0.653125 0.753125 0.65 0.75 0.65 0.7484375 0.646875 0.7515625 0.646875
2 0.6734375 0.784375 0.7015625 0.7984375 0.709375 0.8171875 0.7015625 0.8546875 0.690625 0.8734375 0.690625 0.8828125 0.6859375 0.8921875 0.6859375 0.896875 0.675 0.8953125 0.6640625 0.8828125 0.6609375 0.8828125 0.65 0.875 0.640625 0.875 0.6390625 0.8640625 0.640625 0.840625 0.6453125 0.83125 0.646875 0.8203125 0.6640625 0.7859375 0.671875 0.784375
2 0.6109375 0.6453125 0.621875 0.65 0.63125 0.6625 0.6328125 0.6703125 0.6234375 0.6796875 0.6171875 0.678125 0.615625 0.66875 0.60625 0.6734375 0.5921875 0.6671875 0.5890625 0.6546875 0.5953125 0.65 0.6 0.65 0.6046875 0.6453125 0.609375 0.6453125
2 0.5875 0.55 0.5953125 0.5515625 0.5953125 0.5609375 0.5875 0.559375 0.5859375 0.55625 0.5875 0.5515625
2 0.0328125 0.5578125 0.04375 0.5609375 0.0453125 0.575 0.0359375 0.578125 0.0296875 0.584375 0.021875 0.5828125 0.0203125 0.5703125 0.0234375 0.5640625 0.028125 0.559375 0.03125 0.559375
2 0.5703125 0.5671875 0.5703125 0.578125 0.5625 0.5828125 0.5609375 0.5671875 0.5625 0.565625 0.56875 0.5671875
2 0.56875 0.5515625 0.571875 0.5546875 0.571875 0.5625 0.56875 0.5640625 0.5640625 0.5625 0.565625 0.553125 0.5671875 0.553125