5 0.6015625 0.5546875 0.6046875 0.559375 0.603125 0.5734375 0.5984375 0.5734375 0.59375 0.5703125 0.5953125 0.55625 0.6 0.5546875
5 0.546875 0.5671875 0.5484375 0.5546875 0.5578125 0.553125 0.559375 0.5671875 0.5515625 0.571875 0.5484375 0.571875 0.5484375 0.56875
5 0.240625 0.5953125 0.240625 0.61875 0.2390625 0.6203125 0.23125 0.6234375 0.225 0.6296875 0.2203125 0.63125 0.2171875 0.628125 0.2046875 0.628125 0.196875 0.634375 0.1859375 0.63125 0.184375 0.6265625 0.1875 0.6125 0.1921875 0.6046875 0.20625 0.5984375 0.2390625 0.5953125
5 0.090625 0.64375 0.134375 0.6265625 0.1484375 0.6265625 0.1515625 0.6375 0.15 0.6578125 0.140625 0.6671875 0.1375 0.665625 0.1171875 0.671875 0.109375 0.6796875 0.084375 0.6796875 0.0828125 0.68125 0.0796875 0.6796875 0.078125 0.665625 0.084375 0.6515625 0.090625 0.6453125
5 0.2703125 0.615625 0.26875 0.6078125 0.2734375 0.5953125 0.2828125 0.5875 0.303125 0.5828125 0.309375 0.584375 0.3109375 0.5921875 0.290625 0.60625 0.2859375 0.615625 0.275 0.6171875 0.271875 0.615625
5 0.5953125 0.575 0.6 0.5765625 0.603125 0.58125 0.603125 0.5953125 0.6 0.603125 0.5875 0.6015625 0.58125 0.596875 0.5828125 0.578125 0.5859375 0.575 0.59375 0.575
3 0.703125 0.6390625 0.709375 0.6390625 0.7125 0.64375 0.7109375 0.6609375 0.7078125 0.6609375 0.7 0.6546875 0.7 0.6453125 0.703125 0.640625
3 0.240625 0.640625 0.2453125 0.646875 0.2453125 0.65625 0.240625 0.6625 0.2328125 0.665625 0.228125 0.665625 0.228125 0.6578125 0.234375 0.64375 0.2390625 0.640625
3 0.596875 0.734375 0.603125 0.734375 0.6078125 0.7390625 0.60625 0.75 0.6078125 0.7609375 0.60625 0.7671875 0.6015625 0.7703125 0.596875 0.7625 0.5953125 0.7484375 0.596875 0.7359375
3 0.546875 0.5890625 0.55 0.59375 0.55 0.6015625 0.5453125 0.603125 0.546875 0.590625
3 0.115625 0.6078125 0.1203125 0.6171875 0.11875 0.6234375 0.1125 0.6234375 0.1140625 0.609375
3 0.3421875 0.590625 0.3421875 0.6 0.3390625 0.603125 0.334375 0.603125 0.328125 0.5984375 0.3328125 0.590625 0.340625 0.590625
3 0.5859375 0.65625 0.5890625 0.65625 0.5921875 0.6609375 0.5921875 0.684375 0.590625 0.6875 0.5875 0.6875 0.584375 0.6734375 0.5859375 0.6578125
3 0.728125 0.6828125 0.728125 0.7078125 0.73125 0.7109375 0.7359375 0.690625 0.74375 0.6828125 0.7421875 0.6765625 0.7484375 0.675 0.75 0.678125 0.75 0.6828125 0.746875 0.6875 0.7484375 0.71875 0.7375 0.7203125 0.725 0.7140625 0.7203125 0.7140625 0.7171875 0.7109375 0.71875 0.696875 0.7265625 0.684375
3 0.3046875 0.61875 0.3140625 0.6203125 0.315625 0.6234375 0.3140625 0.63125 0.3078125 0.6359375 0.2984375 0.6375 0.3 0.625 0.303125 0.6203125
3 0.575 0.590625 0.5765625 0.60625 0.575 0.6078125 0.571875 0.60625 0.5734375 0.5921875
1 0.640625 0.575 0.653125 0.5796875 0.6609375 0.5875 0.6828125 0.6 0.6859375 0.609375 0.684375 0.6546875 0.6828125 0.65625 0.653125 0.6546875 0.6234375 0.6265625 0.6203125 0.6125 0.6234375 0.5796875 0.63125 0.575 0.6390625 0.575
2 0.7765625 0.615625 0.796875 0.625 0.7984375 0.6265625 0.796875 0.6296875 0.7828125 0.6234375 0.775 0.6234375 0.7671875 0.6203125 0.765625 0.61875 0.7671875 0.615625 0.775 0.615625
2 0.578125 0.55 0.5796875 0.5515625 0.578125 0.5640625 0.571875 0.5625 0.571875 0.5546875 0.5765625 0.55
2 0.1375 0.571875 0.1390625 0.5765625 0.1375 0.5796875 0.1328125 0.58125 0.1265625 0.58125 0.125 0.578125 0.1296875 0.5703125 0.1359375 0.571875
2 0.4875 0.5734375 0.4953125 0.58125 0.4953125 0.59375 0.490625 0.5953125 0.4875 0.59375 0.46875 0.5953125 0.4671875 0.59375 0.46875 0.584375 0.4734375 0.5796875 0.4859375 0.575
2 0.609375 0.6609375 0.621875 0.6625 0.6265625 0.665625 0.63125 0.6859375 0.6296875 0.709375 0.625 0.70625 0.609375 0.7078125 0.60625 0.70625 0.60625 0.6703125 0.6046875 0.66875 0.609375 0.6625
2 0.5859375 0.6234375 0.5921875 0.6265625 0.5984375 0.6421875 0.596875 0.659375 0.59375 0.659375 0.5890625 0.653125 0.5828125 0.6546875 0.58125 0.6578125 0.5734375 0.646875 0.571875 0.6375 0.5734375 0.6296875 0.5765625 0.625 0.584375 0.6234375
2 0.934375 0.65625 0.9421875 0.6578125 0.9453125 0.6609375 0.9453125 0.678125 0.934375 0.6765625 0.928125 0.671875 0.921875 0.671875 0.9140625 0.6671875 0.90625 0.665625 0.90625 0.6609375 0.909375 0.65625 0.9328125 0.65625
2 0.0578125 0.6 0.059375 0.603125 0.0546875 0.60625 0.053125 0.615625 0.0453125 0.621875 0.0375 0.6203125 0.0359375 0.6171875 0.0390625 0.603125 0.0421875 0.6 0.05 0.5984375 0.05625 0.6
2 0.4796875 0.56875 0.484375 0.5703125 0.484375 0.5734375 0.465625 0.5859375 0.4625 0.58125 0.4625 0.5765625 0.46875 0.5703125 0.478125 0.5703125
2 0.5703125 0.5640625 0.5765625 0.5640625 0.5796875 0.5671875 0.578125 0.58125 0.56875 0.58125 0.5703125 0.565625
2 0.7375 0.6046875 0.746875 0.609375 0.7484375 0.6140625 0.7390625 0.6125 0.7359375 0.615625 0.7359375 0.6203125 0.73125 0.6296875 0.7265625 0.6265625 0.728125 0.615625 0.7265625 0.60625 0.7359375 0.6046875
2 0.3671875 0.5875 0.36875 0.5890625 0.36875 0.60625 0.365625 0.609375 0.3578125 0.6109375 0.3484375 0.6109375 0.3484375 0.6015625 0.3515625 0.5953125 0.365625 0.5875
2 0.4453125 0.56875 0.446875 0.5703125 0.4328125 0.5828125 0.43125 0.575 0.4328125 0.5703125 0.4375 0.5671875 0.44375 0.56875
2 0.55 0.5734375 0.5546875 0.5703125 0.559375 0.5703125 0.5625 0.58125 0.5609375 0.5921875 0.5515625 0.5921875 0.5484375 0.578125 0.55 0.575
2 0.06875 0.5875 0.0828125 0.5859375 0.0859375 0.5890625 0.0734375 0.5984375 0.065625 0.596875 0.06875 0.5890625
2 0 0.6296875 0.00625 0.63125 0.009375 0.6375 0.0078125 0.64375 0.003125 0.6484375 0 0.6484375 0 0.63125
2 0.5046875 0.5625 0.509375 0.5671875 0.5109375 0.575 0.5046875 0.58125 0.5 0.5828125 0.49375 0.578125 0.490625 0.5703125 0.4984375 0.5625 0.503125 0.5625
2 0.4578125 0.5734375 0.4640625 0.5890625 0.4625 0.5921875 0.440625 0.5953125 0.434375 0.5953125 0.434375 0.584375 0.4375 0.5796875 0.4453125 0.5734375 0.45625 0.5734375
2 0.3984375 0.5828125 0.403125 0.584375 0.403125 0.590625 0.4 0.596875 0.3984375 0.584375
2 0.88125 0.73125 0.8953125 0.7328125 0.896875 0.740625 0.8953125 0.7609375 0.8875 0.7578125 0.8703125 0.7578125 0.859375 0.765625 0.853125 0.75625 0.853125 0.7390625 0.8625 0.73125 0.8796875 0.73125
2 0.5984375 0.540625 0.603125 0.54375 0.603125 0.5515625 0.5984375 0.553125 0.596875 0.5515625 0.5984375 0.5421875
2 0.5859375 0.54375 0.5890625 0.5515625 0.5875 0.55625 0.584375 0.5578125 0.5796875 0.5546875 0.58125 0.5453125 0.584375 0.54375
2 0.325 0.5984375 0.328125 0.603125 0.3265625 0.6125 0.3140625 0.6171875 0.309375 0.6109375 0.30625 0.6109375 0.303125 0.615625 0.29375 0.6203125 0.2890625 0.6171875 0.2890625 0.6109375 0.3015625 0.6 0.309375 0.5953125 0.3203125 0.5953125 0.3234375 0.5984375