5 0.808744212962963 0.6412152777777778 0.06123842592592581 0.04152777777777779
2 0.3427951388888889 0.70984375 0.061550925925925884 0.08371527777777779
2 0.6898321759259259 0.6210995370370369 0.03773148148148149 0.03180555555555564
2 0.19880787037037037 0.6799421296296296 0.10520833333333335 0.07186342592592591
2 0.3827141203703704 0.8248900462962963 0.10732638888888886 0.1468865740740739
2 0.8775983796296296 0.6542592592592593 0.05182870370370374 0.036701388888888783
2 0.7801678240740741 0.6861747685185186 0.07234953703703706 0.06512731481481478
2 0.4349363425925926 0.5967476851851852 0.02833333333333332 0.028541666666666642
2 0.26329861111111114 0.6313252314814815 0.059699074074074064 0.044629629629629616
2 0.2885416666666667 0.6637673611111111 0.041006944444444395 0.052164351851851976
2 0.5298379629629629 0.8563078703703704 0.12599537037037045 0.1362268518518519
4 0.33836805555555555 0.6395891203703703 0.05666666666666664 0.057083333333333285