2 0.3364467592592592 0.775 0.07259259259259263 0.096875
2 0.28763310185185187 0.61484375 0.04556712962962965 0.034375
2 0.44316550925925924 0.60625 0.039293981481481485 0.03125
2 0.640798611111111 0.609375 0.03142361111111107 0.0234375
5 0.4569328703703704 0.85703125 0.15287037037037035 0.1765625
2 0.21598379629629633 0.68984375 0.09743055555555555 0.075
2 0.5353935185185186 0.60078125 0.0471643518518519 0.0390625
2 0.8287326388888889 0.65625 0.06908564814814824 0.0453125
2 0.17949074074074076 0.76484375 0.07119212962962962 0.11875
2 0.39468171296296295 0.6125 0.05031249999999998 0.0421875
2 0.9203472222222221 0.628125 0.03456018518518533 0.025
2 0.8169270833333334 0.66796875 0.08952546296296297 0.0625
4 0.7311400462962963 0.64765625 0.056597222222222146 0.046875
2 0.868107638888889 0.71953125 0.09429398148148138 0.0734375
5 0.4203530092592592 0.7328125 0.09140046296296304 0.1046875
2 0.9811747685185186 0.64296875 0.012673611111111071 0.0234375
2 0.801255787037037 0.67421875 0.06280092592592582 0.040625
5 0.3864699074074074 0.66640625 0.04585648148148156 0.0734375
2 0.3399421296296296 0.61953125 0.04092592592592599 0.040625
2 0.5427314814814814 0.559375 0.028275462962962905 0.0203125