3 0.58125 0.565625 0.584375 0.5671875 0.5828125 0.5765625 0.5796875 0.571875 0.58125 0.5671875
3 0.2234375 0.6296875 0.2296875 0.6328125 0.2296875 0.64375 0.21875 0.6515625 0.2140625 0.6515625 0.2140625 0.634375 0.2171875 0.6296875 0.221875 0.6296875
3 0.19375 0.61171875 0.0203125 0.02265625
3 0.1234375 0.703125 0.128125 0.7125 0.1234375 0.7265625 0.1109375 0.73125 0.1015625 0.740625 0.096875 0.7390625 0.096875 0.7296875 0.103125 0.7125 0.1046875 0.7109375 0.1125 0.7125 0.121875 0.7046875
3 0.7390625 0.6578125 0.74375 0.6671875 0.75 0.6578125 0.7546875 0.6578125 0.75625 0.6609375 0.753125 0.66875 0.7515625 0.6875 0.7484375 0.6875 0.74375 0.6828125 0.734375 0.68125 0.73125 0.678125 0.73125 0.6671875 0.734375 0.659375 0.7375 0.6578125
3 0.175 0.6578125 0.1796875 0.65625 0.1828125 0.6609375 0.1890625 0.6578125 0.1921875 0.6609375 0.1890625 0.6734375 0.184375 0.678125 0.171875 0.684375 0.1703125 0.675 0.175 0.659375
3 0.090625 0.646875 0.0953125 0.6546875 0.1015625 0.6484375 0.1046875 0.6484375 0.10625 0.6515625 0.1046875 0.659375 0.1 0.6640625 0.0828125 0.66875 0.0765625 0.6671875 0.0765625 0.6609375 0.078125 0.65625 0.0890625 0.646875
3 0 0.621875 0.0125 0.621875 0.0171875 0.6265625 0.0171875 0.6359375 0.0140625 0.640625 0.0109375 0.640625 0.0078125 0.634375 0.003125 0.6296875 0 0.6296875 0 0.6234375
5 0.053125 0.596875 0.0578125 0.5984375 0.0578125 0.603125 0.053125 0.615625 0.0484375 0.6203125 0.0375 0.6203125 0.0359375 0.6125 0.0390625 0.6 0.0515625 0.596875
5 0.0859375 0.634375 0.084375 0.6296875 0.0859375 0.615625 0.0921875 0.6078125 0.1234375 0.603125 0.128125 0.603125 0.1328125 0.6125 0.1328125 0.6234375 0.128125 0.6296875 0.1125 0.634375 0.109375 0.6375 0.1015625 0.6328125 0.0875 0.634375
5 0.3671875 0.578125 0.36875 0.58125 0.3671875 0.596875 0.359375 0.60625 0.353125 0.60625 0.35 0.609375 0.3421875 0.6109375 0.3359375 0.609375 0.334375 0.5953125 0.3484375 0.5828125 0.365625 0.578125
5 0.671875 0.6296875 0.6796875 0.6328125 0.6953125 0.634375 0.7109375 0.640625 0.7125 0.671875 0.709375 0.6796875 0.6890625 0.6796875 0.6859375 0.684375 0.6828125 0.684375 0.6796875 0.6765625 0.6734375 0.671875 0.66875 0.6703125 0.6546875 0.671875 0.653125 0.6640625 0.6484375 0.659375 0.6484375 0.64375 0.653125 0.634375 0.659375 0.6296875 0.6703125 0.6296875
2 0.36875 0.5984375 0.36875 0.615625 0.359375 0.6140625 0.359375 0.609375 0.3640625 0.6 0.3671875 0.5984375
2 0.7265625 0.6046875 0.7375 0.6046875 0.7546875 0.615625 0.7484375 0.621875 0.7421875 0.6203125 0.7390625 0.621875 0.734375 0.6265625 0.73125 0.634375 0.7265625 0.628125 0.728125 0.6140625 0.7265625 0.60625
2 0.9359375 0.65625 0.9453125 0.6609375 0.9453125 0.678125 0.934375 0.6765625 0.928125 0.671875 0.921875 0.671875 0.9078125 0.6640625 0.9078125 0.659375 0.9109375 0.65625 0.934375 0.65625
2 0.465625 0.571875 0.471875 0.575 0.471875 0.578125 0.4671875 0.5828125 0.4671875 0.5921875 0.446875 0.584375 0.446875 0.578125 0.453125 0.571875 0.4640625 0.571875
2 0.465625 0.5625 0.46875 0.565625 0.46875 0.571875 0.453125 0.56875 0.4640625 0.5625
2 0.5015625 0.565625 0.5046875 0.5640625 0.5140625 0.565625 0.5140625 0.575 0.5109375 0.5796875 0.5 0.578125 0.5015625 0.5671875
2 0.540625 0.5859375 0.5453125 0.5875 0.5484375 0.596875 0.5484375 0.6046875 0.5421875 0.6109375 0.5328125 0.609375 0.51875 0.5984375 0.51875 0.59375 0.5234375 0.5890625 0.53125 0.5859375 0.5390625 0.5859375
2 0.4484375 0.5640625 0.45 0.5703125 0.44375 0.5765625 0.4375 0.5671875 0.4421875 0.5640625 0.446875 0.5640625
2 0.3171875 0.6015625 0.321875 0.60625 0.321875 0.6171875 0.315625 0.6234375 0.3109375 0.6234375 0.3046875 0.6171875 0.29375 0.6171875 0.2921875 0.6140625 0.2921875 0.609375 0.2984375 0.603125 0.315625 0.6015625
2 0.2640625 0.603125 0.26875 0.6078125 0.26875 0.6140625 0.2640625 0.6203125 0.2609375 0.621875 0.2546875 0.6203125 0.2375 0.6265625 0.23125 0.625 0.2296875 0.621875 0.23125 0.6125 0.2484375 0.6 0.25625 0.6 0.2625 0.603125
2 0.3984375 0.58125 0.4046875 0.5875 0.403125 0.6109375 0.4 0.6140625 0.3984375 0.6125 0.3984375 0.5828125
2 0.4328125 0.5671875 0.4359375 0.5671875 0.4421875 0.575 0.440625 0.5859375 0.4328125 0.5890625 0.43125 0.584375 0.4328125 0.56875
2 0.0375 0.653125 0.059375 0.6578125 0.0625 0.6640625 0.0609375 0.6765625 0.0515625 0.678125 0.04375 0.6859375 0.0296875 0.6859375 0.00625 0.6921875 0 0.6921875 0 0.66875 0.0171875 0.65625 0.0359375 0.653125
2 0.5203125 0.6 0.5296875 0.609375 0.5296875 0.6171875 0.525 0.6234375 0.5125 0.6234375 0.5078125 0.6203125 0.5015625 0.621875 0.496875 0.61875 0.496875 0.6078125 0.5 0.6046875 0.5078125 0.6 0.51875 0.6
2 0.49140625 0.59921875 0.0359375 0.02578125
2 0 0.6296875 0.00625 0.63125 0.009375 0.6390625 0.0078125 0.6453125 0 0.6484375 0 0.63125
2 0.6046875 0.553125 0.6078125 0.5546875 0.60625 0.5640625 0.603125 0.559375 0.6046875 0.5546875
2 0.5265625 0.55625 0.528125 0.5625 0.521875 0.565625 0.515625 0.5640625 0.515625 0.5578125 0.51875 0.5546875 0.525 0.55625
2 0.7734375 0.615625 0.78125 0.6171875 0.796875 0.625 0.7984375 0.6296875 0.7671875 0.6203125 0.765625 0.6171875 0.771875 0.615625
2 0.865625 0.7015625 0.8953125 0.7125 0.896875 0.7171875 0.896875 0.7578125 0.8953125 0.7609375 0.865625 0.759375 0.8375 0.7453125 0.8296875 0.7453125 0.8234375 0.7484375 0.8171875 0.74375 0.8125 0.7359375 0.8078125 0.725 0.809375 0.7125 0.8125 0.709375 0.821875 0.70625 0.8453125 0.70625 0.85 0.703125 0.8640625 0.7015625
2 0.596875 0.5390625 0.6015625 0.5390625 0.6 0.55 0.596875 0.55 0.5953125 0.546875 0.596875 0.540625
2 0.4453125 0.5859375 0.4625 0.5921875 0.465625 0.596875 0.465625 0.60625 0.4546875 0.615625 0.434375 0.6125 0.4328125 0.596875 0.440625 0.5875 0.44375 0.5875
2 0.5828125 0.5515625 0.5828125 0.54375 0.5859375 0.540625 0.5890625 0.5421875 0.5890625 0.5515625 0.5875 0.553125 0.584375 0.5515625
4 0.58125 0.5953125 0.5890625 0.6125 0.5890625 0.6203125 0.5859375 0.628125 0.578125 0.625 0.571875 0.6265625 0.5640625 0.6171875 0.565625 0.5984375 0.56875 0.5953125 0.5796875 0.5953125
4 0.27890625 0.63125 0.059375 0.03984375