0 0.6015625 0.5765625 0.6171875 0.578125 0.6234375 0.5828125 0.621875 0.60625 0.61875 0.6078125 0.6078125 0.60625 0.5984375 0.596875 0.5984375 0.5859375 0.6015625 0.578125
3 0.684375 0.646875 0.01171875 0.0234375
3 0.1640625 0.678125 0.16875 0.68125 0.171875 0.6796875 0.175 0.684375 0.175 0.6890625 0.1734375 0.69375 0.1578125 0.70625 0.15625 0.70625 0.15625 0.6921875 0.159375 0.6796875 0.1625 0.678125
3 0.2359375 0.5953125 0.2421875 0.59375 0.2484375 0.5953125 0.25 0.5984375 0.25 0.609375 0.246875 0.6140625 0.2421875 0.6140625 0.2296875 0.609375 0.2296875 0.603125 0.2359375 0.596875
3 0.584375 0.621875 0.5875 0.625 0.5875 0.63125 0.5828125 0.646875 0.571875 0.6421875 0.571875 0.6328125 0.575 0.625 0.578125 0.621875 0.5828125 0.621875
3 0.221875 0.5953125 0.228125 0.603125 0.228125 0.6125 0.2234375 0.6171875 0.21875 0.6140625 0.209375 0.615625 0.203125 0.6125 0.2046875 0.6046875 0.215625 0.5953125 0.2203125 0.5953125
3 0.1140625 0.6046875 0.11875 0.60625 0.1203125 0.6140625 0.1203125 0.621875 0.1125 0.6234375 0.1140625 0.60625
3 0.6640625 0.615625 0.6671875 0.621875 0.6640625 0.6296875 0.659375 0.6296875 0.65625 0.6265625 0.6578125 0.6171875 0.6625 0.615625
3 0.6890625 0.7171875 0.6921875 0.71875 0.6921875 0.73125 0.6890625 0.7453125 0.6859375 0.7484375 0.678125 0.7375 0.678125 0.725 0.6859375 0.7234375 0.6890625 0.71875
3 0.1921875 0.61171875 0.0203125 0.02265625
3 0.3359375 0.6234375 0.3359375 0.615625 0.340625 0.6078125 0.346875 0.609375 0.3484375 0.6203125 0.3453125 0.6234375 0.3375 0.6234375
3 0.0859375 0.7203125 0.09375 0.721875 0.0953125 0.73125 0.0984375 0.7359375 0.10625 0.721875 0.109375 0.721875 0.1109375 0.725 0.1109375 0.73125 0.10625 0.74375 0.09375 0.7484375 0.0828125 0.759375 0.0796875 0.759375 0.078125 0.75625 0.0796875 0.7359375 0.0859375 0.721875
3 0.23125 0.646875 0.234375 0.65 0.234375 0.6625 0.23125 0.6671875 0.221875 0.671875 0.215625 0.671875 0.215625 0.6625 0.2203125 0.653125 0.2296875 0.646875
3 0.5015625 0.5546875 0.5015625 0.5640625 0.4984375 0.5671875 0.4984375 0.55625 0.5 0.55625
3 0.70625 0.6734375 0.7109375 0.68125 0.71875 0.68125 0.7234375 0.675 0.7296875 0.6765625 0.721875 0.7203125 0.71875 0.721875 0.7140625 0.715625 0.7109375 0.703125 0.7 0.69375 0.7 0.6859375 0.703125 0.6765625 0.70625 0.675
3 0.26875 0.61875 0.271875 0.6203125 0.2796875 0.61875 0.2796875 0.6296875 0.265625 0.6375 0.2640625 0.6265625 0.26875 0.6203125
3 0.3140625 0.615625 0.315625 0.6203125 0.3140625 0.628125 0.3078125 0.63125 0.3015625 0.63125 0.303125 0.6171875 0.30625 0.6140625 0.3125 0.6171875
3 0 0.6234375 0.0140625 0.621875 0.0171875 0.6265625 0.0171875 0.6375 0.0109375 0.640625 0.0078125 0.634375 0 0.628125 0 0.625
3 0.64296875 0.61171875 0.01015625 0.0171875
3 0.246875 0.63125 0.2484375 0.6453125 0.2421875 0.65 0.2359375 0.6484375 0.234375 0.640625 0.2375 0.6328125 0.2453125 0.63125
3 0.45 0.575 0.4515625 0.5828125 0.4484375 0.5890625 0.44375 0.5875 0.44375 0.5796875 0.4484375 0.575
3 0.4640625 0.565625 0.465625 0.5796875 0.4609375 0.58125 0.459375 0.578125 0.4625 0.5671875
3 0.4875 0.5671875 0.4890625 0.5703125 0.4875 0.58125 0.484375 0.58125 0.4828125 0.578125 0.4859375 0.56875
3 0.2140625 0.6453125 0.2203125 0.6515625 0.215625 0.6640625 0.2171875 0.671875 0.2046875 0.6703125 0.2046875 0.6625 0.2125 0.646875
5 0.0578125 0.5984375 0.0578125 0.60625 0.0546875 0.6140625 0.0484375 0.6203125 0.0375 0.6203125 0.0359375 0.6125 0.0390625 0.6 0.04375 0.596875 0.05625 0.5984375
5 0 0.69375 0.015625 0.6859375 0.0421875 0.6859375 0.0453125 0.6890625 0.0484375 0.7 0.0484375 0.7234375 0.05 0.725 0.0484375 0.734375 0.0375 0.7421875 0.028125 0.75625 0.0203125 0.7546875 0 0.7640625 0 0.6953125
2 0.43984375 0.57421875 0.0171875 0.0203125
2 0.571875 0.546875 0.5734375 0.55625 0.5671875 0.559375 0.5640625 0.553125 0.5703125 0.546875
2 0.659375 0.6296875 0.665625 0.634375 0.6703125 0.6421875 0.671875 0.646875 0.6703125 0.6625 0.6640625 0.6609375 0.65 0.6625 0.640625 0.65 0.6390625 0.640625 0.6421875 0.63125 0.6578125 0.6296875
2 0.55625 0.5578125 0.5609375 0.5578125 0.5640625 0.5640625 0.5625 0.571875 0.5609375 0.5734375 0.55625 0.571875 0.5546875 0.5703125 0.55625 0.559375
2 0.7265625 0.6046875 0.7375 0.6046875 0.7453125 0.6078125 0.7515625 0.615625 0.7484375 0.61875 0.7390625 0.6171875 0.73125 0.6328125 0.7265625 0.628125 0.728125 0.615625 0.7265625 0.60625
2 0.6 0.7296875 0.6125 0.734375 0.615625 0.740625 0.6171875 0.7484375 0.615625 0.7671875 0.596875 0.7859375 0.5921875 0.7984375 0.590625 0.796875 0.578125 0.7984375 0.559375 0.790625 0.55625 0.7859375 0.55625 0.7625 0.5703125 0.734375 0.578125 0.7265625 0.5890625 0.7265625 0.5984375 0.7296875
2 0.9078125 0.65625 0.9328125 0.65625 0.9453125 0.6609375 0.9453125 0.6765625 0.9421875 0.678125 0.934375 0.6765625 0.928125 0.671875 0.921875 0.671875 0.9140625 0.6671875 0.9078125 0.6671875 0.90625 0.665625 0.9078125 0.6578125
2 0.6 0.553125 0.603125 0.5671875 0.6015625 0.5703125 0.5953125 0.571875 0.5921875 0.56875 0.5921875 0.559375 0.5984375 0.553125
2 0.578125 0.5578125 0.5765625 0.553125 0.58125 0.5453125 0.5859375 0.5484375 0.5859375 0.5546875 0.5796875 0.5578125
2 0.775 0.615625 0.796875 0.625 0.8 0.6296875 0.7671875 0.6203125 0.765625 0.6171875 0.7734375 0.615625
2 0.56875 0.58203125 0.01484375 0.02109375
2 0.6328125 0.653125 0.640625 0.6546875 0.646875 0.6625 0.6515625 0.6765625 0.6515625 0.70625 0.6390625 0.7 0.63125 0.7015625 0.6265625 0.70625 0.6234375 0.70625 0.6203125 0.6875 0.6203125 0.6578125 0.6265625 0.653125 0.63125 0.653125
2 0.57109375 0.60625 0.02265625 0.028125