2 0.5302546296296297 0.6078009259259259 0.0377199074074074 0.02996527777777782
2 0.6641956018518519 0.7611284722222222 0.05998842592592588 0.0832523148148148
2 0.1348784722222222 0.7017418981481482 0.07386574074074073 0.058356481481481384
2 0.7628993055555556 0.692332175925926 0.0942592592592593 0.06944444444444446
2 0.10030671296296297 0.6749247685185186 0.08479166666666668 0.05687500000000014
5 0.569375 0.8268287037037038 0.12769675925925927 0.15406249999999985
2 0.812679398148148 0.7684780092592594 0.06800925925925938 0.11143518518518505
2 0.678744212962963 0.6159317129629629 0.04241898148148149 0.03156250000000007
2 0.588125 0.6160416666666666 0.03784722222222214 0.04715277777777764
2 0.06263888888888888 0.7574537037037037 0.09447916666666667 0.09913194444444447
4 0.23226851851851854 0.6665277777777778 0.06915509259259256 0.055196759259259306
2 0.6271527777777778 0.6116435185185185 0.031481481481481485 0.031481481481481485
2 0.33654513888888893 0.6118344907407407 0.03923611111111107 0.023726851851851905
2 0.45522569444444444 0.6033391203703704 0.033055555555555574 0.033055555555555574
2 0.18069444444444444 0.6645833333333334 0.025219907407407406 0.029872685185185332
5 0.4972164351851852 0.5770891203703703 0.025185185185185154 0.025185185185185154