2 0.66328125 0.66796875 0.07578125 0.0484375
2 0.65625 0.73125 0.04296875 0.0640625
2 0.78671875 0.73984375 0.05703125 0.0796875
2 0.12578125 0.62109375 0.04453125 0.02734375
2 0.765625 0.67421875 0.08125 0.04765625
2 0.47265625 0.6015625 0.03828125 0.025
5 0.53203125 0.60703125 0.0453125 0.0375
5 0.5875 0.7734375 0.09609375 0.12109375
2 0.4671875 0.5734375 0.028125 0.02421875
2 0.51953125 0.5578125 0.01796875 0.0203125
2 0.078125 0.6 0.03125 0.02265625
5 0.5828125 0.63828125 0.0484375 0.05078125
5 0.225 0.62265625 0.07109375 0.05625
2 0.5546875 0.57578125 0.01640625 0.01875