5 0.5146701388888889 0.6055960648148149 0.04085648148148149 0.03155092592592599
5 0.25 0.5984375 0.2546875 0.5953125 0.2671875 0.59375 0.278125 0.5890625 0.2921875 0.5890625 0.29375 0.5921875 0.29375 0.6140625 0.28125 0.615625 0.26875 0.6234375 0.265625 0.6234375 0.2640625 0.6171875 0.2578125 0.6125 0.253125 0.6140625 0.24375 0.6125 0.25 0.6
5 0.3421875 0.58125 0.3453125 0.5828125 0.3578125 0.5796875 0.3625 0.5859375 0.3609375 0.5875 0.3609375 0.60625 0.353125 0.6125 0.353125 0.615625 0.34375 0.615625 0.334375 0.621875 0.3234375 0.621875 0.3171875 0.61875 0.3171875 0.6078125 0.3203125 0.6015625 0.3265625 0.59375 0.33125 0.59375 0.340625 0.5828125
5 0.3703125 0.575 0.3734375 0.5765625 0.3703125 0.6015625 0.3625 0.6015625 0.3609375 0.584375 0.353125 0.5796875 0.36875 0.575
5 0.3421875 0.5796875 0.3484375 0.58125 0.3515625 0.578125 0.3578125 0.578125 0.3640625 0.575 0.3734375 0.5765625 0.371875 0.6 0.3625 0.6015625 0.3609375 0.584375 0.3515625 0.58125 0.340625 0.584375 0.334375 0.5921875 0.3265625 0.59375 0.315625 0.6078125 0.3109375 0.6046875 0.3109375 0.5984375 0.3140625 0.59375 0.3234375 0.584375 0.340625 0.5796875
3 0.0890625 0.7265625 0.09375 0.725 0.10625 0.73125 0.1125 0.7203125 0.1171875 0.725 0.1140625 0.73125 0.115625 0.734375 0.1140625 0.7421875 0.109375 0.746875 0.0953125 0.753125 0.0875 0.7609375 0.084375 0.7546875 0.0875 0.74375 0.0859375 0.7359375 0.0890625 0.728125
3 0.6234375 0.678125 0.628125 0.6796875 0.6265625 0.7046875 0.6234375 0.7046875 0.6203125 0.6984375 0.6203125 0.6875 0.6234375 0.6796875
3 0.596875 0.89375 0.6 0.8890625 0.603125 0.8921875 0.6046875 0.9109375 0.6 0.9125 0.5984375 0.8953125
3 0.11779513888888889 0.6085358796296296 0.009548611111111115 0.02350694444444441
3 0.209375 0.6421875 0.2125 0.6421875 0.2125 0.6578125 0.209375 0.6609375 0.1921875 0.665625 0.1921875 0.6578125 0.1984375 0.64375 0.203125 0.646875 0.209375 0.64375
3 0.5651678240740742 0.5669386574074073 0.004791666666666661 0.01409722222222225
3 0.1875 0.61875 0.1859375 0.609375 0.1890625 0.603125 0.196875 0.5984375 0.2015625 0.5984375 0.203125 0.6015625 0.2046875 0.609375 0.203125 0.6171875 0.1890625 0.61875
3 0.2234375 0.5921875 0.2296875 0.596875 0.2296875 0.6109375 0.2234375 0.6140625 0.2203125 0.6109375 0.2078125 0.609375 0.20625 0.60625 0.2078125 0.6015625 0.221875 0.5921875
3 0.04375 0.690625 0.046875 0.7078125 0.05625 0.7 0.0578125 0.6953125 0.0640625 0.696875 0.0625 0.7125 0.059375 0.715625 0.0453125 0.71875 0.0359375 0.728125 0.03125 0.7203125 0.0375 0.70625 0.0375 0.6984375 0.0421875 0.6921875
3 0.721875 0.7546875 0.725 0.75625 0.725 0.765625 0.7234375 0.778125 0.71875 0.790625 0.715625 0.79375 0.7140625 0.7921875 0.7109375 0.7765625 0.7125 0.7609375 0.7171875 0.7609375 0.721875 0.75625
3 0.59375 0.65625 0.596875 0.6578125 0.5984375 0.6625 0.596875 0.6796875 0.5953125 0.68125 0.5921875 0.678125 0.5921875 0.6578125
3 0.5765625 0.61875 0.58125 0.621875 0.58125 0.63125 0.578125 0.6375 0.575 0.63125 0.5765625 0.6203125
3 0.678125 0.8421875 0.68125 0.8453125 0.6953125 0.8453125 0.696875 0.8484375 0.6953125 0.8578125 0.696875 0.8828125 0.6875 0.9015625 0.684375 0.9046875 0.6828125 0.890625 0.678125 0.884375 0.678125 0.8625 0.675 0.8578125 0.6765625 0.84375
3 0.1046875 0.596875 0.1078125 0.5984375 0.1078125 0.6078125 0.1046875 0.6140625 0.0984375 0.6140625 0.0953125 0.6171875 0.0921875 0.615625 0.0921875 0.6015625 0.103125 0.596875
4 0.50625 0.5515625 0.5078125 0.553125 0.5078125 0.5734375 0.5015625 0.5828125 0.4921875 0.5859375 0.4859375 0.584375 0.4828125 0.565625 0.4890625 0.559375 0.490625 0.5515625 0.5046875 0.5515625
2 0.74375 0.60625 0.753125 0.6109375 0.7578125 0.6171875 0.746875 0.61875 0.740625 0.625 0.7375 0.634375 0.7328125 0.63125 0.73125 0.6078125 0.7421875 0.60625
2 0.934375 0.659375 0.9515625 0.665625 0.953125 0.678125 0.95 0.6828125 0.9140625 0.66875 0.9140625 0.6640625 0.9171875 0.6609375 0.9296875 0.6578125 0.9328125 0.659375
2 0.584375 0.5484375 0.5875 0.5484375 0.590625 0.553125 0.590625 0.5625 0.5828125 0.5640625 0.584375 0.55
2 0.47373263888888884 0.5637094907407407 0.015717592592592578 0.012615740740740743
2 0.575 0.728125 0.5859375 0.7328125 0.6 0.746875 0.603125 0.753125 0.603125 0.765625 0.6 0.7703125 0.6 0.775 0.584375 0.796875 0.578125 0.8171875 0.5703125 0.8125 0.565625 0.8140625 0.553125 0.8078125 0.546875 0.8078125 0.5375 0.7984375 0.5390625 0.7640625 0.54375 0.7578125 0.54375 0.7515625 0.5484375 0.7421875 0.5640625 0.7265625 0.5734375 0.728125
2 0.4765625 0.5703125 0.4828125 0.5765625 0.4828125 0.584375 0.4796875 0.590625 0.465625 0.5953125 0.4546875 0.5953125 0.453125 0.5859375 0.465625 0.5734375 0.475 0.5703125
2 0.6609375 0.659375 0.6734375 0.6625 0.678125 0.6671875 0.68125 0.6875 0.68125 0.709375 0.671875 0.703125 0.659375 0.703125 0.65625 0.7078125 0.653125 0.7078125 0.6515625 0.7046875 0.653125 0.675 0.6546875 0.6671875 0.659375 0.6609375
2 0.24295717592592592 0.6294849537037036 0.04556712962962965 0.03471064814814815
2 0.459375 0.5703125 0.4625 0.5734375 0.459375 0.578125 0.45 0.5890625 0.4453125 0.590625 0.440625 0.590625 0.4359375 0.5859375 0.4375 0.578125 0.45 0.5703125 0.4578125 0.5703125
2 0.40442129629629625 0.593912037037037 0.008032407407407405 0.02974537037037033
2 0.0578125 0.590625 0.0609375 0.5921875 0.0625 0.6078125 0.059375 0.6109375 0.053125 0.6015625 0.0484375 0.60625 0.046875 0.6125 0.0390625 0.6125 0.0390625 0.6015625 0.0484375 0.590625 0.05625 0.590625
2 0.1703125 0.65625 0.178125 0.6578125 0.184375 0.6625 0.184375 0.6765625 0.1765625 0.6875 0.1609375 0.69375 0.146875 0.7078125 0.1203125 0.70625 0.11875 0.6921875 0.14375 0.6625 0.15 0.659375 0.159375 0.659375 0.16875 0.65625
2 0.0734375 0.58125 0.0875 0.5828125 0.075 0.596875 0.0671875 0.59375 0.06875 0.5875 0.0734375 0.5828125
2 0.0140625 0.74375 0.0171875 0.75 0.0171875 0.765625 0.015625 0.7734375 0.00625 0.7828125 0.00625 0.7453125 0.0125 0.74375
2 0.27890625 0.6307812500000001 0.04400462962962966 0.03469907407407406
2 0.0234375 0.6234375 0.028125 0.6296875 0.028125 0.6453125 0.025 0.65 0.0109375 0.6515625 0.00625 0.6546875 0.0046875 0.6546875 0.0046875 0.6265625 0.0109375 0.6234375 0.021875 0.6234375
2 0.6015625 0.540625 0.6078125 0.5421875 0.6078125 0.553125 0.6046875 0.55625 0.6 0.5546875 0.6015625 0.5421875
2 0.7828125 0.61875 0.7984375 0.625 0.8046875 0.6328125 0.775 0.6234375 0.771875 0.6203125 0.7734375 0.61875 0.78125 0.61875
2 0.65 0.6203125 0.6515625 0.625 0.65625 0.628125 0.6609375 0.6421875 0.659375 0.6578125 0.6515625 0.6671875 0.646875 0.665625 0.6375 0.6671875 0.63125 0.659375 0.621875 0.659375 0.6171875 0.65625 0.6125 0.65625 0.609375 0.65 0.6109375 0.634375 0.61875 0.6328125 0.625 0.6234375 0.63125 0.6234375 0.6375 0.6171875 0.6484375 0.6203125
5 0.084375 0.58125 0.090625 0.584375 0.096875 0.584375 0.0984375 0.5859375 0.096875 0.5921875 0.09375 0.5953125 0.075 0.5984375 0.0703125 0.596875 0.0671875 0.590625 0.075 0.58125 0.0828125 0.58125