0 0.0546875 0.628125 0.05625 0.6296875 0.0640625 0.628125 0.06875 0.6328125 0.065625 0.653125 0.0671875 0.6625 0.065625 0.665625 0.053125 0.6703125 0.0515625 0.6734375 0.0453125 0.6671875 0.04375 0.66875 0.021875 0.665625 0 0.6734375 0 0.646875 0.021875 0.6359375 0.0375 0.6328125 0.0453125 0.628125 0.053125 0.628125
3 0.578125 0.5828125 0.5765625 0.575 0.5796875 0.5703125 0.5828125 0.571875 0.5796875 0.5828125
3 0.2328125 0.58125 0.234375 0.59375 0.23125 0.5984375 0.2171875 0.5984375 0.215625 0.59375 0.221875 0.58125 0.225 0.5796875 0.23125 0.58125
3 0.48125 0.6015625 0.4890625 0.60625 0.490625 0.609375 0.4890625 0.615625 0.484375 0.6171875 0.478125 0.6140625 0.4765625 0.6078125 0.4796875 0.603125
3 0.0578125 0.709375 0.0609375 0.7125 0.06875 0.709375 0.071875 0.7109375 0.06875 0.715625 0.06875 0.728125 0.0578125 0.734375 0.05 0.7359375 0.040625 0.746875 0.0359375 0.7453125 0.0375 0.7328125 0.046875 0.7140625 0.053125 0.7078125 0.05625 0.709375
3 0.0921875 0.603125 0.09375 0.59375 0.1 0.5875 0.1046875 0.5875 0.1078125 0.59375 0.10625 0.60625 0.1 0.6078125 0.09375 0.6046875
3 0.23125 0.60625 0.2359375 0.6046875 0.2359375 0.6078125 0.240625 0.6109375 0.240625 0.625 0.234375 0.63125 0.2328125 0.621875 0.2296875 0.6171875 0.23125 0.6078125
3 0.2453125 0.5953125 0.2546875 0.590625 0.2578125 0.5984375 0.2578125 0.6046875 0.253125 0.609375 0.2421875 0.6125 0.240625 0.603125 0.2453125 0.596875
3 0.1125 0.65625 0.1234375 0.6546875 0.1265625 0.6578125 0.125 0.675 0.1109375 0.684375 0.1078125 0.6828125 0.1078125 0.6734375 0.1125 0.6578125
3 0.18125 0.5859375 0.184375 0.59375 0.18125 0.6046875 0.165625 0.603125 0.1640625 0.5953125 0.1703125 0.584375 0.1796875 0.5859375
3 0.20625 0.5859375 0.2109375 0.5859375 0.2125 0.590625 0.2109375 0.6015625 0.2046875 0.603125 0.2015625 0.5953125 0.20625 0.5875
3 0.1 0.6734375 0.1078125 0.68125 0.1046875 0.6859375 0.1015625 0.7 0.09375 0.7046875 0.0875 0.7046875 0.0828125 0.7109375 0.0796875 0.709375 0.078125 0.7046875 0.084375 0.7015625 0.0875 0.696875 0.0859375 0.684375 0.0890625 0.68125 0.0890625 0.671875 0.0953125 0.66875 0.0984375 0.6734375
3 0.2921875 0.584375 0.296875 0.5828125 0.3 0.5859375 0.3 0.59375 0.296875 0.596875 0.2890625 0.5953125 0.2921875 0.5859375
3 0.6344155092592592 0.6732638888888889 0.011423611111111055 0.03297453703703708
3 0.3125 0.5890625 0.3171875 0.5953125 0.315625 0.6046875 0.3015625 0.60625 0.303125 0.596875 0.3109375 0.590625
3 0.3375 0.578125 0.3359375 0.590625 0.33125 0.59375 0.325 0.5921875 0.3265625 0.58125 0.33125 0.578125 0.3359375 0.578125
3 0.2587673611111111 0.6171238425925927 0.01597222222222223 0.02366898148148149
3 0.284375 0.59375 0.2890625 0.6015625 0.2875 0.6078125 0.275 0.6125 0.275 0.603125 0.2796875 0.5953125 0.2828125 0.5953125
4 0.5328125 0.5921875 0.540625 0.5953125 0.5421875 0.6015625 0.5515625 0.6078125 0.5515625 0.61875 0.546875 0.6265625 0.5328125 0.625 0.5203125 0.61875 0.515625 0.6203125 0.5125 0.61875 0.5109375 0.6140625 0.5125 0.6015625 0.53125 0.5921875
4 0.5875 0.6671875 0.6 0.678125 0.6015625 0.6875 0.5984375 0.6984375 0.5984375 0.7125 0.590625 0.728125 0.571875 0.7265625 0.5640625 0.73125 0.559375 0.7234375 0.559375 0.7015625 0.5671875 0.6875 0.56875 0.678125 0.5734375 0.66875 0.5859375 0.6671875
4 0.678125 0.6125 0.6859375 0.625 0.7109375 0.6328125 0.715625 0.640625 0.715625 0.6484375 0.7046875 0.659375 0.703125 0.6640625 0.690625 0.665625 0.6875 0.665625 0.678125 0.6546875 0.6765625 0.65625 0.6703125 0.653125 0.665625 0.6546875 0.6578125 0.6421875 0.6578125 0.6296875 0.6625 0.615625 0.6765625 0.6125
5 0.4453125 0.55625 0.459375 0.5578125 0.45625 0.5765625 0.4484375 0.5796875 0.4359375 0.571875 0.4375 0.565625 0.44375 0.5578125
2 0.9078125 0.665625 0.9171875 0.6671875 0.9296875 0.6734375 0.93125 0.684375 0.928125 0.690625 0.91875 0.6890625 0.9109375 0.6828125 0.890625 0.6765625 0.89375 0.6671875 0.90625 0.665625
2 0.3546875 0.5796875 0.3546875 0.5953125 0.3515625 0.60625 0.3453125 0.60625 0.3421875 0.596875 0.3453125 0.59375 0.346875 0.584375 0.353125 0.5796875
2 0.5734375 0.621875 0.5796875 0.625 0.5859375 0.640625 0.584375 0.65625 0.5796875 0.6578125 0.571875 0.6546875 0.565625 0.6578125 0.565625 0.6546875 0.5578125 0.646875 0.55625 0.634375 0.559375 0.628125 0.571875 0.6234375
2 0.5453125 0.7609375 0.546875 0.7625 0.5546875 0.7609375 0.5578125 0.7640625 0.5671875 0.765625 0.58125 0.7765625 0.5828125 0.8078125 0.5796875 0.8125 0.578125 0.8265625 0.559375 0.83125 0.55 0.840625 0.55 0.84375 0.54375 0.8484375 0.540625 0.865625 0.534375 0.875 0.53125 0.875 0.528125 0.86875 0.5140625 0.8671875 0.4953125 0.8546875 0.49375 0.85 0.4875 0.84375 0.4875 0.8359375 0.490625 0.80625 0.5 0.7828125 0.521875 0.7625 0.5328125 0.7578125 0.54375 0.7609375
2 0.46875 0.5890625 0.478125 0.5984375 0.478125 0.6078125 0.475 0.6125 0.446875 0.609375 0.446875 0.6 0.4578125 0.590625 0.4671875 0.5890625
2 0.7140625 0.609375 0.7171875 0.6078125 0.728125 0.609375 0.7359375 0.6171875 0.7359375 0.61875 0.7265625 0.61875 0.7171875 0.6296875 0.7140625 0.6296875 0.715625 0.628125 0.7140625 0.6109375
2 0.490625 0.5828125 0.4984375 0.5859375 0.503125 0.59375 0.5015625 0.6015625 0.49375 0.60625 0.4828125 0.603125 0.478125 0.59375 0.478125 0.5890625 0.4828125 0.584375 0.4890625 0.5828125
2 0.884375 0.75 0.89375 0.7515625 0.896875 0.7765625 0.8890625 0.7921875 0.884375 0.79375 0.88125 0.7890625 0.88125 0.78125 0.884375 0.775 0.884375 0.7515625
2 0.20625 0.6046875 0.215625 0.609375 0.215625 0.615625 0.2015625 0.61875 0.1921875 0.625 0.18125 0.634375 0.1734375 0.6453125 0.165625 0.64375 0.1640625 0.6296875 0.1890625 0.60625 0.2046875 0.6046875
2 0.425 0.584375 0.4265625 0.60625 0.425 0.6078125 0.415625 0.60625 0.4171875 0.5875 0.4234375 0.5859375
2 0.425 0.571875 0.4296875 0.575 0.425 0.584375 0.4203125 0.5875 0.4171875 0.584375 0.4171875 0.5734375 0.4234375 0.571875
2 0.546875 0.5328125 0.5515625 0.53125 0.5546875 0.534375 0.5546875 0.5375 0.546875 0.5421875 0.54375 0.540625 0.546875 0.534375
2 0.46952546296296305 0.5733854166666668 0.020659722222222232 0.0237384259259259
2 0.228125 0.6171875 0.2328125 0.6234375 0.23125 0.625 0.2328125 0.6296875 0.23125 0.6421875 0.225 0.646875 0.209375 0.65 0.1984375 0.659375 0.1765625 0.65625 0.175 0.6421875 0.1875 0.6296875 0.203125 0.61875 0.2109375 0.6203125 0.215625 0.6171875 0.2265625 0.6171875
2 0.4203125 0.5609375 0.43125 0.5625 0.43125 0.5703125 0.4265625 0.575 0.41875 0.571875 0.4203125 0.5625
2 0.0234375 0.66875 0.025 0.6703125 0.04375 0.66875 0.0484375 0.671875 0.05 0.6859375 0.046875 0.709375 0.0375 0.721875 0.0328125 0.7234375 0.0265625 0.721875 0 0.7359375 0 0.675 0.009375 0.675 0.021875 0.66875
2 0.559375 0.553125 0.5625 0.5546875 0.5625 0.5671875 0.559375 0.571875 0.5515625 0.5703125 0.553125 0.5546875 0.5578125 0.553125
2 0.671875 0.70625 0.684375 0.7203125 0.6828125 0.76875 0.6765625 0.775 0.6546875 0.7671875 0.646875 0.76875 0.6453125 0.765625 0.6515625 0.71875 0.6578125 0.709375 0.6625 0.70625 0.6703125 0.70625
2 0.428125 0.58125 0.4453125 0.5796875 0.4546875 0.5859375 0.4546875 0.59375 0.44375 0.603125 0.4375 0.6 0.43125 0.6015625 0.4265625 0.5984375 0.428125 0.5828125
2 0.571875 0.5359375 0.575 0.5375 0.5765625 0.54375 0.575 0.546875 0.56875 0.5484375 0.5703125 0.5375
2 0.7546875 0.621875 0.7640625 0.621875 0.78125 0.6296875 0.784375 0.634375 0.78125 0.6375 0.775 0.6328125 0.7609375 0.6296875 0.7546875 0.6234375
2 0.48677083333333326 0.569224537037037 0.0206828703703704 0.0253009259259259
2 0.621875 0.6203125 0.6234375 0.621875 0.6390625 0.6203125 0.65 0.625 0.6546875 0.6296875 0.653125 0.653125 0.6453125 0.659375 0.6421875 0.659375 0.6375 0.653125 0.63125 0.6546875 0.6265625 0.65 0.6109375 0.646875 0.60625 0.6390625 0.60625 0.63125 0.6203125 0.621875
2 0.590625 0.5375 0.5890625 0.546875 0.5828125 0.546875 0.5828125 0.5421875 0.5890625 0.5375
2 0.515625 0.546875 0.5203125 0.55 0.51875 0.5609375 0.5125 0.5609375 0.5109375 0.5578125 0.5109375 0.5515625 0.5140625 0.5484375
2 0.028784722222222225 0.5877256944444444 0.026956018518518515 0.026956018518518476
2 0.3484375 0.58125 0.3515625 0.5796875 0.3546875 0.58125 0.3546875 0.5953125 0.3515625 0.60625 0.3453125 0.60625 0.3421875 0.603125 0.3421875 0.596875 0.3453125 0.59375 0.3453125 0.5875 0.3484375 0.5828125