3 0.171875 0.6765625 0.178125 0.6828125 0.18125 0.678125 0.1859375 0.678125 0.184375 0.69375 0.1734375 0.696875 0.1671875 0.7046875 0.1640625 0.703125 0.1640625 0.690625 0.1703125 0.678125
3 0.353125 0.6046875 0.35625 0.6046875 0.3578125 0.6109375 0.3625 0.615625 0.3625 0.6203125 0.359375 0.6234375 0.3484375 0.625 0.346875 0.6203125 0.353125 0.60625
3 0.1234375 0.6109375 0.128125 0.6125 0.128125 0.6203125 0.1234375 0.628125 0.1125 0.625 0.1125 0.615625 0.121875 0.6125
3 0.2484375 0.59375 0.25 0.596875 0.2484375 0.6125 0.2453125 0.6140625 0.2421875 0.6125 0.2421875 0.5953125 0.246875 0.5953125
3 0.640625 0.6421875 0.64375 0.640625 0.646875 0.6421875 0.646875 0.6625 0.6453125 0.6640625 0.6421875 0.6625 0.640625 0.6578125 0.640625 0.64375
3 0.0125 0.621875 0.0171875 0.628125 0.0140625 0.640625 0.009375 0.640625 0.0078125 0.634375 0.003125 0.6296875 0 0.6296875 0 0.6234375 0.0109375 0.621875
3 0.15625 0.6390625 0.1625 0.634375 0.165625 0.6375 0.1625 0.6578125 0.153125 0.65625 0.14375 0.6609375 0.1390625 0.6609375 0.1390625 0.653125 0.14375 0.64375 0.146875 0.640625 0.15 0.64375 0.15625 0.640625
5 0.2390625 0.5953125 0.240625 0.6171875 0.2265625 0.628125 0.215625 0.625 0.20625 0.6265625 0.2 0.63125 0.190625 0.6265625 0.190625 0.615625 0.19375 0.6078125 0.2015625 0.6 0.2265625 0.5953125 0.2375 0.5953125
5 0.8890625 0.703125 0.896875 0.7078125 0.896875 0.7234375 0.89375 0.73125 0.896875 0.7421875 0.8953125 0.7609375 0.8875 0.75625 0.865625 0.75625 0.8609375 0.753125 0.859375 0.7484375 0.8609375 0.7328125 0.8671875 0.7203125 0.8796875 0.70625 0.8875 0.703125
5 0.4890625 0.55625 0.4875 0.5640625 0.475 0.5671875 0.4734375 0.5671875 0.4734375 0.5609375 0.4765625 0.5578125 0.4875 0.55625
2 0.7375 0.6046875 0.7546875 0.615625 0.7484375 0.6203125 0.7375 0.6203125 0.7328125 0.625 0.73125 0.63125 0.7265625 0.6265625 0.728125 0.615625 0.7265625 0.60625 0.7359375 0.6046875
2 0.93125 0.65625 0.9390625 0.6578125 0.9453125 0.6625 0.9453125 0.678125 0.9359375 0.6765625 0.9296875 0.671875 0.9234375 0.671875 0.9125 0.665625 0.9078125 0.665625 0.9078125 0.6609375 0.9125 0.6578125 0.9296875 0.65625
2 0.2828125 0.628125 0.0484375 0.0375
2 0.609375 0.6640625 0.6078125 0.6625 0.590625 0.6625 0.5875 0.659375 0.584375 0.6421875 0.5859375 0.625 0.5890625 0.621875 0.603125 0.621875 0.6078125 0.6265625 0.6125 0.646875 0.6109375 0.6625
2 0.525 0.5875 0.5296875 0.590625 0.53125 0.6 0.5296875 0.609375 0.5265625 0.6125 0.51875 0.6125 0.5140625 0.609375 0.5046875 0.6109375 0.496875 0.609375 0.496875 0.6 0.5015625 0.5953125 0.5125 0.5875 0.5234375 0.5875
2 0.4703125 0.5890625 0.4765625 0.5953125 0.4765625 0.60625 0.4671875 0.615625 0.4375 0.6140625 0.434375 0.6109375 0.434375 0.6 0.4515625 0.5890625 0.459375 0.5875 0.46875 0.5890625
2 0.4984375 0.5671875 0.5 0.5765625 0.49375 0.58125 0.48125 0.5796875 0.48125 0.5734375 0.490625 0.565625 0.496875 0.5671875
2 0.47890625 0.57265625 0.01875 0.01953125
2 0.575 0.565625 0.5796875 0.5703125 0.5796875 0.5875 0.578125 0.5890625 0.56875 0.5875 0.56875 0.5703125 0.5734375 0.565625
2 0.44375 0.565625 0.4453125 0.5671875 0.44375 0.575 0.4328125 0.5765625 0.43125 0.575 0.4328125 0.5671875 0.4421875 0.565625
2 0.36875 0.578125 0.3671875 0.5921875 0.3609375 0.59375 0.353125 0.6015625 0.35 0.6 0.3515625 0.5890625 0.3625 0.578125 0.3671875 0.578125
2 0.4640625 0.5765625 0.46875 0.5796875 0.4671875 0.5875 0.4609375 0.5890625 0.45625 0.5875 0.45 0.590625 0.446875 0.5890625 0.4484375 0.5828125 0.453125 0.578125 0.4625 0.5765625
2 0.4328125 0.5953125 0.43125 0.58125 0.4375 0.575 0.4421875 0.575 0.446875 0.578125 0.446875 0.5875 0.44375 0.5921875 0.434375 0.5953125
2 0 0.6609375 0.00625 0.6609375 0.01875 0.65625 0.0359375 0.65625 0.040625 0.6609375 0.04375 0.671875 0.0421875 0.6828125 0.0359375 0.6859375 0.025 0.696875 0.01875 0.696875 0.0140625 0.69375 0 0.69375 0 0.6625
2 0.5546875 0.60625 0.5640625 0.615625 0.565625 0.6265625 0.5609375 0.6328125 0.5515625 0.634375 0.5453125 0.628125 0.5328125 0.6265625 0.53125 0.6171875 0.5328125 0.6125 0.5390625 0.6078125 0.546875 0.6046875 0.553125 0.60625
2 0.359375 0.596875 0.36875 0.59375 0.36875 0.6125 0.3671875 0.6140625 0.3609375 0.615625 0.3546875 0.609375 0.3546875 0.603125 0.359375 0.5984375
2 0.45625 0.5640625 0.4671875 0.5609375 0.4703125 0.565625 0.4671875 0.5765625 0.4609375 0.575 0.45625 0.565625
2 0.30625 0.615625 0.303125 0.6109375 0.2890625 0.6125 0.2796875 0.6171875 0.2703125 0.628125 0.2640625 0.6265625 0.265625 0.6171875 0.28125 0.6046875 0.2859375 0.603125 0.3015625 0.6046875 0.30625 0.609375 0.3078125 0.615625
2 0 0.6296875 0.00625 0.63125 0.009375 0.6375 0.0078125 0.6453125 0 0.6484375 0 0.63125
2 0.58125 0.56875 0.5828125 0.5546875 0.5890625 0.55625 0.5890625 0.56875 0.5875 0.5703125 0.5828125 0.56875
2 0.775 0.615625 0.796875 0.625 0.7984375 0.6296875 0.7671875 0.6203125 0.765625 0.6171875 0.7734375 0.615625
2 0.5984375 0.6015625 0.6078125 0.6078125 0.609375 0.6125 0.6078125 0.621875 0.60625 0.6234375 0.6015625 0.6203125 0.5953125 0.6203125 0.5796875 0.625 0.575 0.6234375 0.5765625 0.609375 0.584375 0.603125 0.596875 0.6015625