3 0.5875 0.6328125 0.59375 0.634375 0.59375 0.6515625 0.5875 0.6484375 0.5875 0.634375
3 0.625 0.7953125 0.628125 0.7984375 0.6265625 0.803125 0.628125 0.8109375 0.6390625 0.8140625 0.6421875 0.8203125 0.6421875 0.8328125 0.634375 0.846875 0.6296875 0.8453125 0.6265625 0.8359375 0.6265625 0.8140625 0.6234375 0.8109375 0.625 0.796875
3 0.6171875 0.703125 0.628125 0.70625 0.628125 0.721875 0.625 0.73125 0.621875 0.73125 0.6171875 0.7171875 0.6171875 0.7046875
3 0.653125 0.6640625 0.6578125 0.6796875 0.65625 0.6890625 0.653125 0.690625 0.6484375 0.6828125 0.6484375 0.665625 0.6515625 0.665625
3 0.6668865740740741 0.6631481481481482 0.012962962962962976 0.031435185185185156
3 0.4812789351851852 0.5853819444444445 0.009629629629629655 0.017326388888888822
3 0.571875 0.9109375 0.5734375 0.9125 0.571875 0.915625 0.5734375 0.9484375 0.56875 0.965625 0.5671875 0.9671875 0.5671875 0.9453125 0.5640625 0.9390625 0.5640625 0.9265625 0.56875 0.91875 0.56875 0.9125 0.5703125 0.9125
3 0.1078125 0.6046875 0.1109375 0.6078125 0.1109375 0.621875 0.1046875 0.6234375 0.10625 0.60625
3 0.5609375 0.571875 0.5640625 0.575 0.5625 0.5875 0.559375 0.5890625 0.5609375 0.5734375
3 0.725 0.68125 0.728125 0.6890625 0.73125 0.6890625 0.7359375 0.684375 0.7390625 0.6890625 0.740625 0.71875 0.7375 0.721875 0.7296875 0.7140625 0.715625 0.7109375 0.7140625 0.6984375 0.7234375 0.6828125
3 0.5625 0.628125 0.5671875 0.625 0.5703125 0.6265625 0.5703125 0.6484375 0.56875 0.65 0.565625 0.65 0.5609375 0.6421875 0.5625 0.6296875
3 0.671875 0.6453125 0.675 0.64375 0.678125 0.6453125 0.6796875 0.6546875 0.6796875 0.6625 0.6765625 0.665625 0.6734375 0.6625 0.671875 0.646875
4 0.49375 0.5390625 0.4984375 0.5421875 0.496875 0.5625 0.49375 0.565625 0.4921875 0.5640625 0.4734375 0.565625 0.465625 0.55625 0.4703125 0.54375 0.4921875 0.540625
4 0.471875 0.5625 0.4734375 0.565625 0.4703125 0.5890625 0.453125 0.5875 0.4546875 0.58125 0.45 0.5765625 0.446875 0.5765625 0.4484375 0.5640625 0.465625 0.559375 0.4703125 0.5625
5 0.5734375 0.7484375 0.596875 0.765625 0.5984375 0.7796875 0.596875 0.7953125 0.578125 0.8140625 0.5734375 0.825 0.5734375 0.8359375 0.5703125 0.840625 0.55625 0.8390625 0.540625 0.8296875 0.534375 0.8296875 0.528125 0.8234375 0.5265625 0.8046875 0.5328125 0.7828125 0.5328125 0.775 0.5421875 0.759375 0.559375 0.74375 0.56875 0.7453125 0.571875 0.7484375
5 0.45440393518518524 0.6060821759259258 0.037962962962962886 0.03180555555555555
5 0.15373263888888888 0.6469502314814815 0.07277777777777779 0.062002314814814864
5 0.2671875 0.6078125 0.2703125 0.6109375 0.2703125 0.6453125 0.2578125 0.653125 0.24375 0.65625 0.2359375 0.6640625 0.2234375 0.665625 0.2140625 0.6640625 0.2109375 0.6609375 0.2109375 0.65 0.2171875 0.634375 0.228125 0.6234375 0.2375 0.6203125 0.2421875 0.615625 0.2546875 0.609375 0.2578125 0.6109375 0.265625 0.6078125
5 0.2828125 0.596875 0.296875 0.5921875 0.3109375 0.5921875 0.3125 0.5953125 0.3109375 0.603125 0.3 0.6109375 0.2984375 0.6203125 0.2828125 0.6265625 0.275 0.6265625 0.2734375 0.6234375 0.2734375 0.6140625 0.2828125 0.5984375
5 0.0484375 0.5984375 0.05 0.609375 0.046875 0.615625 0.040625 0.61875 0.0265625 0.61875 0.028125 0.603125 0.034375 0.596875 0.046875 0.5984375
5 0.475 0.584375 0.4734375 0.56875 0.4859375 0.5640625 0.49375 0.565625 0.4921875 0.58125 0.4890625 0.584375 0.48125 0.578125 0.4765625 0.584375
2 0.7390625 0.6140625 0.7515625 0.621875 0.7515625 0.625 0.7421875 0.6265625 0.73125 0.640625 0.728125 0.6375 0.728125 0.6171875 0.7265625 0.615625 0.73125 0.6125 0.7375 0.6140625
2 0.1171875 0.6671875 0.125 0.678125 0.125 0.68125 0.115625 0.69375 0.1015625 0.7078125 0.0921875 0.709375 0.0875 0.7171875 0.0671875 0.721875 0.0578125 0.721875 0.053125 0.715625 0.0546875 0.7046875 0.059375 0.6953125 0.0859375 0.671875 0.1015625 0.6671875 0.115625 0.6671875
2 0.5378240740740742 0.6190393518518519 0.04120370370370372 0.03966435185185189
2 0.9390625 0.6703125 0.95 0.675 0.95 0.6921875 0.909375 0.678125 0.9125 0.66875 0.9375 0.6703125
2 0.603125 0.5421875 0.60625 0.546875 0.60625 0.5515625 0.6 0.553125 0.6 0.54375 0.6015625 0.54375
2 0.3640625 0.5984375 0.3640625 0.6234375 0.3625 0.625 0.3578125 0.6234375 0.346875 0.628125 0.3390625 0.6203125 0.340625 0.6109375 0.35625 0.5984375 0.359375 0.596875 0.3625 0.5984375
2 0.446875 0.575 0.45625 0.58125 0.45625 0.5859375 0.446875 0.5921875 0.440625 0.5921875 0.4390625 0.5875 0.440625 0.5796875 0.4421875 0.5765625 0.4453125 0.5765625
2 0.259375 0.6015625 0.2609375 0.60625 0.2578125 0.609375 0.2484375 0.6109375 0.2375 0.61875 0.228125 0.621875 0.2171875 0.6328125 0.2140625 0.6328125 0.215625 0.6203125 0.221875 0.6171875 0.23125 0.60625 0.2453125 0.6 0.2578125 0.6015625
2 0.440625 0.575 0.4421875 0.5765625 0.440625 0.5875 0.4296875 0.5859375 0.4296875 0.5765625 0.4390625 0.575
2 0.10625 0.725 0.1046875 0.7078125 0.1078125 0.7015625 0.115625 0.6953125 0.1265625 0.6796875 0.1390625 0.671875 0.146875 0.6703125 0.15 0.671875 0.1640625 0.6703125 0.165625 0.671875 0.1703125 0.684375 0.1671875 0.703125 0.1546875 0.70625 0.14375 0.7125 0.134375 0.7234375 0.1265625 0.7234375 0.11875 0.7265625 0.1078125 0.725
2 0.5953125 0.6453125 0.609375 0.6453125 0.6125 0.6484375 0.6171875 0.671875 0.6171875 0.6828125 0.6140625 0.6890625 0.59375 0.6859375 0.5953125 0.646875
2 0.0734375 0.584375 0.078125 0.5890625 0.084375 0.5890625 0.0859375 0.5921875 0.084375 0.5984375 0.075 0.6015625 0.0609375 0.6015625 0.05625 0.5984375 0.0578125 0.5890625 0.0609375 0.5859375 0.071875 0.584375
2 0.434375 0.584375 0.4375 0.5875 0.4390625 0.596875 0.43125 0.609375 0.428125 0.60625 0.428125 0.5875 0.4328125 0.584375
2 0.3421875 0.5921875 0.346875 0.5953125 0.3484375 0.603125 0.3390625 0.6109375 0.334375 0.6203125 0.3265625 0.6234375 0.31875 0.6234375 0.3140625 0.628125 0.3046875 0.6265625 0.3015625 0.6234375 0.3 0.6203125 0.3015625 0.6109375 0.3078125 0.6078125 0.3171875 0.596875 0.334375 0.590625 0.340625 0.5921875
2 0.590625 0.5453125 0.5921875 0.55625 0.5859375 0.55625 0.5859375 0.546875 0.5890625 0.5453125
2 0.7671875 0.6265625 0.7703125 0.625 0.7828125 0.6265625 0.7984375 0.6359375 0.8 0.640625 0.796875 0.640625 0.7890625 0.6359375 0.78125 0.6359375 0.76875 0.628125
2 0.6078125 0.6171875 0.6125 0.615625 0.6234375 0.6171875 0.628125 0.621875 0.63125 0.6296875 0.6296875 0.6484375 0.6234375 0.6453125 0.6140625 0.646875 0.603125 0.6375 0.6015625 0.63125 0.603125 0.6234375 0.6078125 0.61875
2 0.509375 0.5609375 0.5109375 0.5671875 0.5046875 0.578125 0.496875 0.5765625 0.4953125 0.5703125 0.5 0.5625 0.5078125 0.5609375