2 0.60546875 0.68828125 0.03203125 0.0515625
2 0.3359375 0.60546875 0.04375 0.03125
2 0.4453125 0.825 0.10703125 0.0984375
1 0.61484375 0.60234375 0.09375 0.075
2 0.58046875 0.6421875 0.03203125 0.034375
2 0.4390625 0.92265625 0.12421875 0.1484375
2 0.5625 0.59296875 0.02265625 0.02578125
0 0.7765625 0.72734375 0.0515625 0.103125
1 0.690625 0.72265625 0.06796875 0.19453125
2 0.59921875 0.8640625 0.0890625 0.13203125
2 0.5875 0.7671875 0.0609375 0.07890625
3 0.040625 0.7421875 0.0453125 0.071875
2 0.0109375 0.609375 0.021875 0.02578125
3 0.16796875 0.67890625 0.02734375 0.0390625
2 0.08359375 0.6140625 0.03125 0.02890625