5 0.3671875 0.59375 0.3703125 0.6109375 0.3640625 0.6125 0.3578125 0.621875 0.35625 0.6203125 0.3578125 0.6140625 0.3515625 0.6046875 0.3421875 0.6015625 0.3484375 0.5953125 0.365625 0.59375
5 0.5328125 0.6148842592592592 0.0421875 0.037812499999999985
5 0.034375 0.64375 0.0375 0.6296875 0.0421875 0.625 0.05625 0.625 0.0578125 0.634375 0.053125 0.64375 0.040625 0.6484375 0.0375 0.6484375 0.0359375 0.6453125
3 0.240625 0.6140625 0.25 0.6140625 0.2515625 0.6171875 0.25 0.63125 0.2453125 0.6328125 0.2390625 0.6265625 0.240625 0.615625
3 0.9203125 0.6890625 0.9265625 0.6890625 0.9296875 0.6953125 0.9296875 0.703125 0.934375 0.7078125 0.9390625 0.7046875 0.94375 0.7046875 0.946875 0.709375 0.946875 0.7171875 0.94375 0.7203125 0.9359375 0.7421875 0.934375 0.721875 0.9265625 0.715625 0.9265625 0.709375 0.9203125 0.703125 0.91875 0.6953125 0.9203125 0.690625
3 0.2 0.621875 0.2015625 0.6234375 0.2015625 0.640625 0.19375 0.6421875 0.190625 0.6453125 0.184375 0.6390625 0.1859375 0.625 0.190625 0.621875 0.1984375 0.621875
3 0.8828125 0.7046875 0.89375 0.7078125 0.8953125 0.7125 0.8921875 0.71875 0.89375 0.7296875 0.896875 0.7265625 0.896875 0.7203125 0.9015625 0.7265625 0.909375 0.725 0.9109375 0.728125 0.9078125 0.746875 0.878125 0.7359375 0.8765625 0.7234375 0.8828125 0.70625
3 0.0109375 0.65 0.0171875 0.6546875 0.0171875 0.665625 0.0109375 0.6703125 0.0078125 0.6671875 0.0078125 0.6515625 0.009375 0.6515625
4 0.309375 0.64375 0.3046875 0.640625 0.2875 0.6421875 0.2765625 0.6484375 0.2671875 0.6390625 0.26875 0.63125 0.2875 0.6171875 0.2953125 0.6140625 0.3046875 0.615625 0.3078125 0.61875 0.31875 0.6171875 0.3203125 0.6359375 0.3171875 0.6375 0.3140625 0.64375 0.3109375 0.6421875
2 0.359375 0.6234375 0.3625 0.615625 0.36875 0.6125 0.3703125 0.6140625 0.3703125 0.6328125 0.36875 0.634375 0.3625 0.6328125 0.3609375 0.625
2 0.74375 0.6015625 0.753125 0.60625 0.75625 0.6125 0.746875 0.6140625 0.7359375 0.6265625 0.7328125 0.621875 0.734375 0.609375 0.73125 0.6015625 0.7328125 0.6 0.7421875 0.6015625
2 0.93125 0.64375 0.9328125 0.6453125 0.9375 0.64375 0.9515625 0.6453125 0.95625 0.6484375 0.9578125 0.6609375 0.95625 0.665625 0.946875 0.6640625 0.940625 0.659375 0.93125 0.659375 0.921875 0.6546875 0.915625 0.6546875 0.91875 0.64375 0.9296875 0.64375
2 0.6125 0.6078125 0.61875 0.6109375 0.6234375 0.628125 0.621875 0.6359375 0.6125 0.6375 0.60625 0.6421875 0.6 0.634375 0.5953125 0.6328125 0.590625 0.615625 0.5984375 0.6078125 0.6078125 0.60625 0.6109375 0.6078125
2 0.49375 0.60625 0.4984375 0.615625 0.4953125 0.621875 0.490625 0.621875 0.4890625 0.625 0.48125 0.6234375 0.4734375 0.625 0.4671875 0.621875 0.4671875 0.6125 0.4734375 0.6046875 0.478125 0.603125 0.4890625 0.603125 0.4921875 0.60625
2 0.478125 0.5796875 0.4859375 0.578125 0.4921875 0.5875 0.4828125 0.6015625 0.4734375 0.603125 0.46875 0.5890625 0.478125 0.58125
2 0.484375 0.5671875 0.4859375 0.575 0.4796875 0.578125 0.475 0.578125 0.4734375 0.5734375 0.478125 0.5671875 0.4828125 0.5671875
2 0.5140625 0.584375 0.51875 0.5890625 0.51875 0.59375 0.515625 0.596875 0.5109375 0.596875 0.503125 0.5921875 0.49375 0.59375 0.4953125 0.5875 0.5 0.5828125 0.5125 0.584375
2 0.1765625 0.65625 0.1828125 0.6625 0.184375 0.675 0.18125 0.6796875 0.171875 0.6796875 0.146875 0.6953125 0.140625 0.6953125 0.1359375 0.690625 0.1265625 0.6921875 0.1265625 0.6828125 0.15 0.659375 0.1578125 0.659375 0.1609375 0.65625 0.175 0.65625
2 0.4703125 0.575 0.4734375 0.578125 0.4734375 0.5828125 0.46875 0.5875 0.4578125 0.590625 0.4546875 0.590625 0.4578125 0.5796875 0.4640625 0.575 0.46875 0.575
2 0.503125 0.58125 0.5015625 0.5765625 0.5078125 0.5671875 0.5125 0.5671875 0.515625 0.5703125 0.515625 0.5796875 0.5125 0.5828125 0.5046875 0.58125
2 0.3015625 0.6140625 0.3078125 0.61875 0.31875 0.61875 0.3203125 0.6296875 0.315625 0.6421875 0.309375 0.6453125 0.3046875 0.640625 0.2859375 0.6421875 0.2796875 0.6484375 0.2734375 0.646875 0.2671875 0.640625 0.26875 0.63125 0.2875 0.6171875 0.3 0.6140625
2 0.434375 0.596875 0.440625 0.603125 0.4421875 0.609375 0.440625 0.6171875 0.4375 0.61875 0.434375 0.6140625 0.4328125 0.5984375
2 0.4953125 0.571875 0.5 0.575 0.5015625 0.5796875 0.49375 0.5890625 0.490625 0.5875 0.4875 0.578125 0.49375 0.5734375
2 0.4515625 0.578125 0.45625 0.5796875 0.45625 0.5828125 0.4546875 0.5890625 0.4484375 0.59375 0.440625 0.5875 0.440625 0.5828125 0.4421875 0.5796875 0.45 0.578125
2 0.1375 0.69375 0.1421875 0.70625 0.1453125 0.7078125 0.146875 0.7171875 0.1453125 0.728125 0.140625 0.73125 0.140625 0.7375 0.1375 0.7421875 0.1265625 0.74375 0.1140625 0.7515625 0.1078125 0.7578125 0.10625 0.765625 0.103125 0.76875 0.0953125 0.7671875 0.0875 0.7703125 0.0734375 0.771875 0.065625 0.771875 0.0625 0.7609375 0.06875 0.7421875 0.078125 0.734375 0.0828125 0.721875 0.103125 0.7015625 0.11875 0.6953125 0.1328125 0.6921875 0.1359375 0.69375
2 0.5859375 0.6140625 0.590625 0.61875 0.5921875 0.6375 0.5875 0.64375 0.5796875 0.64375 0.575 0.646875 0.565625 0.6390625 0.5546875 0.640625 0.5515625 0.6359375 0.5515625 0.6265625 0.55625 0.61875 0.565625 0.6140625 0.571875 0.6125 0.584375 0.6140625
2 0.490625 0.5953125 0.5015625 0.5921875 0.5109375 0.596875 0.509375 0.61875 0.503125 0.61875 0.5 0.6125 0.4875 0.603125 0.490625 0.596875
2 0.0765625 0.609375 0.08125 0.6125 0.08125 0.615625 0.0734375 0.6234375 0.0671875 0.625 0.065625 0.615625 0.0703125 0.6109375 0.075 0.6109375
2 0.0078125 0.6640625 0.009375 0.6671875 0.0078125 0.6734375 0.0078125 0.665625
2 0.7671875 0.65625 0.7796875 0.659375 0.7859375 0.6640625 0.7890625 0.6625 0.8015625 0.6671875 0.8078125 0.6828125 0.8078125 0.690625 0.8109375 0.69375 0.809375 0.7046875 0.80625 0.7078125 0.8 0.7109375 0.7921875 0.7109375 0.784375 0.7171875 0.7796875 0.7171875 0.775 0.7078125 0.765625 0.7015625 0.7609375 0.7 0.7578125 0.7015625 0.75 0.696875 0.7390625 0.6984375 0.7328125 0.696875 0.725 0.684375 0.725 0.6703125 0.73125 0.6640625 0.74375 0.6640625 0.7609375 0.65625 0.765625 0.65625
2 0.46875 0.5921875 0.4734375 0.603125 0.4671875 0.6109375 0.453125 0.615625 0.44375 0.615625 0.440625 0.60625 0.4578125 0.590625 0.4671875 0.5921875
2 0.3453125 0.6015625 0.3515625 0.6046875 0.3546875 0.609375 0.3578125 0.609375 0.3609375 0.6125 0.3609375 0.6171875 0.353125 0.6265625 0.340625 0.628125 0.3390625 0.63125 0.3296875 0.628125 0.3265625 0.6328125 0.321875 0.6328125 0.321875 0.61875 0.34375 0.6015625
2 0.60625 0.5546875 0.609375 0.55625 0.609375 0.5640625 0.60625 0.5640625 0.60625 0.55625
2 0.7796875 0.6109375 0.7984375 0.615625 0.8046875 0.6203125 0.8046875 0.6234375 0.790625 0.61875 0.7859375 0.6203125 0.778125 0.61875 0.771875 0.6140625 0.778125 0.6109375
2 0.6453125 0.6328125 0.653125 0.6359375 0.6578125 0.6453125 0.6578125 0.6625 0.65625 0.665625 0.6484375 0.6671875 0.6421875 0.6671875 0.634375 0.6625 0.61875 0.6609375 0.6140625 0.6578125 0.6140625 0.646875 0.625 0.634375 0.6375 0.63125 0.64375 0.6328125
2 0.5265625 0.5578125 0.53125 0.5625 0.5296875 0.5703125 0.525 0.571875 0.5203125 0.56875 0.525 0.559375