0 0.6640625 0.6609375 0.675 0.6640625 0.68125 0.66875 0.6796875 0.696875 0.6828125 0.7046875 0.68125 0.721875 0.678125 0.7265625 0.675 0.740625 0.6671875 0.7515625 0.6625 0.7515625 0.6578125 0.7484375 0.64375 0.7484375 0.640625 0.7390625 0.64375 0.68125 0.653125 0.6640625 0.6578125 0.6609375 0.6625 0.6609375
0 0.61875 0.578125 0.6359375 0.5859375 0.6359375 0.6046875 0.621875 0.6140625 0.6046875 0.6015625 0.603125 0.596875 0.60625 0.58125 0.609375 0.578125 0.6171875 0.578125
0 0.640625 0.609375 0.646875 0.6125 0.6578125 0.625 0.659375 0.6359375 0.6578125 0.6375 0.6578125 0.65625 0.65 0.6625 0.64375 0.6625 0.6359375 0.6578125 0.6265625 0.6375 0.625 0.615625 0.63125 0.609375 0.6390625 0.609375
0 0.6140625 0.6140625 0.625 0.621875 0.625 0.64375 0.628125 0.65625 0.6265625 0.6671875 0.6078125 0.6671875 0.6 0.6515625 0.590625 0.6390625 0.590625 0.625 0.59375 0.6140625 0.5984375 0.6109375 0.60625 0.6109375 0.6125 0.6140625
0 0.7 0.6171875 0.703125 0.615625 0.715625 0.6171875 0.734375 0.6296875 0.7359375 0.6578125 0.7390625 0.66875 0.7390625 0.6734375 0.7359375 0.675 0.721875 0.675 0.7140625 0.671875 0.7078125 0.6640625 0.7046875 0.6515625 0.7 0.6453125 0.7 0.61875
3 0.7659201388888889 0.6927256944444444 0.034641203703703646 0.03619212962962966
3 0.6748321759259259 0.6504340277777778 0.011122685185185244 0.025081018518518582
3 0.6984375 0.6515625 0.703125 0.653125 0.70625 0.66875 0.7046875 0.684375 0.7015625 0.6875 0.6984375 0.684375 0.6953125 0.675 0.6953125 0.6578125 0.6984375 0.653125
3 0.575 0.56875 0.578125 0.56875 0.578125 0.58125 0.5734375 0.58125 0.575 0.5703125
3 0.7296875 0.7546875 0.7359375 0.75625 0.7390625 0.7609375 0.7390625 0.784375 0.734375 0.79375 0.734375 0.8 0.728125 0.784375 0.728125 0.76875 0.7265625 0.7671875 0.7265625 0.75625 0.728125 0.75625
3 0.6234375 0.6015625 0.6265625 0.6046875 0.6265625 0.6109375 0.625 0.6171875 0.621875 0.61875 0.6171875 0.6140625 0.6171875 0.6046875 0.621875 0.6015625
3 0.23125 0.59375 0.2359375 0.590625 0.2421875 0.5921875 0.246875 0.6015625 0.24375 0.6078125 0.2296875 0.60625 0.2265625 0.6046875 0.2265625 0.6 0.23125 0.5953125
3 0.8328125 0.684375 0.8421875 0.6875 0.8421875 0.6921875 0.8390625 0.6953125 0.8296875 0.696875 0.8328125 0.69375 0.83125 0.6875 0.8328125 0.6859375
3 0.10083912037037038 0.62421875 0.012638888888888877 0.018842592592592668
3 0.121875 0.6171875 0.1234375 0.625 0.121875 0.63125 0.1109375 0.63125 0.1109375 0.6203125 0.1203125 0.6171875
3 0.0484375 0.7234375 0.059375 0.728125 0.0671875 0.725 0.0703125 0.7296875 0.06875 0.740625 0.0609375 0.7484375 0.05625 0.7484375 0.046875 0.7578125 0.04375 0.7546875 0.04375 0.74375 0.0484375 0.725
3 0.696875 0.73125 0.7078125 0.7359375 0.709375 0.74375 0.7078125 0.759375 0.7015625 0.7640625 0.696875 0.7578125 0.696875 0.7328125
3 0.840625 0.73125 0.8484375 0.734375 0.8453125 0.7390625 0.846875 0.75625 0.84375 0.7609375 0.8265625 0.75 0.809375 0.7453125 0.8046875 0.7390625 0.8046875 0.7296875 0.8078125 0.7234375 0.815625 0.7171875 0.81875 0.7203125 0.8171875 0.7234375 0.81875 0.734375 0.8171875 0.7390625 0.81875 0.740625 0.8234375 0.7359375 0.8296875 0.7359375 0.8390625 0.73125
3 0.01875 0.725 0.025 0.7265625 0.028125 0.7328125 0.0234375 0.7421875 0.021875 0.7515625 0.01875 0.7546875 0.0125 0.7546875 0 0.759375 0 0.734375 0.00625 0.7390625 0.01875 0.7265625
3 0.465625 0.5625 0.4703125 0.5640625 0.4703125 0.5765625 0.4625 0.575 0.465625 0.5640625
3 0.3205381944444444 0.5999363425925927 0.01578703703703708 0.021990740740740745
4 0.6015625 0.6640625 0.6140625 0.6765625 0.615625 0.684375 0.6125 0.70625 0.6046875 0.7109375 0.5984375 0.7265625 0.5921875 0.7265625 0.5890625 0.7234375 0.5671875 0.7234375 0.5625 0.715625 0.5625 0.703125 0.565625 0.690625 0.5734375 0.68125 0.578125 0.6671875 0.5828125 0.6640625 0.6 0.6640625
5 0.053125 0.6 0.0515625 0.6109375 0.04375 0.6203125 0.0328125 0.6203125 0.03125 0.615625 0.0328125 0.6046875 0.0390625 0.5984375 0.0515625 0.6
5 0.471875 0.578125 0.4703125 0.590625 0.4625 0.5875 0.4546875 0.5875 0.4421875 0.5984375 0.4390625 0.5921875 0.4453125 0.5796875 0.4546875 0.5765625 0.4703125 0.578125
2 0.6609375 0.6109375 0.6703125 0.6125 0.68125 0.6203125 0.684375 0.63125 0.684375 0.6453125 0.68125 0.65 0.675 0.640625 0.671875 0.6421875 0.6703125 0.65 0.6671875 0.65 0.6609375 0.640625 0.659375 0.625 0.6546875 0.61875 0.6546875 0.6140625 0.659375 0.6125
2 0.903125 0.65 0.9265625 0.65 0.940625 0.6546875 0.940625 0.6703125 0.934375 0.671875 0.9234375 0.665625 0.903125 0.6609375 0.9015625 0.659375 0.903125 0.6515625
2 0.296875 0.596875 0.3046875 0.6 0.30625 0.603125 0.3046875 0.6125 0.2953125 0.61875 0.2859375 0.6171875 0.275 0.61875 0.271875 0.621875 0.265625 0.61875 0.2640625 0.6109375 0.284375 0.596875 0.2953125 0.596875
2 0.4484375 0.5671875 0.45625 0.5703125 0.45625 0.575 0.4453125 0.5796875 0.4390625 0.5921875 0.4359375 0.5953125 0.43125 0.5953125 0.4296875 0.5859375 0.434375 0.5765625 0.4375 0.571875 0.446875 0.56875
2 0.51875 0.5921875 0.525 0.5953125 0.528125 0.60625 0.5265625 0.6125 0.5171875 0.6171875 0.5046875 0.6171875 0.49375 0.6125 0.49375 0.603125 0.4984375 0.5984375 0.509375 0.5921875 0.5171875 0.5921875
2 0.734375 0.5984375 0.7421875 0.603125 0.74375 0.6078125 0.734375 0.609375 0.7265625 0.621875 0.721875 0.61875 0.7234375 0.6140625 0.721875 0.6 0.7328125 0.5984375
2 0.19375 0.6203125 0.20625 0.6265625 0.20625 0.63125 0.2 0.64375 0.196875 0.646875 0.1828125 0.65 0.1734375 0.6578125 0.153125 0.65625 0.153125 0.646875 0.1703125 0.628125 0.178125 0.6234375 0.1921875 0.6203125
2 0.4328125 0.565625 0.4375 0.56875 0.4375 0.571875 0.43125 0.584375 0.428125 0.5859375 0.4265625 0.56875 0.43125 0.565625
2 0.59375 0.5953125 0.6015625 0.6 0.603125 0.6078125 0.5921875 0.6140625 0.5890625 0.625 0.5859375 0.625 0.58125 0.61875 0.5703125 0.6203125 0.565625 0.61875 0.5640625 0.6078125 0.578125 0.5953125 0.5921875 0.5953125
2 0.246875 0.609375 0.2546875 0.6109375 0.2578125 0.615625 0.259375 0.6203125 0.2578125 0.6359375 0.2515625 0.6421875 0.2421875 0.640625 0.23125 0.64375 0.221875 0.653125 0.2171875 0.6515625 0.209375 0.653125 0.2015625 0.64375 0.20625 0.63125 0.21875 0.6203125 0.2359375 0.6109375 0.2453125 0.6109375
2 0.496875 0.5546875 0.5015625 0.546875 0.5046875 0.5453125 0.509375 0.546875 0.5078125 0.55625 0.5046875 0.5546875 0.4984375 0.55625
2 0.1796875 0.659375 0.1875 0.6625 0.1890625 0.6671875 0.1890625 0.6765625 0.184375 0.6890625 0.171875 0.6921875 0.1578125 0.7 0.153125 0.709375 0.1421875 0.709375 0.134375 0.7125 0.1234375 0.7109375 0.121875 0.6984375 0.14375 0.66875 0.153125 0.6625 0.178125 0.659375
2 0.4703125 0.5875 0.471875 0.6078125 0.4625 0.6125 0.45625 0.609375 0.440625 0.6109375 0.4390625 0.6 0.4421875 0.5921875 0.4515625 0.5875 0.46875 0.5875
2 0.0706076388888889 0.5924131944444444 0.018865740740740745 0.01576388888888882
2 0 0.6296875 0.0046875 0.6375 0 0.646875 0 0.63125
2 0.39375 0.5703125 0.3984375 0.571875 0.396875 0.584375 0.39375 0.58125 0.39375 0.571875
2 0.496875 0.559375 0.5078125 0.559375 0.5078125 0.571875 0.503125 0.5765625 0.4953125 0.578125 0.490625 0.575 0.490625 0.56875 0.496875 0.5609375
2 0.3470659722222222 0.6044270833333334 0.03774305555555553 0.03309027777777773
2 0.3765625 0.88125 0.390625 0.8859375 0.403125 0.8984375 0.4078125 0.9109375 0.4078125 0.946875 0.4046875 0.95 0.4015625 0.9609375 0.4015625 0.975 0.3953125 0.9921875 0.3921875 0.9953125 0.3125 0.99375 0.2828125 0.996875 0.28125 0.9953125 0.2765625 0.996875 0.228125 0.996875 0.225 0.99375 0.2265625 0.9828125 0.2359375 0.96875 0.2609375 0.94375 0.3078125 0.903125 0.3265625 0.8921875 0.3453125 0.8953125 0.36875 0.8828125 0.375 0.8828125
2 0.7609375 0.6109375 0.7765625 0.6109375 0.790625 0.6171875 0.79375 0.6203125 0.7921875 0.6234375 0.778125 0.6171875 0.7703125 0.6171875 0.7625 0.6125
1 0.590625 0.5390625 0.5921875 0.5640625 0.58125 0.56875 0.5765625 0.565625 0.578125 0.54375 0.5828125 0.5375 0.5890625 0.5390625