2 0.9938425925925927 0.6723437499999999 0.012314814814814667 0.04387731481481474
2 0.8300636574074074 0.6774826388888889 0.056643518518518475 0.05354166666666664
2 0.3942824074074074 0.9127546296296296 0.11372685185185194 0.1664583333333333
2 0.369994212962963 0.6926099537037038 0.042615740740740725 0.05812500000000007
2 0.9588888888888889 0.7538541666666666 0.08222222222222228 0.09752314814814814
2 0.32533564814814814 0.6757523148148149 0.0409953703703704 0.05030092592592581
2 0.5552777777777778 0.6029513888888889 0.050254629629629656 0.03474537037037031
2 0.38621527777777775 0.772962962962963 0.07571759259259263 0.09743055555555565
2 0.4880787037037037 0.6018865740740742 0.042442129629629656 0.03468750000000007
2 0.38514467592592594 0.628431712962963 0.042442129629629656 0.03468750000000007
2 0.683431712962963 0.6059085648148148 0.07212962962962947 0.03490740740740748