2 0.60078125 0.6421875 0.04765625 0.04296875
2 0.6515625 0.6390625 0.053125 0.040625
5 0.24609375 0.6109375 0.05390625 0.040625
2 0.66015625 0.69375 0.034375 0.05546875
2 0.7515625 0.68046875 0.05703125 0.06015625
2 0.275 0.621875 0.06640625 0.04375
5 0.540625 0.61171875 0.0484375 0.03984375
5 0.61640625 0.74296875 0.08125 0.10625
3 0.7890625 0.71640625 0.0375 0.0484375
5 0.49453125 0.5984375 0.04609375 0.034375
0 0.67890625 0.89296875 0.1015625 0.21328125
5 0.45546875 0.5875 0.04921875 0.0421875