0 0.6015625 0.578125 0.6109375 0.58125 0.615625 0.5875 0.609375 0.609375 0.6 0.609375 0.5953125 0.5984375 0.5890625 0.5953125 0.5921875 0.58125 0.5953125 0.578125 0.6 0.578125
3 0.6523032407407408 0.6784664351851852 0.017835648148148132 0.04400462962962966
3 0.6578125 0.675 0.65625 0.6828125 0.6578125 0.69375 0.6546875 0.7 0.646875 0.696875 0.646875 0.68125 0.6515625 0.675 0.65625 0.675
3 0.6078125 0.6609375 0.6140625 0.6640625 0.61875 0.6625 0.6234375 0.6671875 0.6234375 0.675 0.61875 0.6796875 0.6171875 0.690625 0.6140625 0.6953125 0.6109375 0.6953125 0.5984375 0.684375 0.603125 0.665625 0.6078125 0.6625
3 0.1984375 0.5921875 0.1953125 0.5953125 0.1953125 0.6 0.2 0.6015625 0.2015625 0.6203125 0.19375 0.628125 0.190625 0.6296875 0.1875 0.628125 0.18125 0.63125 0.1796875 0.625 0.18125 0.6203125 0.184375 0.61875 0.1828125 0.609375 0.184375 0.5984375 0.1890625 0.5921875 0.196875 0.5921875
3 0.2546875 0.59375 0.2609375 0.596875 0.2609375 0.6078125 0.25625 0.6078125 0.246875 0.6125 0.2421875 0.6109375 0.2453125 0.6078125 0.246875 0.5984375 0.253125 0.59375
3 0.1796875 0.63125 0.1796875 0.625 0.184375 0.61875 0.184375 0.6109375 0.1890625 0.60625 0.19375 0.60625 0.2015625 0.6125 0.2015625 0.6203125 0.19375 0.628125 0.190625 0.6296875 0.1875 0.628125 0.18125 0.63125
3 0.70625 0.7078125 0.709375 0.709375 0.709375 0.71875 0.703125 0.725 0.703125 0.7390625 0.7 0.7453125 0.696875 0.7453125 0.69375 0.7390625 0.684375 0.7328125 0.6796875 0.73125 0.675 0.734375 0.671875 0.7234375 0.684375 0.7125 0.690625 0.71875 0.6953125 0.7203125 0.7 0.7171875 0.7 0.709375 0.7046875 0.7078125
1 0.571875 0.553125 0.578125 0.5578125 0.5875 0.559375 0.590625 0.5703125 0.5859375 0.5765625 0.5875 0.58125 0.584375 0.59375 0.575 0.596875 0.5703125 0.6015625 0.5671875 0.6015625 0.55 0.58125 0.553125 0.553125 0.5546875 0.5515625 0.5703125 0.553125
5 0.4984375 0.5765625 0.5265625 0.5828125 0.528125 0.584375 0.5265625 0.5859375 0.528125 0.5953125 0.5265625 0.6046875 0.5203125 0.6109375 0.5109375 0.6140625 0.496875 0.603125 0.4953125 0.6046875 0.4875 0.603125 0.4890625 0.5875 0.496875 0.578125
5 0.5984375 0.6109375 0.6140625 0.61875 0.6203125 0.61875 0.6265625 0.6234375 0.625 0.653125 0.6234375 0.65625 0.615625 0.6546875 0.6109375 0.6578125 0.5984375 0.6578125 0.5984375 0.6546875 0.59375 0.65 0.5875 0.65 0.58125 0.6453125 0.571875 0.6453125 0.5703125 0.6421875 0.571875 0.6265625 0.58125 0.6140625 0.596875 0.6109375
4 0.1953125 0.540625 0.196875 0.5421875 0.203125 0.540625 0.23125 0.5421875 0.2296875 0.56875 0.2265625 0.578125 0.2234375 0.58125 0.215625 0.5828125 0.2125 0.5875 0.2046875 0.5875 0.1953125 0.58125 0.184375 0.584375 0.178125 0.590625 0.165625 0.584375 0.1671875 0.56875 0.1703125 0.565625 0.1703125 0.559375 0.175 0.5515625 0.1796875 0.546875 0.184375 0.546875 0.19375 0.5421875
4 0.309375 0.55 0.3203125 0.553125 0.3203125 0.5625 0.315625 0.565625 0.3125 0.5640625 0.3046875 0.565625 0.2953125 0.5734375 0.2890625 0.575 0.28125 0.5828125 0.28125 0.5859375 0.2703125 0.5859375 0.2671875 0.5828125 0.265625 0.575 0.271875 0.5609375 0.278125 0.553125 0.2828125 0.5515625 0.2859375 0.553125 0.2921875 0.55 0.2984375 0.5515625 0.3078125 0.55
2 0.344375 0.5853935185185185 0.009675925925925899 0.02045138888888882
2 0.5875 0.5953125 0.5953125 0.6015625 0.596875 0.609375 0.584375 0.6109375 0.571875 0.6203125 0.56875 0.6171875 0.56875 0.6046875 0.575 0.5984375 0.5859375 0.5953125
2 0.478125 0.540625 0.4890625 0.540625 0.4953125 0.55 0.4953125 0.553125 0.4875 0.5578125 0.4828125 0.553125 0.478125 0.5578125 0.4796875 0.5625 0.4765625 0.5625 0.475 0.5453125 0.478125 0.5421875
2 0.4109375 0.5875 0.4140625 0.56875 0.4203125 0.5640625 0.434375 0.5640625 0.4359375 0.575 0.4296875 0.5859375 0.4125 0.5875
2 0.3375 0.5625 0.3390625 0.5578125 0.3515625 0.559375 0.3484375 0.5671875 0.3390625 0.5625
2 0.4640625 0.55 0.465625 0.565625 0.4609375 0.571875 0.45 0.5734375 0.4421875 0.571875 0.44375 0.5578125 0.45 0.5515625 0.4625 0.55
2 0.6375 0.6171875 0.65 0.6203125 0.6515625 0.6234375 0.6578125 0.6265625 0.6625 0.634375 0.6609375 0.646875 0.65625 0.6515625 0.6484375 0.6515625 0.646875 0.6484375 0.6375 0.6453125 0.628125 0.6375 0.628125 0.625 0.63125 0.6203125 0.6359375 0.61875
2 0.7140625 0.6171875 0.725 0.621875 0.734375 0.6328125 0.728125 0.6359375 0.71875 0.634375 0.7140625 0.6390625 0.7109375 0.646875 0.7078125 0.646875 0.70625 0.63125 0.7078125 0.61875 0.7125 0.6171875
2 0.1 0.553125 0.1015625 0.5578125 0.1 0.575 0.0921875 0.5796875 0.0875 0.578125 0.075 0.5796875 0.05625 0.5765625 0.0546875 0.5640625 0.0609375 0.5546875 0.06875 0.55 0.0921875 0.55 0.0984375 0.553125
2 0.3203125 0.5671875 0.325 0.5765625 0.328125 0.578125 0.328125 0.5875 0.325 0.59375 0.31875 0.5953125 0.3171875 0.5921875 0.3125 0.5921875 0.303125 0.59375 0.2953125 0.5984375 0.290625 0.5984375 0.2890625 0.5953125 0.28125 0.59375 0.284375 0.5796875 0.3078125 0.565625 0.31875 0.5671875
2 0.425 0.553125 0.4359375 0.5578125 0.434375 0.5640625 0.4234375 0.5625 0.4171875 0.565625 0.415625 0.5640625 0.4171875 0.55625 0.4234375 0.5546875
2 0.125 0.6125 0.153125 0.6171875 0.1546875 0.6296875 0.146875 0.6421875 0.140625 0.646875 0.1359375 0.6453125 0.1125 0.653125 0.10625 0.6609375 0.1 0.659375 0.084375 0.6609375 0.0765625 0.65625 0.078125 0.6453125 0.0828125 0.6375 0.0875 0.6359375 0.1078125 0.61875 0.1234375 0.6140625
2 0.4625 0.5734375 0.4640625 0.575 0.4703125 0.5734375 0.4734375 0.5796875 0.4734375 0.590625 0.4671875 0.596875 0.4609375 0.59375 0.440625 0.59375 0.4390625 0.5921875 0.4375 0.5859375 0.4390625 0.58125 0.4421875 0.58125 0.453125 0.5734375 0.4609375 0.5734375
2 0.9 0.690625 0.9171875 0.6953125 0.9203125 0.6984375 0.91875 0.715625 0.9140625 0.715625 0.909375 0.7109375 0.88125 0.6984375 0.88125 0.69375 0.8859375 0.6890625 0.8984375 0.690625
2 0.0578125 0.5265625 0.0640625 0.5296875 0.0640625 0.534375 0.05625 0.5421875 0.0453125 0.540625 0.04375 0.5375 0.0484375 0.528125 0.05625 0.5265625
2 0.3484375 0.578125 0.346875 0.5953125 0.3421875 0.5921875 0.3421875 0.5828125 0.346875 0.578125
2 0.3421875 0.5640625 0.3484375 0.5671875 0.35 0.5734375 0.3390625 0.584375 0.33125 0.584375 0.325 0.575 0.325 0.5703125 0.3328125 0.5640625 0.340625 0.5640625
2 0.7453125 0.634375 0.759375 0.6359375 0.7765625 0.646875 0.7765625 0.65 0.7671875 0.6484375 0.7609375 0.64375 0.753125 0.6421875 0.7453125 0.6359375
2 0.8480844907407408 0.9921961805555555 0.06489583333333329 0.015607638888888964
2 0.4921875 0.55 0.4953125 0.553125 0.49375 0.5671875 0.4890625 0.5671875 0.4859375 0.5640625 0.475 0.565625 0.4734375 0.559375 0.4765625 0.5515625 0.490625 0.55
2 0.028125 0.534375 0.0359375 0.5375 0.0359375 0.5421875 0.0265625 0.54375 0.0234375 0.546875 0.01875 0.5609375 0.0125 0.559375 0.0125 0.5484375 0.0171875 0.5390625 0.0265625 0.534375
2 0.5734375 0.5328125 0.5765625 0.5375 0.5765625 0.54375 0.56875 0.5453125 0.56875 0.5359375 0.571875 0.534375