3 0.7375 0.6578125 0.7484375 0.659375 0.7515625 0.665625 0.753125 0.678125 0.7421875 0.675 0.7359375 0.6703125 0.7359375 0.659375
3 0.396875 0.596875 0.4015625 0.5953125 0.403125 0.5984375 0.4 0.609375 0.3984375 0.609375 0.396875 0.5984375
3 0.7640625 0.6375 0.7703125 0.646875 0.76875 0.6546875 0.7625 0.6546875 0.7515625 0.65 0.753125 0.640625 0.7578125 0.6375 0.7625 0.6375
3 0.753125 0.6140625 0.7625 0.6140625 0.7703125 0.6234375 0.76875 0.6296875 0.7609375 0.63125 0.75625 0.6265625 0.753125 0.6296875 0.7515625 0.628125 0.753125 0.615625
3 0.1140625 0.7078125 0.1234375 0.7125 0.125 0.7171875 0.1234375 0.7203125 0.1265625 0.728125 0.125 0.7359375 0.1046875 0.7421875 0.1015625 0.7453125 0.0984375 0.7421875 0.096875 0.7234375 0.0984375 0.71875 0.103125 0.7171875 0.1125 0.7078125
3 0.8827835648148149 0.6419155092592593 0.01736111111111107 0.023692129629629567
3 0.709375 0.628125 0.7125 0.6359375 0.7125 0.6453125 0.6984375 0.640625 0.7 0.628125 0.7015625 0.6265625 0.7078125 0.628125
5 0.8421875 0.6265625 0.85625 0.628125 0.86875 0.6390625 0.871875 0.6453125 0.871875 0.653125 0.8703125 0.6578125 0.865625 0.6609375 0.8453125 0.65625 0.834375 0.6578125 0.8328125 0.653125 0.81875 0.6453125 0.81875 0.628125 0.821875 0.625 0.840625 0.6265625
5 0.94375 0.628125 0.9625 0.6296875 0.965625 0.6390625 0.965625 0.6515625 0.9546875 0.6515625 0.9453125 0.6453125 0.9421875 0.6359375 0.94375 0.6296875
5 0.234375 0.6546875 0.25 0.659375 0.2578125 0.675 0.2578125 0.69375 0.25 0.7015625 0.246875 0.7109375 0.240625 0.7109375 0.2296875 0.7046875 0.2265625 0.7078125 0.221875 0.7078125 0.209375 0.7140625 0.1984375 0.728125 0.1890625 0.7203125 0.1765625 0.725 0.1671875 0.725 0.1640625 0.721875 0.1640625 0.6765625 0.16875 0.6703125 0.2328125 0.6546875
5 0.634375 0.5921875 0.6484375 0.596875 0.653125 0.6015625 0.653125 0.6078125 0.640625 0.6109375 0.6328125 0.60625 0.63125 0.6015625 0.634375 0.5984375 0.634375 0.59375
5 0.5578125 0.5953125 0.5546875 0.590625 0.5546875 0.5828125 0.559375 0.578125 0.5671875 0.578125 0.5703125 0.58125 0.5703125 0.5953125 0.559375 0.59375
2 0.2515625 0.6046875 0.2609375 0.6 0.26875 0.6 0.271875 0.603125 0.271875 0.6234375 0.2671875 0.628125 0.2609375 0.6171875 0.25 0.615625 0.246875 0.6125 0.246875 0.609375 0.2515625 0.60625
2 0.6578125 0.609375 0.6625 0.615625 0.6734375 0.6203125 0.675 0.625 0.6734375 0.634375 0.6640625 0.634375 0.65625 0.63125 0.6515625 0.6234375 0.64375 0.6171875 0.6421875 0.6140625 0.64375 0.6109375 0.65625 0.609375
2 0.421875 0.5546875 0.428125 0.5546875 0.4296875 0.559375 0.4296875 0.5703125 0.4203125 0.5703125 0.421875 0.55625
2 0.4484375 0.5953125 0.4578125 0.603125 0.4578125 0.615625 0.4515625 0.615625 0.44375 0.6203125 0.4328125 0.621875 0.4296875 0.61875 0.43125 0.5984375 0.4359375 0.5953125 0.446875 0.5953125
2 0.534375 0.571875 0.5390625 0.571875 0.546875 0.5765625 0.553125 0.5859375 0.5515625 0.59375 0.5484375 0.5953125 0.5421875 0.59375 0.540625 0.5890625 0.534375 0.5828125 0.5359375 0.58125 0.534375 0.5734375
2 0.525 0.58125 0.534375 0.5828125 0.540625 0.5921875 0.5359375 0.5984375 0.528125 0.6 0.5234375 0.5890625 0.525 0.5828125
2 0.828125 0.6859375 0.8375 0.690625 0.8453125 0.690625 0.8578125 0.7 0.8765625 0.7265625 0.875 0.740625 0.859375 0.740625 0.85625 0.7375 0.8453125 0.7359375 0.84375 0.73125 0.8375 0.725 0.828125 0.71875 0.8203125 0.7171875 0.8140625 0.7109375 0.8109375 0.7 0.8125 0.690625 0.815625 0.6875 0.8171875 0.6890625 0.8265625 0.6859375
2 0.4796875 0.6078125 0.4921875 0.615625 0.49375 0.628125 0.4875 0.63125 0.4765625 0.63125 0.4734375 0.634375 0.4609375 0.6296875 0.459375 0.615625 0.465625 0.609375 0.475 0.60625 0.478125 0.6078125
2 0.4984375 0.5953125 0.5125 0.6046875 0.5140625 0.609375 0.5125 0.6203125 0.4984375 0.61875 0.4796875 0.60625 0.4796875 0.6 0.4828125 0.5953125 0.496875 0.5953125
2 0.64375 0.6140625 0.64375 0.6171875 0.653125 0.6234375 0.65625 0.628125 0.6546875 0.6390625 0.64375 0.6390625 0.6328125 0.634375 0.6328125 0.609375 0.6359375 0.6078125 0.6421875 0.6140625
2 0.05 0.6625 0.05 0.646875 0.0625 0.64375 0.0859375 0.64375 0.0890625 0.646875 0.0890625 0.653125 0.05625 0.665625 0.0515625 0.6625
2 0.6671875 0.6015625 0.68125 0.6109375 0.6828125 0.6234375 0.675 0.621875 0.6703125 0.6171875 0.665625 0.6171875 0.65625 0.6078125 0.6546875 0.603125 0.65625 0.6015625 0.659375 0.6 0.665625 0.6015625
2 0.9957523148148149 0.670949074074074 0.00849537037037038 0.020474537037037076
2 0.4734375 0.5609375 0.4765625 0.5609375 0.48125 0.5671875 0.478125 0.571875 0.4734375 0.571875 0.471875 0.56875 0.4734375 0.5625
2 0.565625 0.5921875 0.5703125 0.596875 0.56875 0.609375 0.5578125 0.5984375 0.5578125 0.5953125 0.5640625 0.5921875
2 0.2328125 0.6109375 0.23125 0.6140625 0.2171875 0.6171875 0.203125 0.6234375 0.1984375 0.6234375 0.20625 0.615625 0.225 0.609375 0.23125 0.6109375
2 0.4109375 0.5484375 0.4125 0.5609375 0.40625 0.5609375 0.40625 0.55 0.409375 0.5484375
2 0.5140625 0.5890625 0.5140625 0.584375 0.5171875 0.58125 0.521875 0.5796875 0.53125 0.58125 0.540625 0.59375 0.5296875 0.6015625 0.521875 0.6015625 0.5203125 0.59375 0.515625 0.5890625
2 0.4171875 0.6125 0.421875 0.6171875 0.425 0.625 0.4234375 0.6390625 0.4140625 0.6484375 0.4109375 0.6453125 0.4046875 0.6453125 0.3984375 0.6515625 0.3953125 0.6484375 0.396875 0.628125 0.4015625 0.6234375 0.4046875 0.6140625 0.415625 0.6125
2 0.55625 0.6 0.5671875 0.609375 0.5671875 0.6203125 0.5609375 0.625 0.5484375 0.625 0.5453125 0.621875 0.5359375 0.621875 0.528125 0.61875 0.5265625 0.615625 0.5265625 0.6078125 0.534375 0.6 0.540625 0.596875 0.5484375 0.596875 0.5546875 0.6
2 0.8171875 0.6453125 0.8328125 0.6546875 0.834375 0.659375 0.846875 0.6640625 0.8484375 0.6796875 0.840625 0.68125 0.834375 0.68125 0.828125 0.6765625 0.821875 0.6765625 0.8109375 0.6703125 0.8046875 0.671875 0.7890625 0.659375 0.79375 0.646875 0.7984375 0.6484375 0.8046875 0.6453125 0.815625 0.6453125