3 0.6109375 0.696875 0.6078125 0.684375 0.6078125 0.6734375 0.6140625 0.6703125 0.6171875 0.6765625 0.6171875 0.6859375 0.615625 0.6953125 0.6125 0.696875
3 0.7171875 0.665625 0.7265625 0.6703125 0.7265625 0.703125 0.721875 0.703125 0.715625 0.6921875 0.7171875 0.6671875
3 0.740625 0.64375 0.74375 0.6515625 0.74375 0.6609375 0.740625 0.6640625 0.728125 0.6578125 0.728125 0.6484375 0.734375 0.64375 0.7390625 0.64375
3 0.6984375 0.6390625 0.7015625 0.646875 0.7015625 0.65625 0.696875 0.6578125 0.6921875 0.6546875 0.6890625 0.6484375 0.690625 0.6390625 0.69375 0.6375 0.696875 0.640625
3 0.2 0.6171875 0.2078125 0.625 0.20625 0.640625 0.203125 0.6421875 0.203125 0.6390625 0.19375 0.6296875 0.1953125 0.61875 0.1984375 0.6171875
3 0.66875 0.834375 0.6734375 0.8375 0.68125 0.834375 0.684375 0.8484375 0.6890625 0.84375 0.6890625 0.853125 0.675 0.8734375 0.671875 0.8703125 0.6703125 0.8625 0.66875 0.8359375
3 0.3453125 0.603125 0.3484375 0.6046875 0.3515625 0.6125 0.3515625 0.6234375 0.3453125 0.6265625 0.3390625 0.6234375 0.3390625 0.615625 0.3453125 0.6046875
3 0.2484375 0.5953125 0.25 0.609375 0.2453125 0.6140625 0.2359375 0.60625 0.2359375 0.6015625 0.2390625 0.5953125 0.246875 0.5953125
3 0.08984375 0.65546875 0.028125 0.0234375
3 0.6453125 0.7234375 0.6515625 0.725 0.653125 0.728125 0.653125 0.7484375 0.6546875 0.75 0.6546875 0.7578125 0.6515625 0.7609375 0.64375 0.753125 0.6453125 0.7375 0.64375 0.7265625 0.6453125 0.725
3 0.5515625 0.6109375 0.553125 0.6125 0.553125 0.628125 0.546875 0.628125 0.546875 0.6125 0.55 0.6109375
3 0.1125 0.6234375 0.1125 0.6125 0.115625 0.60625 0.11875 0.6078125 0.1203125 0.6203125 0.11875 0.6234375 0.1140625 0.6234375
3 0.63125 0.659375 0.6328125 0.6765625 0.6296875 0.6796875 0.6265625 0.675 0.6265625 0.6609375 0.6296875 0.659375
3 0.70859375 0.70234375 0.0109375 0.02265625
4 0.659375 0.609375 0.671875 0.615625 0.675 0.6203125 0.6765625 0.6421875 0.671875 0.65 0.665625 0.646875 0.6546875 0.646875 0.640625 0.63125 0.6421875 0.6140625 0.65 0.609375 0.6578125 0.609375
5 0.5921875 0.6 0.5953125 0.60625 0.596875 0.6203125 0.5953125 0.6234375 0.590625 0.6234375 0.5828125 0.63125 0.578125 0.63125 0.571875 0.6234375 0.571875 0.6015625 0.578125 0.5953125 0.5875 0.596875 0.590625 0.6
5 0.0640625 0.665625 0.0671875 0.6796875 0.065625 0.7046875 0.0546875 0.71875 0.034375 0.7234375 0.01875 0.73125 0.0046875 0.7453125 0 0.7453125 0 0.68125 0.0125 0.678125 0.0328125 0.66875 0.0484375 0.665625 0.0625 0.665625
5 0.5015625 0.553125 0.5046875 0.5578125 0.5046875 0.5640625 0.5015625 0.5703125 0.4953125 0.5640625 0.4875 0.5640625 0.4875 0.5578125 0.490625 0.5546875 0.5 0.553125
5 0.5265625 0.5953125 0.5296875 0.6 0.5296875 0.6171875 0.525 0.6234375 0.496875 0.6203125 0.4953125 0.6171875 0.4953125 0.6078125 0.5015625 0.596875 0.509375 0.59375 0.525 0.5953125
1 0.3375 0.565625 0.3390625 0.5671875 0.3671875 0.565625 0.36875 0.571875 0.3671875 0.615625 0.359375 0.6171875 0.3515625 0.615625 0.3515625 0.609375 0.3453125 0.603125 0.3359375 0.6203125 0.303125 0.6203125 0.3 0.6234375 0.278125 0.6234375 0.2765625 0.621875 0.2765625 0.59375 0.28125 0.5765625 0.2921875 0.5703125 0.30625 0.5703125 0.315625 0.5671875 0.3359375 0.565625
0 0.4703125 0.5828125 0.4796875 0.5875 0.4796875 0.615625 0.4453125 0.6140625 0.4421875 0.6125 0.4390625 0.60625 0.4390625 0.6 0.4453125 0.5875 0.45 0.5875 0.4546875 0.584375 0.46875 0.584375
2 0.60625 0.5921875 0.6125 0.5953125 0.615625 0.6046875 0.615625 0.6140625 0.60625 0.6234375 0.5984375 0.6203125 0.5953125 0.6046875 0.5953125 0.5953125 0.6 0.5921875 0.6046875 0.5921875
2 0.578125 0.5390625 0.58125 0.54375 0.58125 0.5515625 0.575 0.5546875 0.571875 0.553125 0.571875 0.54375 0.5765625 0.5390625
2 0.625 0.703125 0.634375 0.709375 0.6375 0.7234375 0.6359375 0.725 0.6359375 0.740625 0.6328125 0.7453125 0.628125 0.746875 0.6265625 0.7625 0.6234375 0.765625 0.61875 0.7625 0.6109375 0.7625 0.60625 0.759375 0.5953125 0.7578125 0.5921875 0.7515625 0.59375 0.7328125 0.603125 0.7046875 0.609375 0.7 0.6234375 0.703125
2 0.075 0.59140625 0.01953125 0.0140625
2 0.665625 0.653125 0.671875 0.6578125 0.675 0.678125 0.678125 0.68125 0.6796875 0.6890625 0.678125 0.70625 0.665625 0.7015625 0.65 0.7015625 0.6484375 0.7 0.646875 0.65625 0.6546875 0.6515625 0.6640625 0.653125
2 0.4328125 0.58125 0.4421875 0.5859375 0.4421875 0.59375 0.4390625 0.5984375 0.4328125 0.6 0.43125 0.5984375 0.4328125 0.5828125
2 0.6171875 0.6140625 0.63125 0.615625 0.6359375 0.6203125 0.6390625 0.628125 0.6390625 0.6484375 0.634375 0.65 0.6296875 0.6453125 0.6265625 0.6453125 0.621875 0.65 0.6109375 0.6328125 0.609375 0.6265625 0.6109375 0.621875 0.6171875 0.615625
2 0.48125 0.5703125 0.4875 0.5640625 0.5015625 0.5640625 0.503125 0.565625 0.5015625 0.575 0.496875 0.5796875 0.49375 0.578125 0.490625 0.571875 0.4828125 0.5703125
2 0.1953125 0.6328125 0.2015625 0.6375 0.203125 0.6421875 0.203125 0.6578125 0.2 0.6640625 0.1953125 0.66875 0.1875 0.6671875 0.16875 0.675 0.1625 0.684375 0.15625 0.6828125 0.14375 0.6578125 0.15 0.6546875 0.16875 0.634375 0.1765625 0.6375 0.19375 0.6328125
2 0.471875 0.5703125 0.475 0.575 0.4625 0.58125 0.4578125 0.58125 0.45625 0.571875 0.4703125 0.5703125
2 0.14375 0.6625 0.15 0.66875 0.153125 0.6859375 0.146875 0.709375 0.14375 0.7125 0.1359375 0.7109375 0.1109375 0.7234375 0.103125 0.7359375 0.0875 0.734375 0.08125 0.7375 0.071875 0.734375 0.06875 0.728125 0.0703125 0.7140625 0.090625 0.6828125 0.0953125 0.678125 0.1140625 0.66875 0.1265625 0.6640625 0.1421875 0.6625
2 0.5640625 0.7734375 0.5859375 0.7828125 0.5921875 0.7890625 0.5953125 0.7953125 0.5953125 0.8171875 0.5921875 0.825 0.5921875 0.8328125 0.578125 0.8390625 0.5609375 0.8578125 0.553125 0.8828125 0.534375 0.8796875 0.521875 0.8671875 0.5078125 0.8609375 0.5046875 0.853125 0.50625 0.84375 0.5046875 0.8375 0.5078125 0.8171875 0.51875 0.79375 0.5359375 0.7765625 0.54375 0.771875 0.5625 0.7734375
2 0.60625 0.625 0.6140625 0.640625 0.6140625 0.65625 0.6125 0.659375 0.5984375 0.6625 0.5921875 0.6625 0.5890625 0.65625 0.5859375 0.6328125 0.590625 0.625 0.5953125 0.6234375 0.6046875 0.625
2 0.9328125 0.65625 0.9453125 0.6609375 0.946875 0.6640625 0.9453125 0.678125 0.9390625 0.678125 0.928125 0.671875 0.921875 0.671875 0.9140625 0.6671875 0.90625 0.665625 0.90625 0.6609375 0.9109375 0.65625 0.93125 0.65625
2 0.4453125 0.5703125 0.4484375 0.575 0.4375 0.5828125 0.43125 0.58125 0.43125 0.575 0.4359375 0.5703125 0.44375 0.5703125
2 0.4578125 0.5765625 0.459375 0.58125 0.4453125 0.5890625 0.4421875 0.5875 0.440625 0.5796875 0.45 0.575 0.45625 0.5765625
2 0.578125 0.56875 0.5859375 0.56875 0.5890625 0.571875 0.5890625 0.5875 0.5828125 0.5890625 0.5765625 0.5859375 0.578125 0.5703125
2 0.5234375 0.5921875 0.5359375 0.5953125 0.5390625 0.603125 0.5375 0.615625 0.5328125 0.6171875 0.53125 0.603125 0.5234375 0.59375
2 0.484375 0.56875 0.49375 0.5734375 0.4953125 0.578125 0.49375 0.5859375 0.48125 0.5890625 0.4796875 0.5859375 0.4734375 0.5828125 0.4734375 0.5796875 0.4828125 0.5703125
2 0 0.6296875 0.00625 0.63125 0.009375 0.6359375 0.00625 0.646875 0 0.6484375 0 0.63125
2 0.6 0.5546875 0.603125 0.5578125 0.603125 0.56875 0.5921875 0.56875 0.5921875 0.559375 0.59375 0.55625 0.5984375 0.5546875
2 0.553125 0.534375 0.5546875 0.5421875 0.55 0.546875 0.5484375 0.5359375 0.5515625 0.534375
2 0.590625 0.5359375 0.5953125 0.540625 0.5953125 0.546875 0.590625 0.5484375 0.5890625 0.546875 0.590625 0.5375