5 0.58984375 0.5765625 0.01328125 0.02421875
5 0.571875 0.5546875 0.575 0.565625 0.5703125 0.575 0.5625 0.56875 0.5640625 0.55625 0.5703125 0.5546875
5 0.6921875 0.6765625 0.7015625 0.68125 0.7078125 0.7046875 0.7078125 0.721875 0.709375 0.7234375 0.709375 0.75625 0.7078125 0.7578125 0.7 0.7578125 0.690625 0.753125 0.6765625 0.753125 0.6734375 0.7453125 0.6734375 0.71875 0.671875 0.7171875 0.6734375 0.678125 0.678125 0.675 0.690625 0.6765625
3 0.73125 0.5859375 0.7359375 0.590625 0.7375 0.5953125 0.7359375 0.6 0.7265625 0.5984375 0.7265625 0.5875 0.7296875 0.5859375
3 0.5953125 0.6078125 0.5984375 0.6078125 0.5984375 0.6125 0.6015625 0.615625 0.6015625 0.628125 0.5890625 0.628125 0.5890625 0.621875 0.5953125 0.609375
3 0.625 0.62421875 0.0140625 0.02265625
3 0.203125 0.6171875 0.203125 0.6046875 0.2109375 0.5984375 0.221875 0.5953125 0.228125 0.6046875 0.228125 0.609375 0.2234375 0.6171875 0.2078125 0.615625 0.203125 0.61875
3 0.7546875 0.978125 0.7703125 0.9828125 0.7703125 0.9953125 0.76875 0.996875 0.7671875 0.9953125 0.7625 0.996875 0.746875 0.9953125 0.7484375 0.9859375 0.7515625 0.9921875 0.7546875 0.990625 0.75625 0.9796875
3 0.24375 0.5921875 0.2484375 0.59375 0.25 0.596875 0.25 0.609375 0.2453125 0.6140625 0.240625 0.609375 0.234375 0.609375 0.234375 0.5984375 0.2375 0.59375 0.2421875 0.5921875
3 0.13125 0.65 0.1328125 0.653125 0.140625 0.6546875 0.1390625 0.665625 0.1265625 0.66875 0.11875 0.675 0.115625 0.675 0.1171875 0.6625 0.121875 0.653125 0.125 0.65 0.1296875 0.65
3 0.8453125 0.70625 0.84375 0.709375 0.8453125 0.73125 0.8484375 0.734375 0.8578125 0.7203125 0.8671875 0.7203125 0.871875 0.734375 0.8703125 0.74375 0.8640625 0.746875 0.8453125 0.734375 0.840625 0.7359375 0.834375 0.734375 0.83125 0.728125 0.83125 0.7203125 0.834375 0.7140625 0.84375 0.7078125
3 0.0140625 0.61875 0.0171875 0.625 0.0171875 0.634375 0.0125 0.6390625 0.0078125 0.6359375 0.00625 0.63125 0 0.628125 0 0.621875 0.0125 0.61875
3 0.1125 0.5953125 0.115625 0.59375 0.121875 0.5953125 0.121875 0.60625 0.11875 0.6109375 0.109375 0.6109375 0.109375 0.6015625 0.1125 0.596875
0 0.596875 0.578125 0.6109375 0.578125 0.621875 0.5828125 0.6203125 0.6 0.6171875 0.60625 0.6109375 0.60625 0.596875 0.5984375 0.5953125 0.5859375 0.596875 0.5796875
0 0.45078125 0.6015625 0.0375 0.0296875
4 0.3640625 0.5734375 0.36875 0.575 0.36875 0.6046875 0.359375 0.6109375 0.3515625 0.6109375 0.35 0.60625 0.3515625 0.584375 0.35625 0.58125 0.359375 0.5828125 0.3640625 0.575
4 0.3640625 0.5734375 0.36875 0.575 0.36875 0.60625 0.359375 0.6109375 0.3515625 0.6109375 0.35 0.6078125 0.3515625 0.584375 0.35625 0.58125 0.359375 0.5828125 0.3640625 0.575
2 0.921875 0.671875 0.921875 0.6671875 0.925 0.6640625 0.934375 0.6640625 0.9421875 0.6578125 0.946875 0.6609375 0.946875 0.6796875 0.9234375 0.671875
2 0.3234375 0.9578125 0.3328125 0.965625 0.3375 0.975 0.3421875 0.9984375 0.2171875 0.9984375 0.2265625 0.9890625 0.24375 0.9796875 0.26875 0.978125 0.3 0.95625 0.321875 0.9578125
2 0.3171875 0.5953125 0.31875 0.603125 0.315625 0.609375 0.3 0.6234375 0.2921875 0.625 0.2890625 0.628125 0.2828125 0.628125 0.2765625 0.6234375 0.275 0.615625 0.278125 0.609375 0.2953125 0.596875 0.309375 0.59375 0.315625 0.5953125
2 0.2125 0.646875 0.2171875 0.6546875 0.215625 0.671875 0.2125 0.675 0.2046875 0.675 0.1921875 0.6796875 0.1859375 0.6890625 0.1625 0.6890625 0.159375 0.684375 0.159375 0.6765625 0.1625 0.66875 0.18125 0.65 0.1875 0.646875 0.1953125 0.6453125 0.2109375 0.646875
2 0.5421875 0.5421875 0.5453125 0.5453125 0.5453125 0.55 0.540625 0.553125 0.5375 0.553125 0.5375 0.54375 0.540625 0.5421875
2 0.640625 0.628125 0.65 0.6296875 0.65625 0.6359375 0.6625 0.65 0.6640625 0.675 0.6609375 0.6765625 0.6546875 0.671875 0.6390625 0.671875 0.63125 0.6625 0.6296875 0.6484375 0.6328125 0.6328125 0.6390625 0.6296875
2 0.6109375 0.7890625 0.6234375 0.7921875 0.6375 0.8 0.6421875 0.8125 0.6421875 0.83125 0.6390625 0.8453125 0.61875 0.875 0.615625 0.890625 0.60625 0.896875 0.5984375 0.896875 0.5703125 0.88125 0.565625 0.86875 0.565625 0.8546875 0.5671875 0.840625 0.5765625 0.825 0.5859375 0.8 0.5953125 0.7890625 0.609375 0.7890625
2 0.59609375 0.65234375 0.03125 0.0484375
2 0.78125 0.6171875 0.796875 0.625 0.7984375 0.6296875 0.7671875 0.6203125 0.765625 0.61875 0.7671875 0.615625 0.7796875 0.6171875
2 0.45625 0.571875 0.4625 0.575 0.4640625 0.5828125 0.4640625 0.5859375 0.45625 0.5875 0.4390625 0.5875 0.4390625 0.58125 0.446875 0.5734375 0.4546875 0.571875
2 0.7265625 0.6046875 0.7390625 0.6046875 0.7453125 0.609375 0.7359375 0.6140625 0.7359375 0.6234375 0.73125 0.6328125 0.7265625 0.6265625 0.728125 0.615625 0.7265625 0.60625
2 0.5796875 0.546875 0.58125 0.5578125 0.578125 0.5625 0.575 0.5625 0.571875 0.5546875 0.571875 0.5484375 0.578125 0.546875
2 0.1921875 0.6421875 0.0578125 0.0421875
2 0.30625 0.6171875 0.31875 0.6078125 0.328125 0.6046875 0.3390625 0.6078125 0.34375 0.615625 0.34375 0.6234375 0.3390625 0.6234375 0.33125 0.628125 0.3171875 0.6296875 0.3140625 0.6328125 0.303125 0.63125 0.303125 0.621875 0.30625 0.61875
2 0.5640625 0.56875 0.565625 0.5703125 0.5640625 0.5890625 0.5609375 0.5828125 0.5546875 0.578125 0.5546875 0.5703125 0.5625 0.56875
2 0.0734375 0.64375 0.084375 0.6546875 0.084375 0.6640625 0.06875 0.6828125 0.0640625 0.684375 0.05625 0.68125 0.03125 0.6859375 0.021875 0.6890625 0.0140625 0.696875 0.009375 0.696875 0 0.6921875 0 0.6765625 0.009375 0.66875 0.028125 0.6625 0.040625 0.6515625 0.05625 0.646875 0.071875 0.6453125
2 0.5765625 0.7078125 0.5984375 0.7203125 0.6 0.7328125 0.5984375 0.7453125 0.5921875 0.7484375 0.58125 0.7609375 0.58125 0.765625 0.578125 0.7703125 0.575 0.76875 0.565625 0.7703125 0.5546875 0.7671875 0.5484375 0.7640625 0.5453125 0.759375 0.5453125 0.7390625 0.5546875 0.7203125 0.5640625 0.709375 0.575 0.7078125
2 0.5828125 0.5625 0.584375 0.5734375 0.58125 0.58125 0.578125 0.58125 0.5765625 0.578125 0.5765625 0.56875 0.578125 0.5640625 0.58125 0.5625
2 0.740625 0.6578125 0.7671875 0.66875 0.775 0.6859375 0.775 0.7015625 0.771875 0.7046875 0.75 0.7109375 0.746875 0.7109375 0.7421875 0.703125 0.7328125 0.696875 0.71875 0.69375 0.7140625 0.690625 0.70625 0.690625 0.7015625 0.678125 0.703125 0.665625 0.715625 0.6640625 0.725 0.6578125 0.7390625 0.6578125
2 0 0.6296875 0.00625 0.63125 0.0078125 0.634375 0.0078125 0.64375 0 0.6484375 0 0.63125
2 0.6015625 0.53515625 0.0078125 0.01015625
2 0.5578125 0.58125 0.5640625 0.5921875 0.5625 0.60625 0.55 0.60625 0.54375 0.6015625 0.5421875 0.59375 0.5453125 0.5828125 0.553125 0.5796875 0.55625 0.58125