3 0.7140625 0.76875 0.7234375 0.7734375 0.7234375 0.79375 0.71875 0.8015625 0.7140625 0.7828125 0.715625 0.778125 0.7140625 0.7703125
3 0.7171875 0.7375 0.7265625 0.753125 0.7234375 0.76875 0.725 0.790625 0.721875 0.7984375 0.71875 0.8015625 0.7171875 0.8 0.7140625 0.7828125 0.715625 0.7734375 0.7109375 0.7640625 0.7109375 0.7515625 0.715625 0.7390625
3 0.5892881944444444 0.5621469907407407 0.004803240740740744 0.01565972222222225
3 0.6546875 0.6296875 0.6578125 0.6375 0.65625 0.6453125 0.6515625 0.6453125 0.6484375 0.6375 0.6484375 0.6328125 0.653125 0.6296875
3 0.12182870370370372 0.6274305555555555 0.011111111111111117 0.023518518518518494
3 0.19375 0.6140625 0.2078125 0.6125 0.209375 0.615625 0.209375 0.63125 0.2046875 0.6328125 0.1921875 0.63125 0.190625 0.625 0.19375 0.615625
3 0.459375 0.58125 0.4640625 0.5828125 0.4625 0.5953125 0.45625 0.5921875 0.45625 0.5875 0.459375 0.5828125
3 0.2859375 0.6265625 0.290625 0.6359375 0.290625 0.64375 0.2765625 0.646875 0.275 0.65 0.271875 0.6484375 0.2703125 0.640625 0.271875 0.6328125 0.2734375 0.6296875 0.284375 0.6265625
3 0.328125 0.615625 0.3328125 0.615625 0.3375 0.6203125 0.3375 0.634375 0.325 0.6390625 0.321875 0.6359375 0.321875 0.63125 0.325 0.6203125 0.328125 0.6171875
3 0.36875 0.609375 0.3796875 0.6125 0.3796875 0.61875 0.3765625 0.625 0.365625 0.6265625 0.3640625 0.615625 0.36875 0.6109375
3 0.22408564814814813 0.6164699074074074 0.0283101851851852 0.025208333333333322
3 0.69375 0.890625 0.6859375 0.878125 0.6828125 0.846875 0.6953125 0.8453125 0.6984375 0.8515625 0.7015625 0.8703125 0.7 0.88125 0.6953125 0.8890625
3 0.528125 0.8375 0.53125 0.840625 0.5328125 0.878125 0.5296875 0.884375 0.51875 0.8953125 0.51875 0.8984375 0.5140625 0.903125 0.5125 0.9109375 0.509375 0.9109375 0.5046875 0.903125 0.5046875 0.8796875 0.5078125 0.865625 0.5109375 0.8640625 0.5171875 0.86875 0.5203125 0.8671875 0.525 0.8734375 0.528125 0.871875 0.528125 0.865625 0.525 0.8625 0.528125 0.8390625
3 0.878125 0.7125 0.878125 0.7234375 0.8875 0.734375 0.890625 0.75 0.8859375 0.7578125 0.8796875 0.7578125 0.8734375 0.75 0.8671875 0.7484375 0.8625 0.74375 0.853125 0.746875 0.85 0.7453125 0.846875 0.7390625 0.846875 0.7296875 0.853125 0.7234375 0.859375 0.7109375 0.8625 0.7140625 0.8609375 0.7234375 0.8625 0.73125 0.865625 0.734375 0.8734375 0.73125 0.878125 0.7265625 0.878125 0.7140625
3 0.2390625 0.61875 0.240625 0.6109375 0.25 0.603125 0.2578125 0.603125 0.2609375 0.6078125 0.2609375 0.615625 0.2578125 0.621875 0.25625 0.6234375 0.2484375 0.6203125 0.24375 0.621875 0.240625 0.61875
3 0.0859375 0.6515625 0.0890625 0.6453125 0.0875 0.640625 0.0921875 0.6375 0.1 0.646875 0.1 0.653125 0.0984375 0.65625 0.0890625 0.65625 0.0875 0.653125
3 0.5942187499999999 0.594994212962963 0.006377314814814827 0.017233796296296334
3 0.7296875 0.8125 0.7390625 0.8171875 0.7453125 0.8234375 0.7484375 0.8359375 0.7453125 0.840625 0.74375 0.85 0.7390625 0.853125 0.7375 0.859375 0.734375 0.8578125 0.7296875 0.840625 0.73125 0.8328125 0.7296875 0.83125 0.73125 0.8296875 0.7296875 0.8140625
3 0.6578125 0.6078125 0.6625 0.6109375 0.6640625 0.6171875 0.6640625 0.625 0.6609375 0.628125 0.6578125 0.625 0.65625 0.61875 0.6578125 0.609375
0 0.7078125 0.6515625 0.7234375 0.6546875 0.728125 0.6640625 0.728125 0.6734375 0.73125 0.68125 0.73125 0.7171875 0.734375 0.725 0.734375 0.73125 0.7296875 0.7359375 0.709375 0.734375 0.7078125 0.7296875 0.7 0.725 0.696875 0.7203125 0.6984375 0.71875 0.696875 0.659375 0.7015625 0.6515625 0.70625 0.6515625
1 0.6109375 0.54375 0.615625 0.5484375 0.6171875 0.55625 0.615625 0.5625 0.6125 0.565625 0.609375 0.5625 0.60625 0.5671875 0.6046875 0.546875 0.609375 0.54375
4 0.596875 0.5328125 0.6 0.5421875 0.5984375 0.55 0.59375 0.553125 0.5890625 0.5515625 0.5875 0.540625 0.5890625 0.534375 0.5953125 0.5328125
5 0.059375 0.6109375 0.0625 0.615625 0.05625 0.6328125 0.053125 0.6359375 0.0421875 0.6359375 0.040625 0.6234375 0.046875 0.6140625 0.0578125 0.6125
5 0.09375 0.696875 0.0984375 0.6984375 0.1 0.703125 0.1 0.725 0.1046875 0.7359375 0.1 0.74375 0.09375 0.746875 0.0875 0.759375 0.075 0.7609375 0.0328125 0.7859375 0.0265625 0.7875 0.0171875 0.8 0.015625 0.7421875 0.0125 0.7328125 0.0125 0.721875 0.065625 0.6984375 0.075 0.696875 0.0921875 0.6984375
5 0.3796875 0.6140625 0.3703125 0.6109375 0.3640625 0.6171875 0.353125 0.6171875 0.3515625 0.615625 0.353125 0.5953125 0.3578125 0.590625 0.378125 0.5828125 0.3828125 0.603125 0.38125 0.6125
5 0.0109375 0.6578125 0.009375 0.640625 0.021875 0.6359375 0.0296875 0.6359375 0.0328125 0.64375 0.03125 0.6671875 0.0265625 0.671875 0.01875 0.671875 0.0171875 0.6625 0.0125 0.6578125
2 0.790625 0.6125 0.803125 0.6125 0.8203125 0.61875 0.8234375 0.6234375 0.8203125 0.625 0.8109375 0.6203125 0.8015625 0.6203125 0.790625 0.6140625
2 0.621875 0.725 0.6359375 0.728125 0.64375 0.7359375 0.646875 0.7453125 0.646875 0.759375 0.64375 0.7703125 0.6453125 0.771875 0.6390625 0.784375 0.6359375 0.796875 0.6234375 0.7921875 0.6015625 0.7921875 0.6 0.7625 0.603125 0.7578125 0.60625 0.7359375 0.6125 0.725 0.6203125 0.725
2 0.6015625 0.621875 0.6125 0.621875 0.61875 0.63125 0.61875 0.6359375 0.621875 0.6375 0.621875 0.65625 0.615625 0.653125 0.6046875 0.6546875 0.5984375 0.6484375 0.5953125 0.6375 0.596875 0.628125 0.6015625 0.6234375
2 0.6125 0.9703125 0.63125 0.9828125 0.6390625 0.990625 0.6421875 0.990625 0.65 0.9984375 0.5796875 0.9984375 0.5765625 0.996875 0.575 0.9875 0.5859375 0.9890625 0.59375 0.984375 0.6015625 0.971875 0.6109375 0.9703125
2 0.625619212962963 0.6155381944444445 0.02835648148148149 0.031458333333333324
2 0.628125 0.5890625 0.6375 0.596875 0.6359375 0.6078125 0.6296875 0.6015625 0.625 0.6015625 0.6140625 0.6078125 0.6125 0.60625 0.609375 0.59375 0.615625 0.5890625 0.6265625 0.5890625
2 0.7484375 0.6015625 0.7609375 0.6015625 0.7734375 0.609375 0.7734375 0.6140625 0.7625 0.615625 0.753125 0.6296875 0.75 0.625 0.75 0.6046875 0.7484375 0.603125
2 0.584375 0.56875 0.590625 0.575 0.5890625 0.5890625 0.578125 0.5859375 0.578125 0.5703125 0.5828125 0.5703125
2 0.2421875 0.6453125 0.2546875 0.65 0.2546875 0.6640625 0.25 0.671875 0.2421875 0.6734375 0.2359375 0.678125 0.23125 0.678125 0.21875 0.6875 0.203125 0.6875 0.1984375 0.684375 0.1984375 0.6765625 0.2015625 0.66875 0.2140625 0.6546875 0.2234375 0.6484375 0.240625 0.6453125
2 0.571875 0.590625 0.5828125 0.5890625 0.5890625 0.596875 0.5890625 0.609375 0.575 0.6109375 0.56875 0.603125 0.56875 0.5953125 0.571875 0.5921875
2 0.9375 0.6484375 0.9640625 0.6484375 0.975 0.653125 0.9765625 0.659375 0.975 0.6703125 0.971875 0.6703125 0.959375 0.6640625 0.95625 0.665625 0.940625 0.6578125 0.9359375 0.6578125 0.9375 0.65
2 0.0859375 0.5984375 0.0890625 0.6 0.0890625 0.603125 0.0796875 0.6140625 0.071875 0.6140625 0.0703125 0.6078125 0.0734375 0.6 0.084375 0.5984375
2 0.71875 0.6359375 0.728125 0.640625 0.73125 0.6453125 0.734375 0.6640625 0.7328125 0.66875 0.7296875 0.6671875 0.725 0.6546875 0.7171875 0.6515625 0.7015625 0.65 0.696875 0.6546875 0.69375 0.665625 0.6796875 0.6640625 0.6765625 0.659375 0.675 0.65 0.678125 0.640625 0.684375 0.6390625 0.6890625 0.634375 0.715625 0.634375 0.7171875 0.6359375
2 0.603125 0.571875 0.6125 0.571875 0.6171875 0.578125 0.6171875 0.5875 0.6109375 0.59375 0.6046875 0.59375 0.6 0.5921875 0.596875 0.5859375 0.603125 0.5734375
2 0.60625 0.559375 0.609375 0.5609375 0.6125 0.559375 0.615625 0.565625 0.6140625 0.571875 0.6046875 0.5703125 0.60625 0.5609375