2 0.6805497685185184 0.74375 0.05582175925925927 0.0765625
2 0.5237789351851851 0.603125 0.03947916666666664 0.028125
2 0.04306712962962963 0.6921875 0.05078703703703704 0.053125
5 0.6017071759259259 0.80078125 0.12251157407407405 0.1484375
2 0.8260937500000001 0.759375 0.06873842592592609 0.1046875
1 0.06577546296296297 0.7484375 0.08863425925925925 0.0765625
2 0.29432291666666666 0.61875 0.03943287037037031 0.025
2 0.4635300925925926 0.596875 0.03642361111111114 0.0328125
2 0.7632523148148148 0.68359375 0.08219907407407394 0.0640625
2 0.6636284722222221 0.65625 0.041412037037036956 0.053125
4 0.17982060185185184 0.69453125 0.08376157407407407 0.0640625
2 0.65203125 0.61171875 0.04120370370370381 0.0390625
2 0.6722164351851851 0.603125 0.028541666666666642 0.028125