0 0.6078125 0.5890625 0.6234375 0.5890625 0.6296875 0.5921875 0.63125 0.5953125 0.6296875 0.609375 0.625 0.6140625 0.6140625 0.6171875 0.6046875 0.6078125 0.6046875 0.5953125 0.6078125 0.590625
1 0.5859375 0.5640625 0.6015625 0.56875 0.6015625 0.58125 0.5953125 0.6046875 0.5890625 0.6046875 0.584375 0.596875 0.575 0.590625 0.5671875 0.5921875 0.5640625 0.5890625 0.565625 0.578125 0.5640625 0.5625 0.5734375 0.559375 0.584375 0.5640625
3 0.6546875 0.6484375 0.6609375 0.65 0.6640625 0.6625 0.6625 0.66875 0.6578125 0.66875 0.6546875 0.665625 0.6546875 0.65
3 0.596875 0.653125 0.60625 0.6546875 0.6046875 0.675 0.5984375 0.671875 0.59375 0.665625 0.5953125 0.6546875
3 0.0029021990740740735 0.7655671296296296 0.005804398148148147 0.03605324074074075
3 0.1140625 0.5859375 0.1171875 0.5859375 0.11875 0.5890625 0.1171875 0.603125 0.1109375 0.6046875 0.1109375 0.59375 0.1140625 0.5875
3 0.125 0.6796875 0.1265625 0.684375 0.13125 0.6875 0.134375 0.68125 0.1390625 0.678125 0.140625 0.6796875 0.1390625 0.69375 0.134375 0.7015625 0.121875 0.7046875 0.1171875 0.7109375 0.1140625 0.709375 0.115625 0.690625 0.1203125 0.68125 0.1234375 0.6796875
3 0.496875 0.571875 0.5 0.5734375 0.5015625 0.578125 0.4984375 0.5859375 0.4953125 0.5859375 0.49375 0.578125 0.496875 0.5734375
3 0.55625 0.63125 0.5625 0.63125 0.5671875 0.6390625 0.5640625 0.653125 0.5578125 0.653125 0.553125 0.65 0.5515625 0.64375 0.553125 0.6359375 0.55625 0.6328125
3 0.0046875 0.69375 0.009375 0.6953125 0.0125 0.7015625 0.0046875 0.71875 0.0046875 0.6953125
5 0.525 0.590625 0.5328125 0.5921875 0.5359375 0.5953125 0.5375 0.6078125 0.534375 0.6171875 0.5296875 0.621875 0.528125 0.6203125 0.521875 0.6234375 0.515625 0.6171875 0.5 0.615625 0.4984375 0.6078125 0.5 0.6 0.5078125 0.5890625 0.5234375 0.590625
5 0.5765625 0.6078125 0.584375 0.6109375 0.5921875 0.6109375 0.596875 0.615625 0.5984375 0.634375 0.596875 0.6390625 0.5875 0.646875 0.5734375 0.6453125 0.571875 0.6421875 0.5671875 0.640625 0.5671875 0.634375 0.559375 0.6265625 0.553125 0.63125 0.5515625 0.6359375 0.5515625 0.6234375 0.5578125 0.6125 0.5671875 0.6078125 0.575 0.6078125
4 0.159375 0.5734375 0.1609375 0.575 0.1953125 0.5734375 0.1953125 0.5921875 0.196875 0.59375 0.1953125 0.6078125 0.190625 0.6140625 0.1859375 0.6125 0.1796875 0.61875 0.1703125 0.6234375 0.1625 0.6171875 0.1515625 0.6171875 0.1421875 0.6234375 0.134375 0.6234375 0.1328125 0.6203125 0.128125 0.6203125 0.128125 0.6015625 0.1328125 0.5875 0.1390625 0.5796875 0.1484375 0.575 0.1578125 0.5734375
4 0.278125 0.58125 0.2796875 0.5953125 0.265625 0.6015625 0.2578125 0.6109375 0.253125 0.6125 0.246875 0.61875 0.246875 0.6234375 0.240625 0.628125 0.2265625 0.6265625 0.2171875 0.621875 0.2171875 0.609375 0.2234375 0.5953125 0.2296875 0.5890625 0.24375 0.584375 0.259375 0.584375 0.265625 0.58125 0.2765625 0.58125
2 0.725 0.621875 0.734375 0.621875 0.7484375 0.63125 0.746875 0.6359375 0.740625 0.6375 0.7375 0.6359375 0.7328125 0.6390625 0.728125 0.646875 0.725 0.64375 0.7265625 0.628125 0.725 0.6234375
2 0.7640625 0.6375 0.7703125 0.6359375 0.7796875 0.6375 0.796875 0.646875 0.7953125 0.65 0.796875 0.6515625 0.79375 0.6515625 0.7828125 0.6453125 0.771875 0.64375 0.7640625 0.6390625
2 0.540625 0.5578125 0.5390625 0.55 0.5421875 0.546875 0.5484375 0.5484375 0.5484375 0.55625 0.5421875 0.5578125
2 0.6390625 0.615625 0.64375 0.6171875 0.6515625 0.628125 0.6515625 0.6359375 0.6484375 0.640625 0.640625 0.640625 0.6328125 0.6359375 0.621875 0.634375 0.6171875 0.63125 0.6171875 0.61875 0.6296875 0.6125 0.6375 0.615625
2 0.48125 0.5890625 0.4859375 0.5984375 0.4859375 0.60625 0.48125 0.6125 0.4671875 0.609375 0.4578125 0.6109375 0.4515625 0.6078125 0.453125 0.5953125 0.465625 0.5890625 0.4796875 0.5890625
2 0.440625 0.578125 0.44375 0.578125 0.453125 0.5703125 0.4625 0.571875 0.4671875 0.5765625 0.465625 0.5859375 0.4609375 0.590625 0.4515625 0.59375 0.4390625 0.5921875 0.440625 0.5796875
2 0.928125 0.684375 0.940625 0.690625 0.940625 0.7078125 0.928125 0.7046875 0.9265625 0.7015625 0.9171875 0.7 0.903125 0.6921875 0.903125 0.6875 0.90625 0.684375 0.9265625 0.684375
2 0.5765625 0.5921875 0.584375 0.5984375 0.5875 0.6046875 0.5875 0.6078125 0.584375 0.609375 0.575 0.60625 0.5625 0.6078125 0.5640625 0.596875 0.5703125 0.5921875 0.575 0.5921875
2 0.4328125 0.584375 0.4375 0.590625 0.4359375 0.6046875 0.4328125 0.60625 0.43125 0.5859375
2 0.559375 0.55 0.5609375 0.54375 0.565625 0.54375 0.565625 0.546875 0.5609375 0.55
2 0.3265625 0.5953125 0.33125 0.6 0.328125 0.60625 0.328125 0.6125 0.3234375 0.615625 0.309375 0.6171875 0.3015625 0.6046875 0.3046875 0.5984375 0.3140625 0.5921875 0.321875 0.5921875 0.325 0.5953125
2 0.4828125 0.5671875 0.4921875 0.575 0.4890625 0.5828125 0.478125 0.5875 0.471875 0.5859375 0.4703125 0.5828125 0.471875 0.5765625 0.48125 0.56875
2 0.296875 0.603125 0.3046875 0.6140625 0.296875 0.628125 0.2765625 0.6296875 0.265625 0.6375 0.2546875 0.634375 0.2484375 0.6296875 0.25 0.6171875 0.26875 0.6015625 0.2765625 0.5984375 0.290625 0.5984375 0.2953125 0.603125
2 0.4453125 0.5671875 0.4484375 0.571875 0.4359375 0.58125 0.4328125 0.5796875 0.4328125 0.571875 0.44375 0.5671875
2 0.2859375 0.5859375 0.2953125 0.5890625 0.3015625 0.5953125 0.3015625 0.6 0.29375 0.6015625 0.2890625 0.596875 0.2828125 0.596875 0.28125 0.5890625 0.284375 0.5875
2 0.3625 0.59375 0.3671875 0.5984375 0.365625 0.615625 0.34375 0.61875 0.340625 0.621875 0.334375 0.6203125 0.328125 0.6140625 0.33125 0.603125 0.34375 0.5953125 0.3609375 0.59375
2 0.08125 0.5640625 0.084375 0.56875 0.075 0.578125 0.0703125 0.578125 0.065625 0.571875 0.071875 0.5640625 0.0796875 0.5640625
2 0.0046875 0.6046875 0.0078125 0.609375 0.0078125 0.615625 0.0046875 0.6203125 0.0046875 0.60625
2 0.4859375 0.5578125 0.4953125 0.5640625 0.4953125 0.571875 0.4890625 0.5734375 0.484375 0.5703125 0.484375 0.559375
2 0.8125 0.703125 0.825 0.709375 0.8421875 0.7140625 0.8484375 0.7203125 0.859375 0.7234375 0.865625 0.7328125 0.8671875 0.7625 0.8640625 0.765625 0.8515625 0.765625 0.8453125 0.7703125 0.8296875 0.7703125 0.828125 0.771875 0.8234375 0.771875 0.81875 0.7609375 0.8109375 0.753125 0.7984375 0.75 0.7765625 0.7375 0.7671875 0.7390625 0.7609375 0.7328125 0.7546875 0.71875 0.7609375 0.70625 0.7796875 0.70625 0.7828125 0.703125 0.790625 0.703125 0.79375 0.7 0.8078125 0.7 0.8109375 0.703125
2 0.09375 0.5734375 0.103125 0.5890625 0.1015625 0.5984375 0.0953125 0.6015625 0.078125 0.6015625 0.0765625 0.5984375 0.078125 0.584375 0.08125 0.5765625 0.084375 0.5734375 0.0921875 0.5734375
2 0.8984375 0.99375 0.9015625 0.9984375 0.8578125 0.9984375 0.865625 0.9953125 0.8703125 0.996875 0.88125 0.9921875 0.896875 0.99375
2 0.5078125 0.55625 0.5125 0.55625 0.515625 0.559375 0.515625 0.5703125 0.50625 0.571875 0.5078125 0.5578125
2 0.0484375 0.571875 0.0578125 0.5734375 0.0578125 0.5796875 0.0515625 0.5796875 0.0453125 0.584375 0.04375 0.596875 0.0390625 0.596875 0.034375 0.5921875 0.0390625 0.5765625 0.046875 0.571875