0 0.5890625 0.5453125 0.596875 0.54375 0.6 0.546875 0.596875 0.5671875 0.5890625 0.5671875 0.5875 0.5640625 0.5875 0.5484375 0.5890625 0.546875
3 0.1125 0.63125 0.115625 0.63125 0.11875 0.6390625 0.11875 0.6453125 0.1140625 0.65 0.1109375 0.646875 0.1125 0.6328125
3 0.5990393518518518 0.5921875 0.008136574074074065 0.021875
3 0.18986689814814817 0.63125 0.02063657407407409 0.021875
3 0.00625 0.759375 0.0109375 0.7609375 0.0140625 0.765625 0.009375 0.778125 0.009375 0.784375 0.0078125 0.784375 0.00625 0.7609375
3 0.008130787037037037 0.6640625 0.012777777777777777 0.01875
4 0.0953125 0.684375 0.10625 0.6765625 0.109375 0.6765625 0.11875 0.6625 0.1265625 0.6578125 0.1359375 0.65625 0.1390625 0.653125 0.15 0.653125 0.15625 0.65625 0.16875 0.653125 0.171875 0.6546875 0.171875 0.6703125 0.1640625 0.684375 0.14375 0.6859375 0.13125 0.6921875 0.1234375 0.7046875 0.1125 0.703125 0.103125 0.7078125 0.0953125 0.7 0.09375 0.69375 0.0953125 0.6859375
4 0.3 0.60625 0.309375 0.6078125 0.3109375 0.6140625 0.3046875 0.6203125 0.3 0.6296875 0.2953125 0.6296875 0.2875 0.634375 0.28125 0.6328125 0.28125 0.621875 0.278125 0.6125 0.2796875 0.6078125 0.2859375 0.6046875 0.2984375 0.60625
4 0.453125 0.5546875 0.4578125 0.575 0.453125 0.5796875 0.4453125 0.578125 0.4390625 0.58125 0.4296875 0.58125 0.43125 0.578125 0.4296875 0.5609375 0.43125 0.5578125 0.4515625 0.5546875
5 0.5015625 0.5859375 0.5046875 0.590625 0.503125 0.5921875 0.5046875 0.5953125 0.503125 0.6109375 0.5046875 0.6125 0.4953125 0.6171875 0.4734375 0.615625 0.465625 0.609375 0.465625 0.60625 0.46875 0.59375 0.471875 0.590625 0.48125 0.5875 0.5 0.5859375
5 0.278125 0.6140625 0.28125 0.6421875 0.2765625 0.64375 0.271875 0.65 0.2515625 0.6515625 0.2484375 0.6546875 0.2421875 0.6546875 0.2359375 0.659375 0.228125 0.6609375 0.221875 0.6578125 0.2234375 0.65 0.221875 0.64375 0.2421875 0.621875 0.246875 0.621875 0.25625 0.615625 0.2765625 0.6140625
5 0.4420196759259259 0.59140625 0.025439814814814898 0.0296875
2 0.2453125 0.6109375 0.246875 0.6125 0.2546875 0.6109375 0.2578125 0.6125 0.2578125 0.615625 0.2453125 0.6203125 0.234375 0.634375 0.2234375 0.640625 0.2234375 0.6359375 0.234375 0.621875 0.234375 0.61875 0.2390625 0.6125 0.24375 0.6125
2 0.5546875 0.5265625 0.55625 0.534375 0.5515625 0.540625 0.5453125 0.5390625 0.5453125 0.5296875 0.5484375 0.5265625 0.553125 0.5265625
2 0.0640625 0.615625 0.0703125 0.6125 0.0796875 0.6140625 0.0796875 0.6171875 0.0703125 0.6265625 0.0625 0.625 0.0640625 0.6171875
2 0.5046875 0.5609375 0.5078125 0.5625 0.509375 0.575 0.5078125 0.578125 0.49375 0.584375 0.490625 0.584375 0.4875 0.5796875 0.490625 0.565625 0.4953125 0.5609375 0.503125 0.5609375
2 0.7296875 0.5875 0.7421875 0.5859375 0.75625 0.5953125 0.7515625 0.6 0.74375 0.6 0.7390625 0.603125 0.7359375 0.6125 0.7328125 0.6125 0.7296875 0.6046875 0.7296875 0.5890625
2 0.56875 0.546875 0.56875 0.55625 0.5625 0.5609375 0.559375 0.5578125 0.559375 0.546875 0.5625 0.54375 0.5671875 0.546875
2 0.0484375 0.625 0.05625 0.6296875 0.05625 0.6359375 0.053125 0.6375 0.05 0.646875 0.04375 0.6515625 0.034375 0.65 0.0359375 0.6328125 0.0390625 0.628125 0.046875 0.6265625
2 0.584375 0.5484375 0.5859375 0.5578125 0.58125 0.5640625 0.5765625 0.5625 0.575 0.559375 0.5765625 0.55 0.5796875 0.546875 0.5828125 0.5484375
2 0.1125 0.6078125 0.115625 0.6125 0.115625 0.625 0.109375 0.6296875 0.0953125 0.6296875 0.09375 0.6234375 0.096875 0.6125 0.1015625 0.609375 0.1109375 0.6078125
2 0.396875 0.5890625 0.4 0.5890625 0.4015625 0.59375 0.4 0.609375 0.396875 0.590625
2 0.459375 0.5734375 0.4625 0.5640625 0.4671875 0.559375 0.4734375 0.5578125 0.4765625 0.559375 0.478125 0.5703125 0.4734375 0.5734375 0.4671875 0.5703125 0.4625 0.575 0.4609375 0.5734375
2 0.33125 0.60625 0.3390625 0.609375 0.340625 0.6171875 0.3390625 0.6140625 0.325 0.6140625 0.3046875 0.634375 0.3015625 0.63125 0.3015625 0.6265625 0.3109375 0.6125 0.321875 0.60625 0.3296875 0.60625
2 0.3640625 0.5984375 0.3671875 0.6 0.3671875 0.6171875 0.359375 0.6140625 0.359375 0.6 0.3625 0.5984375
2 0.0015625 0.6609375 0.00625 0.6640625 0.009375 0.675 0.003125 0.68125 0.0015625 0.6625
2 0.778125 0.59375 0.790625 0.596875 0.8 0.6015625 0.803125 0.60625 0.7703125 0.5984375 0.76875 0.5953125 0.7765625 0.59375
2 0.59375 0.5265625 0.5984375 0.528125 0.5984375 0.5421875 0.5921875 0.540625 0.59375 0.528125
2 0.5015625 0.546875 0.5140625 0.546875 0.515625 0.55 0.5140625 0.5609375 0.5125 0.5640625 0.509375 0.5640625 0.5 0.5546875 0.5015625 0.5484375
2 0.321875 0.6125 0.3296875 0.6109375 0.3390625 0.6125 0.34375 0.6203125 0.3421875 0.634375 0.325 0.6375 0.309375 0.6453125 0.3015625 0.640625 0.3015625 0.6359375 0.321875 0.6140625