2 0.7643692129629629 0.6798437500000001 0.06131944444444457 0.052013888888888894
2 0.2484259259259259 0.6330555555555556 0.05498842592592599 0.04103009259259256
2 0.3844849537037037 0.8613946759259259 0.10570601851851844 0.13827546296296306
5 0.39968750000000003 0.6990162037037038 0.06943287037037038 0.09269675925925931
2 0.4293981481481481 0.5968981481481481 0.022060185185185332 0.02516203703703699
2 0.5037210648148148 0.6115104166666667 0.04557870370370374 0.036273148148148235
2 0.28086805555555555 0.688761574074074 0.050520833333333307 0.07068287037037031
5 0.6076793981481481 0.9330555555555555 0.2275810185185186 0.13388888888888886
2 0.3141435185185185 0.6460416666666667 0.042465277777777824 0.03781250000000007
2 0.18793402777777776 0.6927604166666667 0.12252314814814813 0.08840277777777779
2 0.35394097222222226 0.6400868055555555 0.03780092592592599 0.04090277777777782
5 0.4675173611111111 0.7862326388888888 0.12292824074074069 0.14309027777777777
2 0.4022106481481481 0.6177893518518518 0.04714120370370374 0.03628472222222214
2 0.7102256944444445 0.6474131944444445 0.05501157407407398 0.04415509259259256
2 0.5348437500000001 0.5945543981481481 0.03618055555555557 0.033078703703703735
2 0.9290277777777778 0.6560648148148148 0.03300925925925924 0.026805555555555572
2 0.4456423611111111 0.575144675925926 0.01892361111111107 0.023576388888889
2 0.9339525462962962 0.7935937500000001 0.09753472222222222 0.08978009259259263
5 0.8930555555555557 0.6511111111111111 0.029918981481481664 0.031469907407407405
3 0.8859027777777777 0.7401157407407407 0.03472222222222214 0.04712962962962948