2 0.57421875 0.775 0.07109375 0.084375
2 0.1171875 0.653125 0.07109375 0.03828125
2 0.65859375 0.72578125 0.03984375 0.06015625
2 0.59609375 0.68828125 0.03671875 0.05078125
2 0.36484375 0.93515625 0.1453125 0.12890625
2 0.475 0.5984375 0.03125 0.02265625
2 0.61640625 0.59765625 0.028125 0.02421875
2 0.0796875 0.70859375 0.09453125 0.071875
2 0.809375 0.7046875 0.103125 0.0734375
2 0.546875 0.9265625 0.11875 0.1390625
2 0.3015625 0.61484375 0.0453125 0.034375
1 0.6765625 0.653125 0.07734375 0.0671875
0 0.71953125 0.73359375 0.05546875 0.121875
2 0.07734375 0.6 0.03203125 0.02265625
2 0.44296875 0.58671875 0.021875 0.03359375
4 0.57734375 0.615625 0.04921875 0.0640625
2 0.0125 0.6109375 0.025 0.028125
2 0.4984375 0.571875 0.01875 0.021875
2 0.54921875 0.5921875 0.0171875 0.025
2 0.04765625 0.6125 0.025 0.0234375
2 0.2234375 0.628125 0.03203125 0.02421875
2 0.1828125 0.971875 0.046875 0.05625
5 0.24375 0.6125 0.07109375 0.05859375
2 0.0046875 0.63984375 0.009375 0.02421875