2 0.7727893518518518 0.6450925925925926 0.05815972222222214 0.04730324074074073
2 0.264212962962963 0.6512037037037037 0.05182870370370374 0.03631944444444457
2 0.41734375 0.8617997685185186 0.09313657407407412 0.1288078703703704
5 0.41693287037037036 0.7008564814814815 0.06001157407407405 0.08637731481481481
2 0.4380439814814815 0.5975694444444445 0.020486111111111073 0.023587962962962904
2 0.5115335648148148 0.6040567129629629 0.04241898148148149 0.03156250000000007
2 0.3005324074074074 0.7025 0.04422453703703706 0.06438657407407397
5 0.6428182870370371 0.9241956018518518 0.2135532407407407 0.14376157407407392
2 0.3291030092592592 0.6569733796296295 0.03930555555555557 0.0331018518518519
2 0.21000000000000002 0.7156712962962963 0.11462962962962964 0.07740740740740755
2 0.3673148148148148 0.6473148148148148 0.034652777777777824 0.03775462962962965
5 0.49174189814814817 0.7799942129629629 0.11035879629629637 0.1336226851851851
2 0.4132175925925926 0.6211921296296297 0.04398148148148149 0.03157407407407398
2 0.7179050925925926 0.6189351851851852 0.051851851851851906 0.039444444444444574
2 0.9948379629629629 0.61453125 0.01032407407407412 0.023530092592592665
2 0.5410821759259259 0.5850868055555556 0.03302083333333332 0.02836805555555557
2 0.933443287037037 0.605619212962963 0.02986111111111107 0.023657407407407405
2 0.45193865740740746 0.5748090277777778 0.015787037037037165 0.02199074074074083
2 0.9522251157407406 0.7398553240740741 0.09554976851851862 0.08196759259259263
5 0.8975000000000002 0.6051041666666667 0.026770833333333143 0.028321759259259238
3 0.8981481481481481 0.6926041666666667 0.03157407407407433 0.04398148148148149