2 0.6375 0.78125 0.06328125 0.090625
2 0.696875 0.628125 0.04140625 0.03203125
2 0.5453125 0.60859375 0.0359375 0.028125
2 0.353125 0.59921875 0.02890625 0.02109375
5 0.51328125 0.853125 0.13828125 0.1625
2 0.7609375 0.70625 0.08984375 0.0671875
2 0.45625 0.59765625 0.04375 0.03515625
2 0.165625 0.63203125 0.0640625 0.03984375
2 0.79140625 0.78203125 0.06171875 0.11171875
2 0.59296875 0.61875 0.046875 0.0375
2 0.078125 0.5984375 0.03203125 0.021875
2 0.17578125 0.64375 0.0828125 0.05546875
4 0.26171875 0.63046875 0.053125 0.04140625
2 0.12265625 0.69140625 0.0875 0.065625
5 0.55859375 0.734375 0.08203125 0.09765625
2 0.01171875 0.60859375 0.02265625 0.0234375
2 0.190625 0.65078125 0.059375 0.0359375
5 0.596875 0.671875 0.0390625 0.06875
2 0.64609375 0.6296875 0.03671875 0.0375
2 0.45234375 0.55703125 0.02578125 0.01796875