3 0.1640625 0.684375 0.165625 0.696875 0.1625 0.703125 0.15 0.709375 0.146875 0.7140625 0.1421875 0.7140625 0.14375 0.6953125 0.146875 0.6875 0.1546875 0.6890625 0.1625 0.6859375
3 0.4734375 0.5640625 0.4765625 0.5703125 0.475 0.5765625 0.4703125 0.578125 0.4703125 0.571875 0.4734375 0.565625
3 0.66875 0.678125 0.66875 0.684375 0.671875 0.690625 0.678125 0.684375 0.6765625 0.709375 0.6734375 0.7109375 0.6671875 0.7015625 0.665625 0.69375 0.6671875 0.6796875
3 0.54140625 0.62265625 0.0140625 0.02265625
3 0.6265625 0.59375 0.6296875 0.6 0.628125 0.6109375 0.6234375 0.6125 0.621875 0.6078125 0.621875 0.6 0.625 0.5953125
3 0.184375 0.653125 0.1875 0.6515625 0.1890625 0.6453125 0.196875 0.646875 0.19375 0.653125 0.19375 0.6671875 0.184375 0.6765625 0.178125 0.6796875 0.1734375 0.678125 0.175 0.6640625 0.1796875 0.65625 0.184375 0.6546875
3 0.1125 0.6234375 0.1125 0.609375 0.115625 0.6046875 0.11875 0.60625 0.1203125 0.6109375 0.1203125 0.621875 0.1140625 0.6234375
3 0.6578125 0.6171875 0.6640625 0.6234375 0.6640625 0.6375 0.659375 0.6359375 0.6578125 0.6328125 0.65625 0.61875
3 0.453125 0.5796875 0.459375 0.5859375 0.459375 0.590625 0.453125 0.59375 0.4515625 0.5921875 0.453125 0.58125
3 0.2828125 0.6234375 0.2890625 0.6265625 0.290625 0.6390625 0.2796875 0.6453125 0.2734375 0.6453125 0.278125 0.6265625 0.28125 0.625
3 0.2203125 0.5953125 0.228125 0.6046875 0.228125 0.6109375 0.2234375 0.6171875 0.2203125 0.6140625 0.2046875 0.6125 0.20625 0.6046875 0.21875 0.5953125
3 0.24375 0.59375 0.2484375 0.5953125 0.25 0.5984375 0.2484375 0.6125 0.2328125 0.6125 0.228125 0.609375 0.228125 0.603125 0.2421875 0.59375
3 0.0921875 0.7203125 0.0953125 0.725 0.1015625 0.728125 0.1078125 0.7234375 0.1109375 0.725 0.109375 0.7390625 0.10625 0.74375 0.0890625 0.7578125 0.0859375 0.7578125 0.084375 0.753125 0.0859375 0.7359375 0.0890625 0.7234375 0.0921875 0.721875
3 0.7171875 0.6703125 0.7203125 0.68125 0.7171875 0.7109375 0.7125 0.709375 0.7078125 0.69375 0.709375 0.671875 0.7125 0.66875 0.715625 0.6703125
3 0.1984375 0.603125 0.2015625 0.609375 0.2015625 0.61875 0.1921875 0.6234375 0.184375 0.621875 0.1828125 0.6125 0.1875 0.6046875 0.196875 0.603125
3 0 0.7828125 0.0046875 0.7796875 0.009375 0.7796875 0.0140625 0.7859375 0.0125 0.8 0.009375 0.8078125 0.00625 0.8140625 0 0.8140625 0 0.784375
3 0.6859375 0.6890625 0.684375 0.6765625 0.6953125 0.6609375 0.7 0.6609375 0.7015625 0.6640625 0.7015625 0.66875 0.6984375 0.6734375 0.696875 0.69375 0.69375 0.6953125 0.6875 0.6890625
3 0.175 0.65 0.1765625 0.65625 0.1734375 0.665625 0.1671875 0.6703125 0.1625 0.6703125 0.1578125 0.6671875 0.1546875 0.6734375 0.1515625 0.6734375 0.15 0.66875 0.1578125 0.6515625 0.1625 0.65 0.16875 0.65625 0.1703125 0.6515625 0.1734375 0.65
3 0.2453125 0.6359375 0.2484375 0.640625 0.2546875 0.6375 0.25625 0.640625 0.2546875 0.6515625 0.2421875 0.6578125 0.2390625 0.65625 0.2390625 0.6484375 0.24375 0.6375
3 0.1234375 0.6828125 0.125 0.6890625 0.1203125 0.6984375 0.11875 0.7109375 0.1109375 0.721875 0.1078125 0.71875 0.1046875 0.6984375 0.1015625 0.696875 0.0984375 0.7 0.1015625 0.6953125 0.10625 0.69375 0.109375 0.6953125 0.1140625 0.690625 0.1171875 0.6828125 0.121875 0.6828125
3 0.5046875 0.55625 0.5078125 0.5578125 0.50625 0.5671875 0.5046875 0.5671875 0.5046875 0.5578125
3 0.4640625 0.5703125 0.4671875 0.5734375 0.4671875 0.58125 0.4625 0.5828125 0.4609375 0.578125 0.4640625 0.571875
0 0.603125 0.571875 0.6125 0.578125 0.6140625 0.5859375 0.6125 0.6 0.603125 0.6 0.5921875 0.59375 0.590625 0.5890625 0.5921875 0.5734375 0.5953125 0.5703125 0.6015625 0.571875
5 0.0375 0.6203125 0.0375 0.60625 0.0390625 0.6015625 0.0453125 0.596875 0.0578125 0.5984375 0.0578125 0.6046875 0.0546875 0.6140625 0.0484375 0.6203125 0.0390625 0.6203125
5 0 0.6953125 0.015625 0.6984375 0.021875 0.7171875 0.0203125 0.75 0.009375 0.7578125 0.0046875 0.753125 0 0.753125 0 0.696875
2 0.7265625 0.6046875 0.7375 0.6046875 0.7453125 0.6078125 0.75 0.6125 0.7484375 0.6171875 0.740625 0.615625 0.7359375 0.6203125 0.73125 0.6328125 0.7265625 0.6265625 0.728125 0.615625 0.7265625 0.60625
2 0.6375 0.6125 0.6453125 0.6171875 0.65 0.628125 0.65 0.640625 0.646875 0.64375 0.6390625 0.6421875 0.6296875 0.63125 0.621875 0.628125 0.6234375 0.6140625 0.6359375 0.6125
2 0.609375 0.6625 0.60625 0.65625 0.60625 0.640625 0.6125 0.6296875 0.6234375 0.6296875 0.6328125 0.6359375 0.6375 0.6453125 0.6390625 0.66875 0.6375 0.671875 0.6234375 0.66875 0.615625 0.6734375 0.6109375 0.6625
2 0.9078125 0.65625 0.93125 0.65625 0.9453125 0.6609375 0.9453125 0.678125 0.940625 0.678125 0.928125 0.671875 0.921875 0.671875 0.91875 0.66875 0.90625 0.665625 0.9078125 0.6578125
2 0.5953125 0.553125 0.6 0.553125 0.603125 0.55625 0.603125 0.56875 0.5953125 0.5703125 0.5921875 0.5640625 0.5953125 0.5546875
2 0.5859375 0.5421875 0.5890625 0.54375 0.5890625 0.553125 0.5828125 0.553125 0.584375 0.54375
2 0.609375 0.7 0.628125 0.7078125 0.6328125 0.7203125 0.63125 0.7359375 0.615625 0.759375 0.6125 0.7609375 0.6046875 0.7609375 0.6 0.7578125 0.5890625 0.75625 0.584375 0.7515625 0.584375 0.728125 0.5953125 0.70625 0.6 0.7015625 0.6078125 0.7
2 0.3609375 0.590625 0.3640625 0.60625 0.3578125 0.6140625 0.3375 0.6125 0.334375 0.615625 0.328125 0.6140625 0.328125 0.6015625 0.3421875 0.590625 0.359375 0.590625
2 0.5609375 0.59296875 0.01875 0.025
2 0.7734375 0.615625 0.78125 0.6171875 0.796875 0.625 0.7984375 0.6296875 0.7671875 0.6203125 0.765625 0.6171875 0.771875 0.615625
2 0.925 0.9640625 0.9390625 0.9796875 0.9453125 0.9984375 0.8734375 0.9984375 0.8828125 0.9875 0.89375 0.9796875 0.9234375 0.9640625
2 0.5671875 0.5640625 0.5734375 0.5703125 0.571875 0.58125 0.56875 0.5828125 0.5625 0.58125 0.5625 0.5671875 0.565625 0.565625
2 0.578125 0.5421875 0.5765625 0.553125 0.5734375 0.553125 0.571875 0.55 0.5734375 0.54375 0.5765625 0.5421875
2 0.5640625 0.5515625 0.5671875 0.55625 0.5671875 0.5625 0.5609375 0.565625 0.559375 0.5640625 0.5578125 0.5578125 0.5625 0.553125
2 0.4984375 0.8296875 0.5125 0.834375 0.5296875 0.846875 0.53125 0.8703125 0.5234375 0.8921875 0.509375 0.89375 0.4828125 0.925 0.48125 0.94375 0.4765625 0.9546875 0.45 0.9578125 0.4296875 0.94375 0.421875 0.93125 0.421875 0.90625 0.4265625 0.890625 0.4359375 0.8796875 0.4546875 0.8453125 0.4703125 0.8328125 0.4859375 0.834375 0.496875 0.83125