2 0.60546875 0.69921875 0.0375 0.053125
2 0.65390625 0.77265625 0.05703125 0.08046875
2 0.6484375 0.646875 0.03125 0.0328125
5 0.4359375 0.8453125 0.13515625 0.1609375
2 0.56015625 0.7671875 0.07265625 0.084375
2 0.275 0.63515625 0.0515625 0.03671875
2 0.60703125 0.6546875 0.0265625 0.0328125
2 0.6671875 0.69296875 0.0359375 0.05
2 0.59296875 0.95078125 0.12421875 0.0890625
4 0.4953125 0.6046875 0.04140625 0.0296875
2 0.68984375 0.8375 0.0765625 0.10859375
2 0.790625 0.83984375 0.071875 0.12890625
2 0.715625 0.67421875 0.05 0.0390625
2 0.103125 0.6171875 0.0375 0.034375
2 0.3140625 0.61015625 0.040625 0.0296875
5 0.5703125 0.61953125 0.053125 0.05