3 0.234375 0.64375 0.2375 0.6421875 0.246875 0.64375 0.2453125 0.659375 0.234375 0.665625 0.2296875 0.6640625 0.2296875 0.6546875 0.234375 0.6453125
3 0.6015625 0.6078125 0.6046875 0.6125 0.6046875 0.6203125 0.603125 0.621875 0.59375 0.6203125 0.590625 0.615625 0.5921875 0.6078125 0.6 0.609375
3 0.7828125 0.6921875 0.7890625 0.696875 0.7875 0.7171875 0.7703125 0.709375 0.765625 0.70625 0.7640625 0.7015625 0.7640625 0.690625 0.76875 0.68125 0.7734375 0.68125 0.7734375 0.6875 0.78125 0.69375
3 0.640625 0.61875 0.64375 0.621875 0.6484375 0.6203125 0.653125 0.621875 0.6515625 0.6375 0.65 0.6390625 0.640625 0.6375 0.6375 0.634375 0.6390625 0.6203125
3 0.1984375 0.603125 0.2015625 0.6109375 0.2015625 0.6203125 0.1890625 0.6234375 0.184375 0.621875 0.184375 0.6109375 0.1875 0.60625 0.196875 0.603125
3 0.30625 0.5953125 0.30625 0.60625 0.3 0.615625 0.2953125 0.6140625 0.2953125 0.609375 0.3 0.5984375 0.3046875 0.5953125
3 0.821875 0.703125 0.828125 0.7046875 0.8296875 0.7078125 0.8296875 0.7234375 0.828125 0.725 0.8203125 0.7234375 0.815625 0.71875 0.803125 0.7140625 0.8015625 0.7109375 0.8 0.703125 0.803125 0.6921875 0.80625 0.6890625 0.809375 0.690625 0.8109375 0.696875 0.8203125 0.703125
3 0.1125 0.6234375 0.1125 0.609375 0.115625 0.6046875 0.11875 0.60625 0.1203125 0.6203125 0.11875 0.6234375 0.1140625 0.6234375
3 0.7375 0.6578125 0.7453125 0.6671875 0.7515625 0.6703125 0.7515625 0.6875 0.7484375 0.6921875 0.7421875 0.6859375 0.728125 0.684375 0.7265625 0.68125 0.728125 0.665625 0.73125 0.659375 0.7359375 0.6578125
5 0.528125 0.5921875 0.5421875 0.5953125 0.54375 0.615625 0.5375 0.6234375 0.5265625 0.625 0.515625 0.6203125 0.5140625 0.621875 0.5078125 0.6203125 0.5046875 0.6125 0.5046875 0.6 0.509375 0.59375 0.5265625 0.5921875
5 0.3265625 0.5875 0.340625 0.5828125 0.3578125 0.5828125 0.359375 0.5890625 0.359375 0.6015625 0.353125 0.6078125 0.3453125 0.6078125 0.340625 0.603125 0.340625 0.6 0.334375 0.59375 0.328125 0.59375 0.3265625 0.5890625
4 0.2828125 0.6078125 0.284375 0.6203125 0.271875 0.6328125 0.2671875 0.6328125 0.2640625 0.6296875 0.240625 0.6296875 0.234375 0.634375 0.23125 0.6328125 0.228125 0.6265625 0.228125 0.6203125 0.23125 0.615625 0.2390625 0.6125 0.2484375 0.6046875 0.25625 0.6015625 0.2671875 0.6015625 0.271875 0.6078125 0.28125 0.6078125
2 0.7265625 0.6046875 0.7375 0.6046875 0.7453125 0.6078125 0.75 0.6140625 0.7484375 0.6171875 0.740625 0.6171875 0.7296875 0.6296875 0.7265625 0.6265625 0.7265625 0.60625
2 0.5703125 0.5953125 0.5828125 0.6 0.5859375 0.6046875 0.5859375 0.6109375 0.575 0.6109375 0.5609375 0.60625 0.5546875 0.6078125 0.553125 0.6046875 0.55625 0.6015625 0.5640625 0.596875 0.56875 0.596875
2 0.6234375 0.6265625 0.628125 0.63125 0.63125 0.640625 0.63125 0.653125 0.628125 0.6578125 0.6234375 0.6578125 0.61875 0.6609375 0.6078125 0.653125 0.59375 0.6515625 0.590625 0.640625 0.5921875 0.6359375 0.60625 0.625 0.621875 0.6265625
2 0.4765625 0.5953125 0.4828125 0.603125 0.4828125 0.6109375 0.475 0.6171875 0.4671875 0.6140625 0.4546875 0.615625 0.4515625 0.6125 0.4515625 0.6046875 0.45625 0.5984375 0.46875 0.59375 0.475 0.5953125
2 0.365625 0.5859375 0.36875 0.5921875 0.36875 0.609375 0.3640625 0.6109375 0.359375 0.6046875 0.3609375 0.5890625 0.3640625 0.5875
2 0.4875 0.58125 0.49375 0.578125 0.5078125 0.578125 0.5109375 0.58125 0.5109375 0.5890625 0.50625 0.59375 0.5 0.5875 0.4875 0.5859375 0.4875 0.5828125
2 0.4734375 0.56875 0.475 0.571875 0.4609375 0.5828125 0.453125 0.58125 0.4546875 0.5734375 0.465625 0.5671875 0.471875 0.56875
2 0.6046875 0.553125 0.6078125 0.5546875 0.60625 0.5640625 0.603125 0.5609375 0.6046875 0.5546875
2 0.334375 0.596875 0.34375 0.609375 0.3421875 0.625 0.3234375 0.628125 0.3171875 0.6328125 0.3015625 0.63125 0.303125 0.615625 0.309375 0.609375 0.325 0.6015625 0.3296875 0.5953125 0.3328125 0.596875
2 0.5 0.565625 0.503125 0.575 0.490625 0.5796875 0.4875 0.5796875 0.4859375 0.5703125 0.49375 0.565625 0.4984375 0.565625
2 0.4328125 0.5828125 0.4328125 0.575 0.440625 0.571875 0.4515625 0.571875 0.453125 0.5734375 0.4515625 0.58125 0.4421875 0.5828125 0.4390625 0.5859375 0.434375 0.5828125
2 0.0453125 0.6890625 0.0515625 0.6921875 0.0546875 0.7078125 0.053125 0.71875 0.01875 0.7359375 0.0140625 0.74375 0.0078125 0.7484375 0 0.7453125 0 0.6984375 0.0328125 0.6890625 0.04375 0.6890625
2 0.5578125 0.60625 0.571875 0.6078125 0.5828125 0.6125 0.5859375 0.6171875 0.584375 0.634375 0.58125 0.6390625 0.5765625 0.6375 0.5703125 0.640625 0.565625 0.640625 0.5578125 0.634375 0.546875 0.6328125 0.5453125 0.6296875 0.5453125 0.6171875 0.55 0.609375 0.55625 0.60625
2 0.93125 0.65625 0.9390625 0.6578125 0.9453125 0.6625 0.9453125 0.678125 0.934375 0.6765625 0.928125 0.671875 0.921875 0.671875 0.91875 0.66875 0.90625 0.665625 0.909375 0.65625 0.9296875 0.65625
2 0.6921875 0.6390625 0.7171875 0.646875 0.7234375 0.6546875 0.725 0.6640625 0.7234375 0.6796875 0.7171875 0.684375 0.70625 0.684375 0.703125 0.6890625 0.6984375 0.6890625 0.6953125 0.68125 0.6875 0.6765625 0.68125 0.6765625 0.671875 0.671875 0.6640625 0.6734375 0.6609375 0.6671875 0.659375 0.6546875 0.6640625 0.6484375 0.6734375 0.646875 0.6765625 0.64375 0.68125 0.64375 0.690625 0.6390625
2 0.4875 0.584375 0.5046875 0.5890625 0.5015625 0.609375 0.4921875 0.6109375 0.4859375 0.6078125 0.4765625 0.5953125 0.48125 0.5890625 0.4875 0.5859375
2 0.459375 0.5828125 0.4625 0.5875 0.4625 0.59375 0.4546875 0.5984375 0.45 0.60625 0.44375 0.6046875 0.4328125 0.60625 0.43125 0.596875 0.4328125 0.5921875 0.44375 0.584375 0.4578125 0.5828125
2 0.3984375 0.584375 0.403125 0.5875 0.403125 0.6 0.4 0.6015625 0.3984375 0.5859375
2 0.7671875 0.6171875 0.784375 0.61875 0.7921875 0.621875 0.7984375 0.628125 0.7984375 0.6296875 0.7890625 0.628125 0.784375 0.625 0.7734375 0.6234375 0.7671875 0.61875
2 0.46875 0.578125 0.4796875 0.5703125 0.484375 0.5703125 0.4859375 0.5734375 0.484375 0.584375 0.475 0.5921875 0.46875 0.5890625 0.46875 0.5796875
2 0.5109375 0.5609375 0.5140625 0.5640625 0.5140625 0.571875 0.5109375 0.578125 0.5046875 0.5765625 0.503125 0.5734375 0.503125 0.565625 0.509375 0.5609375