0 0.684375 0.625 0.6875 0.6296875 0.6875 0.6734375 0.68125 0.6796875 0.6703125 0.6796875 0.6625 0.675 0.6625 0.634375 0.6640625 0.6265625 0.6671875 0.6234375 0.6828125 0.625
1 0.5765625 0.553125 0.5890625 0.559375 0.5984375 0.5609375 0.6015625 0.5640625 0.603125 0.596875 0.5984375 0.6 0.58125 0.6 0.565625 0.584375 0.565625 0.559375 0.5671875 0.55625 0.575 0.553125
3 0.1359375 0.68125 0.1390625 0.684375 0.1375 0.6890625 0.140625 0.69375 0.146875 0.690625 0.146875 0.6859375 0.15 0.6828125 0.1515625 0.6859375 0.15 0.6953125 0.146875 0.7 0.1328125 0.703125 0.1265625 0.709375 0.1234375 0.709375 0.121875 0.703125 0.128125 0.6921875 0.1296875 0.684375 0.134375 0.68125
3 0.434375 0.578125 0.4390625 0.578125 0.440625 0.58125 0.4390625 0.59375 0.4328125 0.5953125 0.434375 0.5796875
3 0.44375 0.596875 0.0078125 0.01640625
3 0.115625 0.6046875 0.1203125 0.6125 0.11875 0.6234375 0.1125 0.6234375 0.1140625 0.60625
3 0.325 0.5921875 0.328125 0.59375 0.3296875 0.5984375 0.3265625 0.6109375 0.31875 0.6109375 0.315625 0.60625 0.3171875 0.596875 0.3234375 0.59375
3 0.10625 0.71875 0.109375 0.7296875 0.10625 0.7453125 0.0859375 0.7546875 0.0828125 0.7609375 0.078125 0.7625 0.078125 0.7484375 0.084375 0.721875 0.0921875 0.7203125 0.0984375 0.7296875 0.1046875 0.7203125
3 0.2296875 0.6375 0.234375 0.640625 0.23125 0.653125 0.2140625 0.6625 0.2125 0.6546875 0.215625 0.646875 0.228125 0.6375
3 0.240625 0.5953125 0.2484375 0.5953125 0.2515625 0.6015625 0.2515625 0.609375 0.246875 0.6140625 0.2421875 0.6140625 0.2390625 0.6125 0.2375 0.60625 0.240625 0.596875
3 0 0.6234375 0.0125 0.621875 0.0171875 0.6296875 0.015625 0.6375 0.0109375 0.640625 0.0078125 0.634375 0.003125 0.6296875 0 0.6296875 0 0.625
3 0.6328125 0.6296875 0.6359375 0.6296875 0.6390625 0.6359375 0.646875 0.634375 0.6484375 0.6375 0.646875 0.6515625 0.6375 0.646875 0.634375 0.6484375 0.6296875 0.6453125 0.6296875 0.6375 0.6328125 0.63125
3 0.1484375 0.66875 0.1546875 0.6703125 0.15 0.696875 0.146875 0.7 0.1328125 0.703125 0.1265625 0.709375 0.1234375 0.709375 0.121875 0.70625 0.1234375 0.6984375 0.128125 0.6921875 0.128125 0.6875 0.134375 0.6796875 0.1375 0.678125 0.1390625 0.6796875 0.1390625 0.690625 0.1421875 0.69375 0.1453125 0.6921875 0.1484375 0.6828125 0.1484375 0.6703125
3 0.353125 0.6078125 0.35625 0.6125 0.35625 0.6203125 0.3546875 0.6234375 0.3484375 0.625 0.3421875 0.625 0.340625 0.6171875 0.3453125 0.6078125 0.3484375 0.60625 0.3515625 0.6078125
4 0.54765625 0.56171875 0.01484375 0.028125
5 0.0328125 0.6953125 0.034375 0.696875 0.0515625 0.696875 0.0546875 0.7046875 0.053125 0.715625 0.0546875 0.7453125 0.0453125 0.7484375 0.0375 0.7546875 0.0328125 0.7703125 0.0234375 0.771875 0.0203125 0.7671875 0.0140625 0.7671875 0 0.775 0 0.709375 0.0203125 0.6984375 0.03125 0.696875
5 0.26875 0.6125 0.278125 0.6046875 0.2921875 0.6 0.3 0.5984375 0.3125 0.6 0.3125 0.625 0.3 0.6375 0.2890625 0.6359375 0.2796875 0.64375 0.2640625 0.6421875 0.2609375 0.6375 0.2609375 0.63125 0.265625 0.6171875 0.26875 0.6140625
5 0.7625 0.6515625 0.7921875 0.6625 0.7953125 0.665625 0.7953125 0.684375 0.796875 0.6859375 0.796875 0.709375 0.7875 0.7140625 0.76875 0.7140625 0.765625 0.7171875 0.7625 0.7171875 0.7578125 0.7125 0.7578125 0.7078125 0.7546875 0.7046875 0.7359375 0.696875 0.7234375 0.696875 0.7125 0.684375 0.7140625 0.6640625 0.7265625 0.65 0.7359375 0.646875 0.746875 0.646875 0.7609375 0.6515625
5 0.0390625 0.5984375 0.04375 0.5953125 0.0609375 0.5953125 0.0578125 0.6015625 0.053125 0.6015625 0.0453125 0.6078125 0.04375 0.6203125 0.0359375 0.61875 0.0359375 0.6078125 0.0390625 0.6
5 0.2203125 0.6 0.225 0.603125 0.225 0.6125 0.2109375 0.6203125 0.20625 0.6203125 0.1921875 0.634375 0.175 0.6453125 0.1625 0.64375 0.159375 0.640625 0.1609375 0.63125 0.165625 0.6265625 0.1734375 0.6234375 0.19375 0.6046875 0.2109375 0.6 0.21875 0.6
2 0.3625 0.59375 0.3671875 0.5984375 0.365625 0.6078125 0.3625 0.6109375 0.35625 0.6109375 0.3484375 0.60625 0.340625 0.615625 0.334375 0.6140625 0.334375 0.6046875 0.34375 0.5953125 0.3515625 0.5921875 0.3609375 0.59375
2 0.775 0.615625 0.7921875 0.621875 0.7984375 0.6265625 0.7984375 0.6296875 0.765625 0.6203125 0.765625 0.6171875 0.7734375 0.615625
2 0.7265625 0.6046875 0.7390625 0.6046875 0.75 0.6125 0.7484375 0.6203125 0.7390625 0.6203125 0.7296875 0.6296875 0.7265625 0.6265625 0.7265625 0.60625
2 0.52421875 0.55703125 0.01328125 0.01484375
2 0.5125 0.553125 0.5140625 0.5546875 0.5125 0.56875 0.5078125 0.56875 0.503125 0.5640625 0.5046875 0.5578125 0.5109375 0.553125
2 0.63125 0.765625 0.6609375 0.7765625 0.665625 0.7828125 0.6671875 0.7921875 0.6671875 0.8265625 0.6640625 0.83125 0.6609375 0.83125 0.6546875 0.8375 0.65 0.853125 0.6484375 0.8734375 0.64375 0.878125 0.6375 0.86875 0.63125 0.86875 0.6078125 0.85625 0.6015625 0.859375 0.5953125 0.85 0.59375 0.8359375 0.5953125 0.8140625 0.6015625 0.803125 0.6046875 0.790625 0.6171875 0.76875 0.621875 0.765625 0.6296875 0.765625
2 0.503125 0.5671875 0.50625 0.5703125 0.50625 0.584375 0.5015625 0.5875 0.490625 0.5859375 0.490625 0.5765625 0.49375 0.5703125 0.496875 0.5671875 0.5015625 0.5671875
2 0.478125 0.575 0.4828125 0.58125 0.48125 0.5890625 0.46875 0.59375 0.4609375 0.59375 0.4578125 0.5890625 0.459375 0.584375 0.46875 0.575 0.4765625 0.575
2 0.490625 0.5625 0.49375 0.56875 0.4875 0.58125 0.4828125 0.58125 0.4765625 0.575 0.4765625 0.5703125 0.48125 0.565625 0.4890625 0.5625
2 0.6125 0.609375 0.6203125 0.615625 0.6234375 0.6328125 0.6203125 0.6375 0.6109375 0.6421875 0.603125 0.640625 0.596875 0.634375 0.584375 0.634375 0.58125 0.628125 0.58125 0.61875 0.5921875 0.609375 0.5953125 0.6078125 0.6109375 0.609375
2 0.9078125 0.6578125 0.928125 0.65625 0.9453125 0.6609375 0.9453125 0.678125 0.940625 0.678125 0.934375 0.6765625 0.9296875 0.671875 0.921875 0.671875 0.91875 0.66875 0.9078125 0.6671875 0.90625 0.665625 0.9078125 0.659375
2 0.546875 0.5828125 0.553125 0.5921875 0.5515625 0.6078125 0.5375 0.60625 0.5328125 0.603125 0.5328125 0.5875 0.5375 0.5828125 0.5453125 0.5828125
2 0.4921875 0.55625 0.503125 0.55625 0.5015625 0.5640625 0.4953125 0.565625 0.4921875 0.5625 0.4921875 0.5578125
2 0.2296875 0.6140625 0.234375 0.615625 0.2375 0.6203125 0.2390625 0.625 0.2375 0.6375 0.2328125 0.6390625 0.2296875 0.634375 0.2296875 0.6296875 0.2265625 0.628125 0.2234375 0.640625 0.2078125 0.6578125 0.1890625 0.65625 0.1859375 0.653125 0.1875 0.6390625 0.203125 0.6234375 0.228125 0.615625
2 0.4453125 0.5921875 0.44375 0.58125 0.45 0.5734375 0.45625 0.578125 0.45625 0.5875 0.453125 0.5921875 0.446875 0.5921875
2 0.05 0.6515625 0.0640625 0.64375 0.0859375 0.6390625 0.096875 0.6390625 0.1 0.64375 0.103125 0.6578125 0.1015625 0.6671875 0.0953125 0.66875 0.0859375 0.6796875 0.078125 0.678125 0.065625 0.6796875 0.04375 0.6859375 0.0359375 0.6921875 0.03125 0.6921875 0.0265625 0.6859375 0.0203125 0.6828125 0.0203125 0.6765625 0.0265625 0.66875 0.0375 0.6640625 0.05 0.653125
2 0.89375 0.703125 0.896875 0.70625 0.896875 0.721875 0.8953125 0.7234375 0.896875 0.75625 0.8953125 0.759375 0.89375 0.7609375 0.8828125 0.75625 0.8671875 0.7578125 0.8578125 0.765625 0.8421875 0.7515625 0.8421875 0.7296875 0.8453125 0.7203125 0.8515625 0.715625 0.875 0.7125 0.8875 0.7046875 0.8921875 0.7046875
2 0.078125 0.584375 0.0828125 0.5859375 0.084375 0.590625 0.078125 0.59375 0.0765625 0.5984375 0.0671875 0.596875 0.06875 0.5875 0.0765625 0.5859375
2 0 0.6296875 0.00625 0.63125 0.009375 0.6359375 0.0078125 0.6453125 0.0046875 0.6484375 0 0.6484375 0 0.63125
2 0.4625 0.5671875 0.46875 0.571875 0.4671875 0.5765625 0.45625 0.5859375 0.453125 0.56875 0.4609375 0.5671875
2 0.1125 0.58125 0.1140625 0.584375 0.1125 0.5875 0.103125 0.59375 0.096875 0.590625 0.096875 0.584375 0.1015625 0.5796875 0.1109375 0.58125