1 0.0609375 0.6390625 0.0640625 0.64375 0.0640625 0.659375 0.0671875 0.665625 0.0671875 0.68125 0.0609375 0.703125 0.0546875 0.7078125 0.04375 0.7109375 0.03125 0.7234375 0.0234375 0.7203125 0.003125 0.73125 0 0.73125 0 0.65 0.0171875 0.64375 0.0234375 0.64375 0.028125 0.640625 0.059375 0.6390625
3 0.2203125 0.5953125 0.2265625 0.6 0.228125 0.6046875 0.228125 0.609375 0.2234375 0.6171875 0.21875 0.6140625 0.203125 0.6125 0.2046875 0.60625 0.21875 0.5953125
3 0.590625 0.684375 0.5921875 0.6859375 0.5921875 0.70625 0.5875 0.7078125 0.584375 0.703125 0.5828125 0.6875 0.5890625 0.6859375
3 0.57109375 0.84921875 0.0203125 0.04921875
3 0.5640625 0.709375 0.5734375 0.7125 0.578125 0.7234375 0.578125 0.734375 0.5703125 0.7453125 0.5640625 0.7234375 0.5640625 0.7109375
3 0.578125 0.58125 0.58125 0.5828125 0.58125 0.5953125 0.578125 0.596875 0.578125 0.5828125
3 0.196875 0.634375 0.20625 0.6359375 0.2078125 0.6453125 0.2 0.653125 0.1890625 0.65625 0.1875 0.6546875 0.1890625 0.64375 0.1921875 0.6359375 0.1953125 0.634375
3 0.2828125 0.621875 0.290625 0.61875 0.2953125 0.61875 0.2984375 0.621875 0.2984375 0.628125 0.284375 0.6375 0.2796875 0.6328125 0.2828125 0.6234375
3 0.1140625 0.6234375 0.1125 0.6109375 0.115625 0.603125 0.1203125 0.6125 0.1203125 0.621875 0.115625 0.6234375
3 0.2078125 0.66875 0.01953125 0.040625
3 0.24375 0.59375 0.2484375 0.5953125 0.25 0.5984375 0.25 0.609375 0.2453125 0.6140625 0.234375 0.60625 0.2375 0.5953125 0.2421875 0.59375
3 0.1984375 0.6015625 0.2015625 0.60625 0.2015625 0.61875 0.1953125 0.621875 0.184375 0.6203125 0.184375 0.609375 0.1859375 0.603125 0.196875 0.6015625
3 0.44375 0.609375 0.4484375 0.6 0.4515625 0.596875 0.45625 0.596875 0.459375 0.6 0.459375 0.6125 0.4546875 0.615625 0.446875 0.615625 0.4453125 0.6109375
3 0.56875 0.5859375 0.5671875 0.6 0.5640625 0.596875 0.5640625 0.5875 0.5671875 0.5859375
5 0.340625 0.58125 0.3421875 0.5828125 0.3421875 0.6015625 0.3375 0.60625 0.3328125 0.6046875 0.3203125 0.60625 0.3140625 0.5984375 0.303125 0.6 0.303125 0.5953125 0.30625 0.5890625 0.3203125 0.5828125 0.3390625 0.58125
5 0.365625 0.5859375 0.36875 0.5921875 0.36875 0.6109375 0.3671875 0.6125 0.35625 0.6125 0.3515625 0.609375 0.3515625 0.6 0.3546875 0.5921875 0.3640625 0.5859375
5 0.08125 0.66875 0.0953125 0.65625 0.115625 0.646875 0.1203125 0.646875 0.1234375 0.64375 0.15 0.640625 0.1546875 0.6421875 0.15625 0.6453125 0.1546875 0.6703125 0.146875 0.6671875 0.1234375 0.66875 0.109375 0.6796875 0.090625 0.6890625 0.075 0.715625 0.065625 0.7140625 0.065625 0.6953125 0.0703125 0.68125 0.08125 0.6703125
5 0.590625 0.60625 0.5921875 0.6078125 0.6078125 0.60625 0.6109375 0.609375 0.6125 0.634375 0.6046875 0.6421875 0.5921875 0.6421875 0.5890625 0.6375 0.5796875 0.6359375 0.571875 0.6375 0.5671875 0.6296875 0.5671875 0.615625 0.5703125 0.609375 0.575 0.60625 0.5890625 0.60625
5 0.05625 0.596875 0.059375 0.6 0.059375 0.6109375 0.0484375 0.6203125 0.040625 0.621875 0.0359375 0.6171875 0.0390625 0.6015625 0.046875 0.596875 0.0546875 0.596875
4 0.1703125 0.66875 0.171875 0.6859375 0.1640625 0.6984375 0.1625 0.70625 0.1578125 0.7109375 0.1484375 0.70625 0.1375 0.7140625 0.125 0.71875 0.1203125 0.7296875 0.1140625 0.7375 0.109375 0.7375 0.10625 0.734375 0.084375 0.7375 0.078125 0.7328125 0.0765625 0.7171875 0.084375 0.703125 0.0921875 0.6984375 0.0953125 0.6921875 0.10625 0.68125 0.125 0.6703125 0.16875 0.66875
4 0.509375 0.55625 0.5125 0.5578125 0.5140625 0.565625 0.5125 0.5765625 0.509375 0.578125 0.5015625 0.5765625 0.5015625 0.5609375 0.5078125 0.55625
0 0.5921875 0.54375 0.596875 0.5421875 0.6 0.5484375 0.6 0.5578125 0.5953125 0.5609375 0.5921875 0.559375 0.5921875 0.5453125
2 0.7265625 0.6046875 0.7375 0.6046875 0.746875 0.609375 0.75 0.6140625 0.7484375 0.6171875 0.7390625 0.6171875 0.7328125 0.6265625 0.728125 0.628125 0.7265625 0.6265625 0.7265625 0.60625
2 0.775 0.615625 0.796875 0.625 0.7984375 0.6296875 0.7671875 0.6203125 0.765625 0.6171875 0.7734375 0.615625
2 0.4984375 0.5546875 0.5015625 0.5578125 0.5 0.5625 0.4875 0.56875 0.484375 0.56875 0.4875 0.5578125 0.4921875 0.5546875 0.496875 0.5546875
2 0.640625 0.709375 0.65625 0.7125 0.6703125 0.7203125 0.671875 0.7234375 0.6734375 0.75 0.6640625 0.7609375 0.6609375 0.7796875 0.6578125 0.7796875 0.6578125 0.7765625 0.6515625 0.7703125 0.63125 0.76875 0.625 0.771875 0.6234375 0.76875 0.6234375 0.7390625 0.628125 0.73125 0.6328125 0.715625 0.6390625 0.7109375
2 0.4984375 0.5640625 0.5015625 0.578125 0.496875 0.5859375 0.4890625 0.5890625 0.4796875 0.5875 0.478125 0.578125 0.4828125 0.5703125 0.496875 0.5640625
2 0.45625 0.5984375 0.453125 0.59375 0.4484375 0.6015625 0.4421875 0.60625 0.4328125 0.6015625 0.4328125 0.5890625 0.4359375 0.584375 0.45 0.578125 0.4578125 0.578125 0.4625 0.584375 0.4609375 0.596875 0.459375 0.6 0.4578125 0.5984375
2 0.58125 0.56875 0.01328125 0.02734375
2 0.2546875 0.625 0.2609375 0.63125 0.2625 0.6375 0.25625 0.65 0.2484375 0.65 0.240625 0.6546875 0.234375 0.6546875 0.228125 0.6609375 0.215625 0.6578125 0.2125 0.6515625 0.2125 0.64375 0.23125 0.628125 0.253125 0.625
2 0.3140625 0.6 0.31875 0.60625 0.3046875 0.615625 0.3 0.621875 0.29375 0.6203125 0.2921875 0.6171875 0.29375 0.6078125 0.3015625 0.6 0.3125 0.6
2 0.4578125 0.5703125 0.45625 0.578125 0.4390625 0.5828125 0.4375 0.575 0.440625 0.5703125 0.4453125 0.5671875 0.453125 0.5671875 0.45625 0.5703125
2 0.3984375 0.5734375 0.403125 0.575 0.403125 0.5953125 0.4015625 0.596875 0.3984375 0.596875 0.3984375 0.575
2 0.91875 0.6546875 0.9328125 0.65625 0.9453125 0.6609375 0.9453125 0.678125 0.934375 0.6765625 0.928125 0.671875 0.921875 0.671875 0.9140625 0.6671875 0.9078125 0.6671875 0.90625 0.665625 0.9078125 0.65625 0.9171875 0.65625
2 0.0921875 0.5890625 0.0953125 0.5921875 0.09375 0.5984375 0.075 0.603125 0.065625 0.6 0.065625 0.5921875 0.0703125 0.5875 0.084375 0.5859375 0.090625 0.5890625
2 0.709375 0.64375 0.73125 0.6515625 0.740625 0.66875 0.740625 0.6890625 0.725 0.696875 0.71875 0.696875 0.715625 0.7 0.7109375 0.6984375 0.7078125 0.6921875 0.7015625 0.6875 0.6859375 0.6828125 0.6765625 0.684375 0.671875 0.6765625 0.6734375 0.6578125 0.6828125 0.6578125 0.6875 0.6546875 0.6921875 0.646875 0.7078125 0.64375
2 0.5546875 0.5421875 0.5546875 0.5359375 0.5578125 0.5328125 0.5625 0.5328125 0.5640625 0.5375 0.5609375 0.5421875 0.55625 0.5421875
2 0.46953125 0.57578125 0.02109375 0.01953125
2 0.3359375 0.6078125 0.3390625 0.625 0.3109375 0.634375 0.30625 0.634375 0.303125 0.63125 0.303125 0.6203125 0.3203125 0.6078125 0.328125 0.60625 0.334375 0.6078125
2 0.0234375 0.625 0.0265625 0.6265625 0.028125 0.63125 0.0265625 0.6375 0.0234375 0.640625 0.00625 0.6453125 0 0.6453125 0 0.6296875 0.0140625 0.625 0.021875 0.625
2 0.540625 0.5484375 0.540625 0.5515625 0.534375 0.5578125 0.53125 0.5578125 0.5296875 0.5546875 0.53125 0.5484375 0.5328125 0.546875 0.5390625 0.5484375