2 0.5678530092592593 0.6088425925925925 0.039282407407407405 0.03026620370370381
2 0.17825810185185187 0.6482118055555556 0.07229166666666664 0.05731481481481478
2 0.7188888888888889 0.6409837962962962 0.050266203703703737 0.03667824074074062
5 0.44026041666666665 0.8935763888888889 0.1717939814814816 0.20252314814814804
2 0.24600694444444446 0.6175173611111111 0.06590277777777782 0.03847222222222228
2 0.777193287037037 0.7065335648148148 0.1020949074074073 0.07337962962962977
2 0.609994212962963 0.8129282407407408 0.08047453703703696 0.10743055555555543
2 0.6226909722222222 0.6283449074074074 0.034629629629629656 0.03488425925925931
2 0.47711805555555553 0.5953414351851852 0.04712962962962965 0.035069444444444466
2 0.22325810185185185 0.6053530092592594 0.05340277777777782 0.03828703703703695
2 0.7903125 0.7899421296296296 0.06803240740740737 0.11505787037037045
5 0.5973321759259259 0.6857581018518518 0.05217592592592588 0.08357638888888878
5 0.532974537037037 0.75234375 0.09614583333333329 0.11391203703703709
2 0.36300925925925925 0.59078125 0.018877314814814826 0.017465277777777642
2 0.012181712962962962 0.5897280092592593 0.01582175925925926 0.026793981481481488
4 0.2920486111111111 0.6098032407407408 0.042453703703703737 0.03656249999999996
2 0.4715625 0.5837037037037037 0.042442129629629656 0.03499999999999996
2 0.08013310185185185 0.5863773148148148 0.03144675925925926 0.027025462962962977
2 0.4449131944444444 0.5723784722222222 0.023634259259259237 0.026909722222222144
2 0.5652314814814815 0.5713773148148148 0.02211805555555557 0.03313657407407398
3 0.010804398148148148 0.7202314814814814 0.011331018518518522 0.05328703703703717