0 0.5578125 0.575 0.5671875 0.58125 0.571875 0.5796875 0.5734375 0.5890625 0.571875 0.6 0.56875 0.6046875 0.5546875 0.60625 0.55 0.6046875 0.540625 0.60625 0.5375 0.603125 0.5359375 0.584375 0.5375 0.5765625 0.5421875 0.571875 0.55625 0.575
3 0.396875 0.5953125 0.4 0.596875 0.3984375 0.6109375 0.3953125 0.6109375 0.396875 0.596875
3 0.4390625 0.609375 0.4453125 0.6125 0.4453125 0.625 0.43125 0.6265625 0.43125 0.6171875 0.434375 0.6125 0.4390625 0.6109375
3 0.75625 0.5890625 0.7671875 0.5921875 0.771875 0.5984375 0.771875 0.603125 0.765625 0.60625 0.7546875 0.6 0.753125 0.596875 0.753125 0.590625 0.7546875 0.590625
3 0.9828125 0.653125 0.9859375 0.6546875 0.990625 0.6734375 0.99375 0.675 0.99375 0.690625 0.9859375 0.6890625 0.9796875 0.6765625 0.9796875 0.6625 0.975 0.65625 0.98125 0.653125
3 0.8078125 0.571875 0.8203125 0.5734375 0.8265625 0.5828125 0.825 0.590625 0.821875 0.5921875 0.8078125 0.590625 0.8046875 0.5765625 0.8078125 0.5734375
3 0.984375 0.56875 0.9890625 0.56875 0.99375 0.571875 0.99375 0.59375 0.9890625 0.5921875 0.984375 0.59375 0.9796875 0.584375 0.98125 0.5734375 0.984375 0.5703125
3 0.4390625 0.5671875 0.4421875 0.575 0.4421875 0.5828125 0.440625 0.584375 0.4390625 0.5828125 0.4375 0.56875
4 0.5375 0.5546875 0.5421875 0.55625 0.5484375 0.5703125 0.546875 0.5734375 0.540625 0.5734375 0.534375 0.584375 0.528125 0.584375 0.5203125 0.575 0.51875 0.5609375 0.5203125 0.55625 0.5234375 0.5546875 0.5328125 0.55625 0.5359375 0.5546875
4 0.41875 0.690625 0.428125 0.6984375 0.45625 0.7125 0.46875 0.721875 0.4703125 0.7359375 0.46875 0.7515625 0.475 0.80625 0.475 0.821875 0.4734375 0.8234375 0.475 0.825 0.465625 0.834375 0.4671875 0.8453125 0.4625 0.85 0.459375 0.85 0.45625 0.8546875 0.4296875 0.8578125 0.425 0.8640625 0.421875 0.8640625 0.4171875 0.8578125 0.4140625 0.84375 0.4140625 0.8296875 0.40625 0.81875 0.3890625 0.803125 0.3859375 0.80625 0.3796875 0.8046875 0.3796875 0.796875 0.3734375 0.790625 0.371875 0.775 0.3734375 0.7625 0.3703125 0.75625 0.3703125 0.7515625 0.375 0.7421875 0.3734375 0.7109375 0.3765625 0.703125 0.3953125 0.6984375 0.3984375 0.69375 0.403125 0.6921875 0.4171875 0.690625
2 0.8453125 0.625 0.8546875 0.634375 0.8609375 0.6453125 0.86875 0.6515625 0.8703125 0.6703125 0.8609375 0.671875 0.8515625 0.66875 0.8421875 0.6703125 0.840625 0.665625 0.83125 0.6578125 0.8265625 0.6546875 0.825 0.65625 0.8140625 0.6546875 0.809375 0.6484375 0.8078125 0.6296875 0.8125 0.625 0.81875 0.6265625 0.84375 0.625
2 0.690625 0.5796875 0.696875 0.5765625 0.7078125 0.5765625 0.721875 0.5828125 0.728125 0.5921875 0.728125 0.596875 0.7203125 0.6046875 0.7140625 0.60625 0.709375 0.6015625 0.6953125 0.603125 0.6890625 0.596875 0.690625 0.58125
2 0.41856481481481483 0.55234375 0.011041666666666661 0.0140625
2 0.9296875 0.5421875 0.940625 0.546875 0.9421875 0.55625 0.934375 0.55625 0.9296875 0.5515625 0.928125 0.553125 0.9234375 0.55 0.9234375 0.546875 0.928125 0.54375
2 0.4 0.6671875 0.4046875 0.675 0.40625 0.690625 0.384375 0.7015625 0.3765625 0.7 0.378125 0.6859375 0.375 0.678125 0.3828125 0.66875 0.3984375 0.6671875
2 0.41875 0.5734375 0.4265625 0.578125 0.4265625 0.5921875 0.4234375 0.59375 0.4140625 0.5921875 0.4140625 0.578125 0.4171875 0.575
2 0.275 0.6203125 0.2765625 0.621875 0.275 0.6234375 0.2765625 0.64375 0.2734375 0.646875 0.265625 0.6359375 0.2515625 0.634375 0.2578125 0.625 0.2734375 0.6203125
2 0.08125 0.678125 0.0875 0.690625 0.078125 0.690625 0.0640625 0.696875 0.059375 0.696875 0.0609375 0.6890625 0.059375 0.68125 0.0625 0.678125 0.0734375 0.6765625 0.0796875 0.678125
2 0.48125 0.55 0.4890625 0.55625 0.4890625 0.565625 0.4765625 0.559375 0.4765625 0.553125 0.4796875 0.5515625
2 0.4 0.5546875 0.40625 0.5546875 0.4109375 0.5625 0.4109375 0.5671875 0.4 0.565625 0.3984375 0.5578125 0.4 0.55625
2 0.8942939814814814 0.559375 0.020497685185185154 0.025
2 0.553125 0.5578125 0.559375 0.5578125 0.565625 0.5609375 0.571875 0.5703125 0.5703125 0.571875 0.5578125 0.56875 0.5515625 0.5703125 0.5484375 0.5625 0.553125 0.559375
2 0.815625 0.5984375 0.8453125 0.6171875 0.846875 0.6265625 0.8265625 0.6234375 0.7953125 0.6265625 0.7875 0.61875 0.7859375 0.609375 0.79375 0.6015625 0.8140625 0.5984375
2 0.5515625 0.578125 0.55 0.5703125 0.553125 0.5671875 0.56875 0.56875 0.571875 0.5734375 0.571875 0.58125 0.565625 0.58125 0.55625 0.5765625 0.553125 0.578125
2 0.509056712962963 0.5703125 0.020509259259259238 0.0265625
2 0.7421875 0.5953125 0.759375 0.603125 0.7703125 0.6140625 0.7734375 0.625 0.76875 0.6296875 0.75 0.6265625 0.7375 0.6203125 0.73125 0.621875 0.721875 0.6140625 0.721875 0.6046875 0.728125 0.5984375 0.740625 0.5953125
2 0.4578125 0.540625 0.4609375 0.5453125 0.459375 0.5515625 0.453125 0.55 0.4515625 0.546875 0.4515625 0.54375 0.45625 0.540625
2 0.2359375 0.6359375 0.2375 0.6375 0.2296875 0.64375 0.2171875 0.6453125 0.215625 0.6484375 0.2078125 0.6515625 0.2046875 0.65 0.215625 0.640625 0.234375 0.6359375
2 0.6375 0.5703125 0.640625 0.571875 0.6421875 0.5828125 0.65 0.5890625 0.65 0.5953125 0.653125 0.6015625 0.65 0.6046875 0.640625 0.6046875 0.6390625 0.5859375 0.6359375 0.5828125 0.6375 0.571875
2 0.9234375 0.5734375 0.93125 0.578125 0.9390625 0.5890625 0.934375 0.596875 0.9296875 0.6 0.9203125 0.6015625 0.9015625 0.6 0.8953125 0.590625 0.89375 0.578125 0.9015625 0.5734375 0.9125 0.571875 0.921875 0.5734375
2 0.6421875 0.565625 0.671875 0.5671875 0.675 0.56875 0.6796875 0.5828125 0.6796875 0.5890625 0.6765625 0.59375 0.653125 0.590625 0.6421875 0.578125 0.6421875 0.5671875
2 0.9515625 0.5546875 0.96875 0.55625 0.975 0.5703125 0.9734375 0.5765625 0.9671875 0.575 0.9625 0.5765625 0.9515625 0.5625 0.9515625 0.55625