3 0.659375 0.6171875 0.6640625 0.6203125 0.6703125 0.6203125 0.675 0.625 0.6765625 0.6296875 0.675 0.6359375 0.6609375 0.63125 0.65625 0.6234375 0.6578125 0.61875
3 0.7515625 0.6 0.75625 0.6015625 0.7609375 0.6109375 0.759375 0.6171875 0.753125 0.6203125 0.7421875 0.61875 0.740625 0.6125 0.7421875 0.60625 0.7453125 0.6015625 0.75 0.6015625
3 0.415625 0.5625 0.4171875 0.55 0.41875 0.55 0.4171875 0.5625
3 0.778125 0.628125 0.7796875 0.63125 0.7859375 0.628125 0.790625 0.6296875 0.784375 0.6390625 0.784375 0.64375 0.7828125 0.6453125 0.775 0.64375 0.7734375 0.634375 0.7765625 0.6296875
3 0.878125 0.6203125 0.88125 0.63125 0.8765625 0.6390625 0.871875 0.6359375 0.8734375 0.621875 0.8765625 0.6203125
3 0.7591377314814814 0.6535243055555556 0.023657407407407405 0.030034722222222233
3 0.7265625 0.6328125 0.7359375 0.6375 0.7375 0.6421875 0.7359375 0.6515625 0.73125 0.6484375 0.7265625 0.6484375 0.721875 0.64375 0.721875 0.634375 0.725 0.6328125
3 0.803125 0.6734375 0.809375 0.675 0.8078125 0.6796875 0.8125 0.684375 0.8203125 0.68125 0.828125 0.6984375 0.8265625 0.709375 0.8140625 0.7 0.8078125 0.7 0.8046875 0.6921875 0.803125 0.675
3 0.6361284722222222 0.5975405092592593 0.015775462962962995 0.02054398148148149
0 0.403125 0.540625 0.40625 0.5578125 0.403125 0.5625 0.396875 0.5640625 0.39375 0.5609375 0.39375 0.5484375 0.4015625 0.540625
4 0.5171875 0.540625 0.525 0.5453125 0.5296875 0.55625 0.528125 0.5703125 0.521875 0.5796875 0.5171875 0.578125 0.5109375 0.571875 0.5046875 0.571875 0.4984375 0.5625 0.5 0.54375 0.50625 0.5390625 0.515625 0.540625
5 0.9390625 0.6125 0.94375 0.615625 0.9484375 0.6140625 0.9546875 0.6171875 0.9578125 0.6359375 0.9546875 0.6390625 0.946875 0.6390625 0.9421875 0.634375 0.940625 0.63125 0.9421875 0.6234375 0.9359375 0.6203125 0.9375 0.6140625
5 0.6546875 0.5875 0.659375 0.590625 0.6734375 0.5921875 0.6828125 0.5984375 0.6859375 0.603125 0.6859375 0.621875 0.68125 0.625 0.6765625 0.625 0.6734375 0.6171875 0.665625 0.6078125 0.659375 0.6109375 0.65625 0.61875 0.65 0.61875 0.64375 0.6125 0.6421875 0.609375 0.6453125 0.590625 0.6484375 0.5875 0.653125 0.5875
5 0.2421875 0.6375 0.253125 0.6453125 0.253125 0.6515625 0.259375 0.665625 0.2578125 0.671875 0.2421875 0.690625 0.2375 0.690625 0.2359375 0.6859375 0.2125 0.6921875 0.20625 0.6984375 0.2046875 0.703125 0.1984375 0.7078125 0.1953125 0.70625 0.19375 0.7015625 0.1765625 0.7046875 0.1671875 0.703125 0.165625 0.6875 0.1671875 0.6859375 0.16875 0.653125 0.175 0.6484375 0.184375 0.6484375 0.1953125 0.64375 0.2046875 0.64375 0.2171875 0.6390625 0.2296875 0.640625 0.240625 0.6375
2 0.1875 0.6015625 0.2 0.5953125 0.209375 0.59375 0.221875 0.5953125 0.209375 0.6015625 0.2 0.6015625 0.19375 0.6046875 0.1875 0.6046875 0.1875 0.603125
2 0.4375 0.5234375 0.4453125 0.525 0.4453125 0.5359375 0.4421875 0.5359375 0.4375 0.53125 0.4359375 0.528125 0.4375 0.525
2 0.378125 0.653125 0.3890625 0.6546875 0.39375 0.659375 0.39375 0.6765625 0.396875 0.684375 0.39375 0.7 0.3921875 0.7015625 0.375 0.6984375 0.36875 0.7 0.3671875 0.696875 0.36875 0.659375 0.3765625 0.6546875
2 0.403125 0.565625 0.409375 0.571875 0.409375 0.58125 0.4046875 0.590625 0.3984375 0.5875 0.39375 0.590625 0.390625 0.5890625 0.39375 0.56875 0.396875 0.565625 0.4015625 0.565625
2 0.3078125 0.60625 0.325 0.6140625 0.3265625 0.6234375 0.3234375 0.63125 0.315625 0.634375 0.3078125 0.634375 0.303125 0.640625 0.296875 0.6390625 0.290625 0.640625 0.2828125 0.6375 0.28125 0.625 0.290625 0.6125 0.296875 0.6078125 0.30625 0.60625
2 0.4014814814814815 0.5322743055555555 0.009502314814814783 0.017326388888888912
2 0.5924884259259259 0.5833449074074075 0.009560185185185154 0.025138888888888912
2 0.2578125 0.5828125 0.2609375 0.584375 0.259375 0.609375 0.2578125 0.6109375 0.253125 0.609375 0.2515625 0.6046875 0.2453125 0.6015625 0.2375 0.603125 0.2375 0.5984375 0.23125 0.5953125 0.2421875 0.5875 0.25625 0.584375
2 0.8078125 0.628125 0.815625 0.6296875 0.8265625 0.6359375 0.8359375 0.646875 0.84375 0.65 0.846875 0.6546875 0.8453125 0.6671875 0.8359375 0.6703125 0.8265625 0.66875 0.821875 0.6640625 0.8046875 0.6609375 0.8015625 0.6578125 0.79375 0.659375 0.7859375 0.65 0.7859375 0.6359375 0.796875 0.6265625 0.80625 0.628125
2 0.55 0.56875 0.5609375 0.5703125 0.559375 0.5859375 0.55625 0.5859375 0.5546875 0.58125 0.55 0.578125 0.5484375 0.575 0.55 0.5703125
2 0.9578125 0.7640625 0.975 0.7703125 0.9703125 0.8359375 0.959375 0.8265625 0.9453125 0.81875 0.9375 0.8109375 0.9328125 0.809375 0.9296875 0.8046875 0.91875 0.803125 0.9078125 0.778125 0.9109375 0.7640625 0.915625 0.7609375 0.9328125 0.759375 0.934375 0.7609375 0.953125 0.7609375 0.95625 0.7640625
2 0.5125 0.584375 0.51875 0.5875 0.5296875 0.5984375 0.53125 0.6046875 0.5265625 0.609375 0.5109375 0.6078125 0.5046875 0.6109375 0.5 0.609375 0.496875 0.6046875 0.4984375 0.603125 0.4984375 0.5875 0.503125 0.584375 0.5109375 0.584375
2 0.065625 0.625 0.075 0.6265625 0.0765625 0.6359375 0.053125 0.640625 0.0421875 0.646875 0.0359375 0.646875 0.034375 0.64375 0.0375 0.640625 0.0375 0.6296875 0.05 0.625 0.0640625 0.625
2 0.9796875 0.71875 0.9796875 0.725 0.9765625 0.728125 0.975 0.76875 0.9703125 0.7640625 0.9703125 0.75 0.9734375 0.746875 0.9734375 0.734375 0.978125 0.725 0.978125 0.7203125
2 0.909375 0.603125 0.9125 0.6 0.925 0.603125 0.928125 0.6078125 0.928125 0.6125 0.925 0.6140625 0.9109375 0.6046875
2 0.4859375 0.5390625 0.490625 0.5421875 0.4921875 0.5515625 0.4875 0.5515625 0.48125 0.546875 0.48125 0.5421875 0.484375 0.540625
2 0.48720486111111116 0.5599074074074074 0.017349537037037076 0.022129629629629655
2 0.9872048611111112 0.657957175925926 0.011099537037036988 0.022037037037037077
2 0.4265625 0.5359375 0.43125 0.540625 0.43125 0.553125 0.4265625 0.5546875 0.421875 0.5515625 0.421875 0.540625 0.425 0.5375
2 0.540625 0.5734375 0.546875 0.5765625 0.5546875 0.5859375 0.553125 0.5953125 0.5453125 0.5984375 0.5359375 0.5921875 0.5265625 0.5921875 0.5234375 0.5875 0.5296875 0.5703125 0.5375 0.5703125 0.5390625 0.5734375