2 0.3244907407407408 0.6671875 0.07728009259259264 0.0484375
2 0.33058449074074076 0.73046875 0.04469907407407412 0.0640625
2 0.19998842592592592 0.7390625 0.05901620370370368 0.08125
2 0.8658101851851852 0.6203125 0.044166666666666646 0.028125
2 0.22205439814814812 0.6734375 0.08196759259259263 0.0484375
2 0.5168923611111111 0.6 0.03787037037037031 0.025
5 0.4574363425925926 0.60546875 0.04586805555555564 0.0375
5 0.3994791666666667 0.7734375 0.09868055555555558 0.121875
2 0.5235590277777777 0.571875 0.02849537037037031 0.025
2 0.47067708333333336 0.55546875 0.01905092592592581 0.0203125
2 0.9137905092592593 0.5984375 0.03157407407407433 0.021875
5 0.4061921296296296 0.63671875 0.04917824074074062 0.05
5 0.765798611111111 0.62109375 0.07270833333333329 0.05625
2 0.43602430555555555 0.57421875 0.01590277777777782 0.01875