3 0.434375 0.8796875 0.4375 0.8828125 0.434375 0.8890625 0.4359375 0.9078125 0.4328125 0.9140625 0.4328125 0.9203125 0.43125 0.921875 0.428125 0.9203125 0.4203125 0.9046875 0.421875 0.89375 0.434375 0.88125
3 0.846875 0.653125 0.85625 0.671875 0.853125 0.678125 0.8453125 0.678125 0.828125 0.665625 0.8296875 0.65625 0.83125 0.6640625 0.8328125 0.665625 0.8359375 0.6625 0.8375 0.65 0.8421875 0.65 0.8453125 0.653125
3 0.7921875 0.6359375 0.803125 0.6375 0.8078125 0.6484375 0.8078125 0.6578125 0.8015625 0.6578125 0.7890625 0.65 0.7875 0.6359375 0.790625 0.6359375
3 0.8140625 0.5984375 0.8234375 0.6015625 0.8265625 0.6078125 0.821875 0.615625 0.8078125 0.6125 0.80625 0.609375 0.8078125 0.6015625 0.8125 0.5984375
3 0.76875 0.5875 0.7765625 0.5984375 0.7625 0.6078125 0.7578125 0.603125 0.7578125 0.590625 0.7625 0.5875 0.7671875 0.5875
3 0.7890625 0.5875 0.803125 0.596875 0.8046875 0.6046875 0.803125 0.6078125 0.7875 0.609375 0.7828125 0.609375 0.7796875 0.6046875 0.7796875 0.5921875 0.7875 0.5875
3 0.890625 0.684375 0.89375 0.6859375 0.89375 0.6921875 0.896875 0.696875 0.9015625 0.6984375 0.9078125 0.69375 0.9109375 0.6953125 0.9203125 0.71875 0.9203125 0.725 0.9171875 0.728125 0.9109375 0.71875 0.9015625 0.7171875 0.89375 0.7109375 0.890625 0.7046875 0.8890625 0.6921875 0.890625 0.6859375
3 0.68125 0.60625 0.6859375 0.6046875 0.6953125 0.6109375 0.6984375 0.6203125 0.696875 0.628125 0.6890625 0.625 0.6828125 0.6265625 0.68125 0.625 0.68125 0.6078125
3 0.434375 0.878125 0.4375 0.878125 0.4375 0.884375 0.434375 0.890625 0.4359375 0.9078125 0.4328125 0.921875 0.428125 0.921875 0.41875 0.903125 0.4203125 0.8921875 0.425 0.890625 0.434375 0.8796875
3 0.7328125 0.628125 0.7390625 0.628125 0.74375 0.625 0.75 0.6296875 0.753125 0.6421875 0.7421875 0.64375 0.7359375 0.6390625 0.7328125 0.6296875
0 0.415625 0.5578125 0.4171875 0.5640625 0.415625 0.5796875 0.4078125 0.578125 0.4046875 0.5640625 0.40625 0.559375 0.4140625 0.5578125
5 0.7046875 0.5875 0.715625 0.5875 0.7375 0.5921875 0.746875 0.6 0.7515625 0.609375 0.75 0.6234375 0.7453125 0.621875 0.7390625 0.6140625 0.734375 0.6171875 0.73125 0.6234375 0.721875 0.6203125 0.7140625 0.621875 0.703125 0.6125 0.703125 0.590625 0.7046875 0.5890625
5 0.5125 0.5640625 0.515625 0.5734375 0.5140625 0.5859375 0.503125 0.5859375 0.4984375 0.578125 0.4984375 0.5671875 0.5046875 0.5625 0.5109375 0.5640625
4 0.5140625 0.5484375 0.5359375 0.55 0.5421875 0.55625 0.546875 0.5703125 0.546875 0.5796875 0.54375 0.5859375 0.5375 0.584375 0.534375 0.5859375 0.5203125 0.5796875 0.515625 0.571875 0.5140625 0.55
4 0.6609375 0.584375 0.6671875 0.584375 0.671875 0.5796875 0.6859375 0.5796875 0.690625 0.5859375 0.6953125 0.5875 0.7015625 0.59375 0.7015625 0.6 0.6984375 0.6046875 0.69375 0.60625 0.6859375 0.603125 0.66875 0.6046875 0.659375 0.59375 0.6609375 0.5859375
2 0.440625 0.534375 0.4453125 0.534375 0.4484375 0.5390625 0.44375 0.54375 0.4390625 0.540625 0.440625 0.5359375
2 0.3546875 0.6125 0.3703125 0.6109375 0.378125 0.6171875 0.3765625 0.63125 0.371875 0.6296875 0.3640625 0.6375 0.3484375 0.6375 0.346875 0.6234375 0.3546875 0.6140625
2 0.41108217592592594 0.6493344907407408 0.026840277777777734 0.037696759259259235
2 0.5515625 0.5890625 0.5640625 0.596875 0.5703125 0.60625 0.5703125 0.6109375 0.5609375 0.615625 0.5375 0.6125 0.5359375 0.6078125 0.5375 0.59375 0.540625 0.590625 0.55 0.5890625
2 0.5640625 0.578125 0.575 0.584375 0.5734375 0.6046875 0.5578125 0.590625 0.5484375 0.5875 0.55 0.5765625 0.5625 0.578125
2 0.0875 0.6671875 0.096875 0.66875 0.096875 0.6765625 0.065625 0.6890625 0.0609375 0.6890625 0.0578125 0.684375 0.059375 0.6734375 0.065625 0.66875 0.0859375 0.6671875
2 0.49375 0.5515625 0.503125 0.5515625 0.50625 0.55625 0.5046875 0.5625 0.496875 0.5640625 0.49375 0.559375 0.49375 0.553125
2 0.8890625 0.621875 0.90625 0.6265625 0.915625 0.6359375 0.9375 0.65 0.9390625 0.6609375 0.9328125 0.665625 0.925 0.6671875 0.890625 0.65625 0.878125 0.65625 0.8640625 0.6453125 0.8640625 0.6328125 0.8671875 0.6234375 0.871875 0.6203125 0.8875 0.621875
2 0.4296875 0.5703125 0.43125 0.571875 0.43125 0.5890625 0.4296875 0.590625 0.4171875 0.5890625 0.41875 0.5734375 0.425 0.56875 0.428125 0.5703125
2 0.9234375 0.5765625 0.9375 0.5765625 0.9421875 0.58125 0.9421875 0.5859375 0.9359375 0.5890625 0.93125 0.584375 0.928125 0.584375 0.9234375 0.578125
2 0.9995717592592592 0.6261863425925925 0.0008564814814814526 0.021956018518518493
2 0.640625 0.5859375 0.6546875 0.6 0.65625 0.6046875 0.6546875 0.6171875 0.646875 0.61875 0.6390625 0.615625 0.6390625 0.5875
2 0.6078125 0.575 0.609375 0.5859375 0.603125 0.5859375 0.603125 0.5765625 0.60625 0.575
2 0.22342592592592592 0.6296296296296295 0.03605324074074075 0.01589120370370365
2 0.4046875 0.5390625 0.4078125 0.5390625 0.4109375 0.5453125 0.4109375 0.553125 0.4046875 0.553125 0.4046875 0.540625
2 0.9640625 0.5875 0.971875 0.5953125 0.971875 0.6078125 0.9578125 0.6078125 0.9546875 0.6046875 0.95 0.5890625 0.953125 0.5859375 0.9625 0.5875
2 0.434375 0.54375 0.4375 0.55 0.4375 0.55625 0.434375 0.559375 0.428125 0.5578125 0.428125 0.5484375 0.4328125 0.54375
5 0.3296875 0.6390625 0.3375 0.64375 0.3421875 0.6578125 0.3421875 0.6703125 0.3375 0.6765625 0.3375 0.6828125 0.3296875 0.684375 0.328125 0.68125 0.325 0.68125 0.3203125 0.6859375 0.3109375 0.6890625 0.3046875 0.7 0.3015625 0.696875 0.29375 0.696875 0.2859375 0.7 0.28125 0.7 0.2765625 0.696875 0.2734375 0.68125 0.275 0.65625 0.284375 0.6515625 0.3171875 0.64375 0.3203125 0.640625 0.328125 0.6390625