0 0.640625 0.6015625 0.65 0.6015625 0.659375 0.6046875 0.6703125 0.6125 0.6703125 0.6453125 0.66875 0.646875 0.6671875 0.6453125 0.6515625 0.6453125 0.6484375 0.64375 0.646875 0.6375 0.6359375 0.628125 0.6375 0.609375 0.640625 0.603125
3 0.7265625 0.7046875 0.7203125 0.690625 0.7203125 0.6828125 0.7234375 0.6796875 0.728125 0.6796875 0.73125 0.6859375 0.73125 0.7015625 0.728125 0.7046875
3 0.728125 0.6578125 0.728125 0.6640625 0.73125 0.6703125 0.7296875 0.6796875 0.7234375 0.6796875 0.7203125 0.6765625 0.7203125 0.659375 0.7265625 0.6578125
3 0.7140625 0.7203125 0.7265625 0.7203125 0.725 0.7484375 0.71875 0.74375 0.715625 0.7375 0.7140625 0.721875
3 0.5953125 0.6203125 0.5984375 0.63125 0.5984375 0.6421875 0.5953125 0.6453125 0.59375 0.64375 0.5921875 0.6359375 0.59375 0.621875
3 0.66875 0.6515625 0.6703125 0.653125 0.66875 0.6765625 0.665625 0.6796875 0.6625 0.6765625 0.6625 0.659375 0.6671875 0.653125
3 0.60625 0.6078125 0.609375 0.6078125 0.6109375 0.6109375 0.6109375 0.621875 0.6078125 0.6234375 0.60625 0.609375
3 0.459375 0.571875 0.4625 0.5765625 0.4625 0.5828125 0.459375 0.5859375 0.45625 0.584375 0.4578125 0.5734375
3 0.671875 0.66328125 0.02109375 0.0328125
3 0.3171875 0.6296875 0.31875 0.6140625 0.321875 0.609375 0.3265625 0.609375 0.3296875 0.6125 0.33125 0.625 0.3296875 0.628125 0.31875 0.6296875
3 0.728125 0.76875 0.740625 0.76875 0.740625 0.784375 0.7421875 0.7859375 0.740625 0.8015625 0.734375 0.8109375 0.7296875 0.7984375 0.728125 0.7703125
3 0.2828125 0.6265625 0.2890625 0.628125 0.2890625 0.6375 0.2859375 0.6421875 0.278125 0.6453125 0.2734375 0.6453125 0.2734375 0.6421875 0.2765625 0.63125 0.28125 0.6265625
3 0.2234375 0.6171875 0.21875 0.6140625 0.20625 0.6125 0.20625 0.60625 0.209375 0.6015625 0.2171875 0.5953125 0.221875 0.5953125 0.228125 0.6046875 0.228125 0.6109375 0.225 0.615625
3 0.025 0.746875 0.0296875 0.746875 0.0328125 0.75625 0.0296875 0.7734375 0.0234375 0.7796875 0.0140625 0.78125 0.00625 0.7859375 0 0.7859375 0 0.7546875 0.009375 0.753125 0.015625 0.759375 0.0234375 0.753125 0.025 0.7484375
3 0.35625 0.5953125 0.3625 0.5984375 0.3609375 0.6109375 0.3515625 0.615625 0.35 0.609375 0.35625 0.596875
3 0.2359375 0.5953125 0.24375 0.59375 0.2484375 0.5953125 0.25 0.5984375 0.25 0.609375 0.2484375 0.6125 0.24375 0.6125 0.23125 0.609375 0.2296875 0.603125 0.2359375 0.596875
3 0.7328125 0.75 0.734375 0.753125 0.740625 0.75625 0.74375 0.7625 0.7421875 0.7953125 0.7390625 0.80625 0.734375 0.8109375 0.7296875 0.8 0.728125 0.7640625 0.7265625 0.7625 0.7265625 0.7546875 0.73125 0.75
3 0.471875 0.584375 0.4703125 0.5734375 0.4734375 0.56875 0.4765625 0.5734375 0.4765625 0.5828125 0.4734375 0.584375
3 0.7984375 0.6984375 0.79375 0.73125 0.7640625 0.721875 0.7609375 0.71875 0.7609375 0.709375 0.765625 0.7 0.7734375 0.69375 0.771875 0.7171875 0.7765625 0.71875 0.7796875 0.7125 0.7828125 0.7125 0.790625 0.70625 0.790625 0.7 0.796875 0.6984375
3 0.1140625 0.6078125 0.1171875 0.6078125 0.1203125 0.6140625 0.1203125 0.621875 0.1125 0.6234375 0.1140625 0.609375
3 0.1859375 0.603125 0.196875 0.6015625 0.2 0.6046875 0.2015625 0.6125 0.2 0.6203125 0.184375 0.621875 0.1828125 0.609375 0.1859375 0.6046875
5 0.165625 0.6375 0.1703125 0.6515625 0.1703125 0.671875 0.1625 0.6796875 0.1625 0.6828125 0.1578125 0.6875 0.15 0.6859375 0.13125 0.6953125 0.1234375 0.7046875 0.1140625 0.703125 0.10625 0.70625 0.0890625 0.7046875 0.0859375 0.7015625 0.0859375 0.6828125 0.1015625 0.6578125 0.1203125 0.646875 0.125 0.646875 0.140625 0.6390625 0.1515625 0.6359375 0.1640625 0.6375
5 0.04765625 0.609375 0.02421875 0.025
1 0.59375 0.5359375 0.6 0.5375 0.5984375 0.5515625 0.5921875 0.5515625 0.590625 0.5421875 0.59375 0.5375
2 0.5953125 0.5546875 0.5984375 0.55625 0.6 0.5625 0.5984375 0.56875 0.5921875 0.571875 0.5890625 0.56875 0.5890625 0.5609375 0.590625 0.55625 0.59375 0.5546875
2 0.590625 0.80625 0.615625 0.815625 0.6234375 0.825 0.6265625 0.840625 0.625 0.8875 0.6234375 0.8921875 0.6203125 0.8921875 0.6109375 0.9046875 0.609375 0.9171875 0.603125 0.93125 0.6 0.953125 0.5953125 0.965625 0.5921875 0.9671875 0.5875 0.9640625 0.5828125 0.9515625 0.5671875 0.9515625 0.5546875 0.94375 0.54375 0.9421875 0.5328125 0.928125 0.5328125 0.890625 0.54375 0.853125 0.5640625 0.8171875 0.5703125 0.8109375 0.5890625 0.80625
2 0.58125 0.54375 0.5859375 0.5515625 0.584375 0.55625 0.578125 0.559375 0.5796875 0.5453125
2 0.5640625 0.5734375 0.56875 0.5765625 0.5703125 0.58125 0.5703125 0.59375 0.559375 0.59375 0.5578125 0.584375 0.5625 0.575
2 0.090625 0.5859375 0.096875 0.590625 0.0953125 0.596875 0.08125 0.6015625 0.06875 0.6 0.065625 0.596875 0.0671875 0.590625 0.071875 0.5859375 0.0890625 0.5859375
2 0.490625 0.56015625 0.01640625 0.0171875
2 0.6015625 0.6578125 0.6078125 0.659375 0.6140625 0.665625 0.6140625 0.69375 0.609375 0.70625 0.596875 0.703125 0.590625 0.703125 0.5859375 0.70625 0.5828125 0.696875 0.5890625 0.6625 0.5953125 0.6578125 0.6 0.6578125
2 0.4984375 0.590625 0.5046875 0.5921875 0.509375 0.6 0.509375 0.6078125 0.5015625 0.6171875 0.4765625 0.615625 0.475 0.6125 0.4765625 0.6 0.4875 0.5921875 0.496875 0.590625
2 0.578125 0.6015625 0.5890625 0.6 0.5921875 0.6015625 0.5953125 0.609375 0.5953125 0.615625 0.590625 0.625 0.5828125 0.625 0.578125 0.621875 0.5765625 0.6171875 0.578125 0.603125
2 0.9078125 0.65625 0.934375 0.65625 0.94375 0.659375 0.9453125 0.6625 0.9453125 0.678125 0.940625 0.678125 0.928125 0.671875 0.9078125 0.6671875 0.90625 0.665625 0.9078125 0.6578125
2 0.5359375 0.53828125 0.0078125 0.01171875
2 0.57421875 0.56796875 0.01015625 0.0171875
2 0.553125 0.565625 0.5546875 0.578125 0.5515625 0.58125 0.5453125 0.58125 0.5453125 0.5671875 0.5515625 0.565625
2 0.775 0.615625 0.7921875 0.621875 0.7984375 0.6265625 0.7984375 0.6296875 0.7671875 0.6203125 0.765625 0.6171875 0.7734375 0.615625
2 0.6890625 0.678125 0.69375 0.6828125 0.69375 0.7 0.6953125 0.7015625 0.6953125 0.725 0.69375 0.7265625 0.6828125 0.7234375 0.6671875 0.7234375 0.6671875 0.69375 0.6703125 0.678125 0.671875 0.6765625 0.6875 0.678125
2 0.5671875 0.5515625 0.56875 0.553125 0.5671875 0.5671875 0.5609375 0.565625 0.5609375 0.5546875 0.565625 0.5515625
2 0.7265625 0.6046875 0.7375 0.6046875 0.75 0.6125 0.7484375 0.61875 0.7390625 0.6171875 0.7328125 0.6265625 0.728125 0.628125 0.7265625 0.6265625 0.728125 0.6125 0.7265625 0.60625