1 0.6125 0.5765625 0.625 0.584375 0.640625 0.5875 0.646875 0.5921875 0.6484375 0.6375 0.63125 0.6421875 0.61875 0.640625 0.6078125 0.634375 0.603125 0.634375 0.6015625 0.6015625 0.596875 0.596875 0.584375 0.590625 0.584375 0.5796875 0.5875 0.575 0.5953125 0.5734375 0.6109375 0.5765625
1 0.5828125 0.5421875 0.5890625 0.5484375 0.5890625 0.5609375 0.5859375 0.56875 0.58125 0.5734375 0.5640625 0.5703125 0.5640625 0.565625 0.5609375 0.5609375 0.5625 0.5515625 0.5671875 0.5453125 0.5734375 0.5421875 0.58125 0.5421875
0 0.1328125 0.63125 0.134375 0.6328125 0.1484375 0.6265625 0.15625 0.6265625 0.175 0.6171875 0.190625 0.615625 0.1953125 0.6203125 0.1953125 0.6484375 0.1890625 0.653125 0.18125 0.6546875 0.1765625 0.6609375 0.1671875 0.659375 0.1484375 0.66875 0.1421875 0.66875 0.1234375 0.68125 0.1046875 0.6796875 0.1 0.678125 0.0984375 0.675 0.103125 0.6640625 0.1109375 0.6546875 0.11875 0.653125 0.1234375 0.6484375 0.1234375 0.6390625 0.1265625 0.634375 0.13125 0.6328125
0 0.721875 0.6859375 0.740625 0.6953125 0.74375 0.7015625 0.74375 0.7390625 0.7375 0.753125 0.734375 0.771875 0.721875 0.784375 0.6984375 0.7703125 0.6921875 0.7640625 0.6921875 0.7453125 0.69375 0.74375 0.6921875 0.7125 0.6953125 0.7046875 0.709375 0.6859375 0.7203125 0.6859375
3 0.653125 0.615625 0.65625 0.615625 0.65625 0.621875 0.659375 0.6265625 0.659375 0.6421875 0.6578125 0.64375 0.653125 0.6421875 0.6515625 0.6390625 0.653125 0.6171875
3 0.6253761574074075 0.66015625 0.02385416666666664 0.028125
3 0.2359375 0.634375 0.2359375 0.6265625 0.24375 0.615625 0.253125 0.6234375 0.2546875 0.63125 0.253125 0.634375 0.2375 0.634375
3 0.2546875 0.5875 0.265625 0.5875 0.2703125 0.5921875 0.2671875 0.6 0.2546875 0.6015625 0.253125 0.5984375 0.2546875 0.5890625
3 0.225 0.6171875 0.23125 0.621875 0.2328125 0.628125 0.23125 0.634375 0.228125 0.6359375 0.2171875 0.6359375 0.2140625 0.6328125 0.215625 0.6234375 0.2234375 0.6171875
3 0.01824074074074074 0.72109375 0.03648148148148148 0.0390625
3 0.6625 0.665625 0.6703125 0.66875 0.6765625 0.6609375 0.68125 0.6609375 0.68125 0.6671875 0.678125 0.6703125 0.6796875 0.6828125 0.675 0.6875 0.675 0.690625 0.6703125 0.6890625 0.6640625 0.6828125 0.6609375 0.6828125 0.6625 0.6671875
3 0.3125 0.596875 0.315625 0.6 0.3140625 0.615625 0.3125 0.6171875 0.3046875 0.615625 0.303125 0.6125 0.3046875 0.60625 0.3109375 0.5984375
3 0.2921875 0.5984375 0.2953125 0.603125 0.2953125 0.609375 0.2875 0.609375 0.2875 0.603125 0.290625 0.6
4 0.49375 0.5671875 0.4984375 0.5734375 0.4953125 0.59375 0.484375 0.596875 0.478125 0.603125 0.4765625 0.6078125 0.465625 0.609375 0.459375 0.609375 0.45625 0.603125 0.4578125 0.5921875 0.4640625 0.5875 0.4640625 0.584375 0.4625 0.5828125 0.459375 0.584375 0.459375 0.58125 0.471875 0.56875 0.4921875 0.5671875
4 0.5875 0.59375 0.6 0.6015625 0.6 0.6359375 0.5921875 0.64375 0.5890625 0.6421875 0.58125 0.64375 0.575 0.6359375 0.5703125 0.6359375 0.5671875 0.63125 0.5671875 0.6109375 0.5703125 0.596875 0.5734375 0.5921875 0.5859375 0.59375
5 0.5421875 0.60625 0.540625 0.59375 0.546875 0.58125 0.5578125 0.58125 0.5625 0.5921875 0.559375 0.5984375 0.559375 0.60625 0.55625 0.6109375 0.54375 0.60625
5 0.490625 0.5953125 0.4921875 0.596875 0.5140625 0.596875 0.515625 0.6203125 0.50625 0.6265625 0.490625 0.625 0.4875 0.621875 0.4828125 0.6234375 0.478125 0.615625 0.478125 0.6078125 0.4796875 0.603125 0.4890625 0.596875
2 0.73125 0.6125 0.7421875 0.6171875 0.7484375 0.625 0.734375 0.628125 0.728125 0.6359375 0.728125 0.6390625 0.7234375 0.6375 0.7234375 0.6140625 0.7296875 0.6125
2 0.5359375 0.590625 0.5421875 0.5671875 0.55 0.56875 0.55 0.5796875 0.5453125 0.5828125 0.540625 0.590625 0.5375 0.590625
2 0.55625 0.5375 0.5578125 0.5453125 0.5515625 0.546875 0.5515625 0.5421875 0.5546875 0.5390625
2 0.06875 0.584375 0.071875 0.5875 0.0765625 0.5875 0.0765625 0.5921875 0.075 0.5953125 0.065625 0.5984375 0.0515625 0.596875 0.0484375 0.59375 0.0484375 0.5890625 0.0546875 0.5828125 0.0671875 0.584375
2 0.09375 0.5765625 0.0984375 0.5796875 0.096875 0.584375 0.0921875 0.5890625 0.0859375 0.590625 0.0796875 0.5859375 0.0828125 0.5796875 0.0921875 0.5765625
2 0.2984375 0.6109375 0.3015625 0.6125 0.3046875 0.6203125 0.3015625 0.634375 0.290625 0.6359375 0.275 0.64375 0.2671875 0.6453125 0.2640625 0.6453125 0.2609375 0.640625 0.2609375 0.6296875 0.2703125 0.621875 0.275 0.6234375 0.2796875 0.61875 0.28125 0.6125 0.290625 0.609375 0.296875 0.6109375
2 0.35625 0.5828125 0.359375 0.584375 0.3578125 0.5921875 0.3515625 0.5890625 0.3515625 0.5859375 0.3546875 0.584375
2 0.1078125 0.684375 0.1140625 0.696875 0.115625 0.7125 0.1046875 0.7375 0.090625 0.7390625 0.06875 0.753125 0.065625 0.753125 0.0515625 0.771875 0.0484375 0.771875 0.04375 0.7671875 0.0046875 0.771875 0.003125 0.7640625 0.009375 0.740625 0.03125 0.7203125 0.0359375 0.7125 0.0578125 0.696875 0.0859375 0.684375 0.10625 0.684375
2 0.7625 0.6265625 0.7765625 0.6265625 0.790625 0.6328125 0.796875 0.640625 0.7921875 0.640625 0.784375 0.6359375 0.7734375 0.634375 0.7640625 0.628125
2 0.446875 0.5765625 0.45625 0.58125 0.4546875 0.5828125 0.4546875 0.5984375 0.446875 0.60625 0.440625 0.603125 0.4265625 0.603125 0.4234375 0.596875 0.4234375 0.590625 0.43125 0.5796875 0.4453125 0.5765625
2 0.3375 0.59375 0.346875 0.5890625 0.3515625 0.5890625 0.3578125 0.596875 0.35625 0.6125 0.346875 0.6140625 0.3375 0.61875 0.328125 0.61875 0.325 0.6140625 0.325 0.6046875 0.3375 0.5953125
2 0.503125 0.55625 0.50625 0.5578125 0.5046875 0.571875 0.5015625 0.5734375 0.4984375 0.5703125 0.4984375 0.559375 0.5015625 0.5578125