2 0.2359375 0.640625 0.05546875 0.04453125
2 0.73984375 0.6515625 0.05078125 0.03515625
2 0.5859375 0.85859375 0.08984375 0.12578125
5 0.5875 0.69921875 0.0578125 0.08359375
2 0.56796875 0.596875 0.01953125 0.021875
2 0.4953125 0.603125 0.04140625 0.03046875
2 0.703125 0.70234375 0.04296875 0.0640625
5 0.36171875 0.921875 0.2078125 0.14375
2 0.67421875 0.65625 0.03828125 0.0328125
2 0.79296875 0.71640625 0.1109375 0.0734375
2 0.6375 0.646875 0.0328125 0.03671875
5 0.51328125 0.7765625 0.10546875 0.12890625
2 0.5921875 0.6203125 0.0421875 0.03125
2 0.290625 0.61484375 0.05 0.03828125
2 0.01171875 0.60859375 0.02265625 0.0234375
2 0.46640625 0.5828125 0.03203125 0.028125
2 0.078125 0.59921875 0.02890625 0.0234375
2 0.5546875 0.57421875 0.015625 0.0203125
2 0.05234375 0.7328125 0.1046875 0.078125
5 0.11328125 0.59921875 0.0265625 0.02734375
3 0.11171875 0.6859375 0.0296875 0.0421875