3 0.5807407407407408 0.56171875 0.0048958333333333215 0.0140625
3 0.1734375 0.625 0.178125 0.6359375 0.178125 0.64375 0.171875 0.6484375 0.1609375 0.6515625 0.15625 0.65 0.15625 0.6453125 0.1609375 0.6359375 0.1671875 0.628125 0.171875 0.6265625
3 0.1390625 0.609375 0.146875 0.6140625 0.146875 0.6265625 0.134375 0.628125 0.1296875 0.628125 0.1296875 0.615625 0.1328125 0.6109375 0.1375 0.609375
3 0.2265625 0.61875 0.23125 0.6234375 0.2328125 0.6296875 0.221875 0.6390625 0.2140625 0.6390625 0.21875 0.6234375 0.225 0.61875
3 0.13624421296296296 0.66484375 0.0254861111111111 0.0328125
3 0.1625 0.6734375 0.1640625 0.675 0.1671875 0.6734375 0.175 0.6828125 0.171875 0.69375 0.1609375 0.6984375 0.153125 0.7046875 0.15 0.7015625 0.153125 0.6859375 0.1609375 0.675
3 0.1859375 0.609375 0.1890625 0.6109375 0.190625 0.615625 0.190625 0.6265625 0.1875 0.6296875 0.178125 0.6296875 0.175 0.6234375 0.171875 0.621875 0.1734375 0.6125 0.184375 0.609375
3 0.625 0.6234375 0.63125 0.625 0.63125 0.640625 0.6296875 0.6421875 0.625 0.640625 0.625 0.625
3 0.2515625 0.621875 0.2578125 0.6265625 0.2578125 0.6359375 0.246875 0.6390625 0.240625 0.6390625 0.240625 0.63125 0.24375 0.625 0.25 0.621875
3 0.2 0.6421875 0.203125 0.64375 0.20625 0.653125 0.20625 0.6609375 0.203125 0.6671875 0.1890625 0.6734375 0.1875 0.671875 0.1890625 0.659375 0.1953125 0.6453125 0.1984375 0.64375
3 0.1015625 0.6359375 0.1 0.625 0.1015625 0.6171875 0.1046875 0.6140625 0.1125 0.6171875 0.115625 0.6296875 0.1109375 0.6375 0.103125 0.6359375
4 0.5109375 0.5984375 0.528125 0.5953125 0.5359375 0.603125 0.540625 0.603125 0.54375 0.6078125 0.54375 0.615625 0.5375 0.6265625 0.5046875 0.6234375 0.503125 0.621875 0.503125 0.60625 0.5109375 0.6
4 0.603125 0.65625 0.6109375 0.6625 0.6140625 0.678125 0.609375 0.7109375 0.603125 0.7109375 0.596875 0.7078125 0.5921875 0.7078125 0.5875 0.7109375 0.58125 0.709375 0.5796875 0.684375 0.5828125 0.6828125 0.5859375 0.6609375 0.590625 0.65625 0.6015625 0.65625
4 0.565625 0.5890625 0.58125 0.5875 0.5890625 0.59375 0.603125 0.596875 0.60625 0.6015625 0.6046875 0.6078125 0.584375 0.6015625 0.571875 0.60625 0.5671875 0.6109375 0.5640625 0.6015625 0.565625 0.590625
5 0.5921875 0.6046875 0.603125 0.6109375 0.603125 0.625 0.596875 0.634375 0.590625 0.634375 0.5796875 0.6234375 0.565625 0.61875 0.5671875 0.6125 0.5734375 0.60625 0.58125 0.603125 0.590625 0.6046875
5 0.03379050925925926 0.61953125 0.023807870370370368 0.025
5 0.3578125 0.5921875 0.359375 0.59375 0.359375 0.6140625 0.3546875 0.6234375 0.3484375 0.6203125 0.3359375 0.6203125 0.3328125 0.6234375 0.321875 0.621875 0.321875 0.6109375 0.325 0.6015625 0.334375 0.59375 0.35625 0.5921875
5 0.4609375 0.5671875 0.4640625 0.5703125 0.4640625 0.5765625 0.4609375 0.584375 0.4578125 0.5859375 0.44375 0.5796875 0.44375 0.575 0.4484375 0.5703125 0.459375 0.5671875
2 0.6609375 0.6375 0.6671875 0.64375 0.671875 0.6546875 0.671875 0.675 0.6703125 0.6765625 0.6640625 0.6734375 0.6515625 0.6734375 0.640625 0.6609375 0.6421875 0.6421875 0.653125 0.6359375 0.659375 0.6375
2 0.434375 0.5765625 0.43125 0.5890625 0.4234375 0.5890625 0.421875 0.5796875 0.4296875 0.575 0.4328125 0.5765625
2 0.9046875 0.653125 0.928125 0.653125 0.9421875 0.65625 0.9421875 0.6734375 0.9390625 0.675 0.9265625 0.66875 0.9046875 0.6640625 0.903125 0.6625 0.9046875 0.6546875
2 0.1328125 0.69375 0.1390625 0.703125 0.1390625 0.721875 0.1359375 0.7328125 0.13125 0.7359375 0.1234375 0.7359375 0.1078125 0.74375 0.0984375 0.7515625 0.09375 0.7609375 0.090625 0.7625 0.084375 0.7609375 0.0703125 0.765625 0.05 0.765625 0.0484375 0.75 0.0546875 0.7359375 0.0671875 0.7265625 0.075 0.715625 0.09375 0.7 0.115625 0.6921875 0.13125 0.69375
2 0.49093171296296295 0.559375 0.019004629629629656 0.0171875
2 0.5796875 0.5375 0.5828125 0.5375 0.584375 0.540625 0.58125 0.5484375 0.578125 0.5453125 0.5796875 0.5390625
2 0.6296875 0.6796875 0.6453125 0.6796875 0.653125 0.6828125 0.65625 0.6859375 0.6546875 0.6875 0.6609375 0.7 0.659375 0.7234375 0.653125 0.7328125 0.6515625 0.746875 0.6328125 0.7390625 0.6234375 0.7390625 0.6203125 0.74375 0.615625 0.7359375 0.615625 0.7203125 0.6140625 0.71875 0.615625 0.7078125 0.621875 0.6890625 0.6296875 0.68125
2 0.5140625 0.5515625 0.5203125 0.5515625 0.521875 0.55625 0.521875 0.5640625 0.5171875 0.5671875 0.5140625 0.565625 0.5125 0.559375 0.5140625 0.553125
2 0.725 0.603125 0.734375 0.6046875 0.7421875 0.609375 0.7453125 0.6171875 0.73125 0.6203125 0.728125 0.6265625 0.728125 0.6328125 0.725 0.634375 0.721875 0.628125 0.721875 0.6078125 0.7203125 0.60625 0.7234375 0.6046875
2 0.4796875 0.5703125 0.4796875 0.58125 0.471875 0.5859375 0.4640625 0.5859375 0.4625 0.5796875 0.4671875 0.571875 0.478125 0.5703125
2 0.4453125 0.5765625 0.4578125 0.5859375 0.459375 0.5921875 0.45625 0.596875 0.4453125 0.596875 0.434375 0.5890625 0.4359375 0.5796875 0.44375 0.5765625
2 0.49375 0.5671875 0.496875 0.5703125 0.496875 0.58125 0.4859375 0.5890625 0.4796875 0.5859375 0.4796875 0.575 0.484375 0.56875 0.4921875 0.5671875
2 0.0546875 0.703125 0.0640625 0.696875 0.0640625 0.69375 0.071875 0.684375 0.09375 0.671875 0.1203125 0.671875 0.128125 0.6828125 0.128125 0.6859375 0.1234375 0.690625 0.1078125 0.6921875 0.0953125 0.6984375 0.084375 0.70625 0.0671875 0.725 0.0515625 0.7328125 0.0453125 0.7296875 0.0453125 0.7171875 0.0484375 0.709375 0.0546875 0.7046875
2 0.575 0.621875 0.5875 0.634375 0.5875 0.65 0.5734375 0.6546875 0.56875 0.653125 0.559375 0.64375 0.5609375 0.6265625 0.565625 0.621875 0.5734375 0.621875
2 0.065625 0.5953125 0.0828125 0.6 0.0828125 0.609375 0.078125 0.6140625 0.065625 0.6140625 0.0578125 0.6078125 0.0546875 0.6078125 0.0546875 0.6 0.0640625 0.5953125
2 0.5703125 0.546875 0.575 0.546875 0.578125 0.553125 0.578125 0.559375 0.5734375 0.5609375 0.56875 0.559375 0.5703125 0.5484375
2 0.7953125 0.671875 0.821875 0.6828125 0.828125 0.70625 0.8265625 0.7203125 0.8203125 0.7265625 0.8078125 0.7265625 0.803125 0.73125 0.8 0.73125 0.7890625 0.7171875 0.784375 0.7171875 0.778125 0.7125 0.771875 0.7125 0.7625 0.7078125 0.7609375 0.709375 0.75625 0.7078125 0.753125 0.7109375 0.7484375 0.709375 0.7453125 0.70625 0.7421875 0.6953125 0.74375 0.684375 0.75 0.6796875 0.7640625 0.6765625 0.775 0.6703125 0.79375 0.671875
2 0.484375 0.5921875 0.4953125 0.6015625 0.4953125 0.6078125 0.4875 0.6140625 0.46875 0.609375 0.46875 0.5984375 0.475 0.5921875 0.4828125 0.5921875
2 0.4625 0.6 0.4671875 0.6046875 0.4671875 0.6140625 0.4640625 0.6203125 0.446875 0.6203125 0.4375 0.61875 0.434375 0.615625 0.434375 0.60625 0.4421875 0.603125 0.4453125 0.5984375 0.4609375 0.6
2 0.434375 0.590625 0.44375 0.5953125 0.44375 0.6 0.43125 0.6125 0.4234375 0.6109375 0.4234375 0.5921875 0.4328125 0.590625
2 0.5953125 0.5359375 0.5953125 0.546875 0.5921875 0.5484375 0.5890625 0.5453125 0.5890625 0.540625 0.59375 0.5359375
2 0.7609375 0.6140625 0.7703125 0.6140625 0.78125 0.6171875 0.790625 0.621875 0.7953125 0.628125 0.7609375 0.61875 0.7609375 0.615625