2 0.58828125 0.7862673611111111 0.08125 0.09435185185185198
2 0.53203125 0.9179340277777778 0.1703125 0.15751157407407418
2 0.38125 0.8854571759259258 0.1359375 0.1650694444444447
2 0.6140625 0.698576388888889 0.034375 0.056504629629629655
2 0.59921875 0.6439988425925927 0.0265625 0.03613425925925924
2 0.51328125 0.7844791666666666 0.09375 0.08975694444444446
2 0.4703125 0.6019849537037036 0.0328125 0.026805555555555572
2 0.65703125 0.6974768518518518 0.0390625 0.059664351851851906
1 0.6765625 0.6301446759259258 0.075 0.09586805555555564
1 0.52578125 0.5836053240740741 0.08125 0.061539351851851797
3 0.5765625 0.6051041666666667 0.021875 0.026724537037037165
2 0.6203125 0.6227488425925926 0.0234375 0.03142361111111107
3 0.8125 0.7353877314814815 0.0453125 0.05033564814814824