3 0.5890625 0.5546875 0.590625 0.55625 0.5890625 0.5671875 0.5875 0.5640625 0.5890625 0.55625
3 0.1859375 0.6171875 0.1890625 0.625 0.1890625 0.6359375 0.1734375 0.6421875 0.16875 0.6421875 0.16875 0.634375 0.1796875 0.61875 0.184375 0.6171875
3 0.15 0.609375 0.01953125 0.01796875
3 0.2390625 0.6109375 0.2421875 0.6171875 0.2421875 0.625 0.228125 0.63125 0.2265625 0.63125 0.2265625 0.6203125 0.2328125 0.6125 0.2375 0.6109375
3 0.140625 0.646875 0.153125 0.640625 0.159375 0.6421875 0.159375 0.6640625 0.14375 0.671875 0.140625 0.671875 0.1375 0.6671875 0.1375 0.65625 0.140625 0.6484375
3 0.171875 0.6640625 0.175 0.665625 0.178125 0.6640625 0.184375 0.66875 0.1828125 0.684375 0.1640625 0.69375 0.1625 0.6921875 0.1640625 0.678125 0.1671875 0.6703125 0.171875 0.665625
3 0.2 0.6015625 0.2015625 0.61875 0.196875 0.621875 0.190625 0.621875 0.1875 0.615625 0.184375 0.6140625 0.184375 0.6046875 0.1875 0.6015625 0.1984375 0.6015625
3 0.6328125 0.621875 0.6375 0.6234375 0.6375 0.640625 0.6359375 0.6421875 0.63125 0.6375 0.6328125 0.6234375
3 0.2546875 0.6171875 0.2609375 0.6140625 0.26875 0.6203125 0.26875 0.628125 0.2515625 0.6328125 0.25 0.6296875 0.2546875 0.61875
3 0.2 0.6640625 0.2 0.6515625 0.203125 0.646875 0.203125 0.6421875 0.209375 0.634375 0.2140625 0.634375 0.2171875 0.6421875 0.2171875 0.653125 0.2125 0.659375 0.2015625 0.6640625
3 0.121875 0.6046875 0.128125 0.615625 0.1234375 0.6265625 0.1171875 0.6265625 0.1125 0.6234375 0.1140625 0.60625 0.1203125 0.6046875
4 0.5375 0.59375 0.5515625 0.6046875 0.5515625 0.6140625 0.5453125 0.6234375 0.5296875 0.6234375 0.525 0.6203125 0.5109375 0.6203125 0.5109375 0.6046875 0.5203125 0.5953125 0.5359375 0.59375
4 0.609375 0.6546875 0.615625 0.6578125 0.6203125 0.665625 0.61875 0.6734375 0.6203125 0.6859375 0.615625 0.709375 0.6109375 0.709375 0.60625 0.70625 0.5984375 0.70625 0.5921875 0.709375 0.5875 0.7015625 0.5875 0.6796875 0.590625 0.675 0.5921875 0.6609375 0.596875 0.6546875 0.6078125 0.6546875
4 0.6 0.5921875 0.6125 0.596875 0.6125 0.60625 0.5890625 0.6 0.575 0.6078125 0.571875 0.603125 0.571875 0.59375 0.575 0.5875 0.5890625 0.5859375 0.5953125 0.5921875 0.5984375 0.5921875
5 0.5796875 0.6046875 0.5875 0.6015625 0.5953125 0.6015625 0.609375 0.6078125 0.609375 0.625 0.60625 0.6328125 0.5953125 0.6328125 0.590625 0.6234375 0.5734375 0.615625 0.575 0.609375 0.5796875 0.60625
5 0.05625 0.5984375 0.0578125 0.6015625 0.0546875 0.6140625 0.0484375 0.6203125 0.0375 0.6203125 0.0375 0.60625 0.040625 0.6 0.04375 0.5984375 0.0546875 0.5984375
5 0.35078125 0.60234375 0.0390625 0.03203125
5 0.46875 0.5640625 0.4734375 0.56875 0.4703125 0.58125 0.465625 0.58125 0.453125 0.575 0.453125 0.5703125 0.45625 0.5671875 0.4671875 0.5640625
2 0.65 0.6390625 0.659375 0.634375 0.6640625 0.634375 0.6703125 0.6390625 0.678125 0.6546875 0.678125 0.6734375 0.6765625 0.675 0.6703125 0.671875 0.65625 0.671875 0.646875 0.6578125 0.646875 0.6453125 0.65 0.640625
2 0.4328125 0.5734375 0.4359375 0.571875 0.44375 0.5734375 0.44375 0.5796875 0.4375 0.5859375 0.434375 0.5859375 0.43125 0.58125 0.4328125 0.575
2 0.9390625 0.6578125 0.9453125 0.6609375 0.9453125 0.6765625 0.94375 0.678125 0.934375 0.6765625 0.928125 0.671875 0.921875 0.671875 0.9140625 0.6671875 0.90625 0.665625 0.90625 0.6609375 0.909375 0.65625 0.9375 0.6578125
2 0.096875 0.6953125 0.1125 0.6859375 0.1265625 0.68125 0.14375 0.68125 0.1484375 0.6859375 0.1515625 0.69375 0.15 0.7140625 0.1453125 0.7234375 0.1328125 0.725 0.1140625 0.7359375 0.1078125 0.7484375 0.1046875 0.75 0.0921875 0.75 0.075 0.7546875 0.0625 0.753125 0.0609375 0.75 0.0625 0.73125 0.096875 0.696875
2 0.5046875 0.55 0.5078125 0.553125 0.50625 0.5640625 0.4921875 0.5625 0.49375 0.553125 0.4984375 0.55 0.503125 0.55
2 0.590625 0.5359375 0.5921875 0.54375 0.5890625 0.546875 0.5859375 0.5453125 0.5859375 0.5375 0.5890625 0.5359375
2 0.6578125 0.68125 0.6625 0.6859375 0.6671875 0.6984375 0.665625 0.7203125 0.659375 0.73125 0.6578125 0.74375 0.6359375 0.7359375 0.6296875 0.7359375 0.6265625 0.740625 0.6234375 0.7375 0.621875 0.7296875 0.6234375 0.703125 0.63125 0.6828125 0.6359375 0.678125 0.65 0.678125 0.65625 0.68125
2 0.5265625 0.5484375 0.5296875 0.553125 0.528125 0.5640625 0.5234375 0.5640625 0.5203125 0.55625 0.521875 0.55 0.525 0.5484375
2 0.7265625 0.6046875 0.7375 0.6046875 0.7453125 0.6078125 0.7515625 0.615625 0.7484375 0.61875 0.7375 0.6203125 0.734375 0.625 0.7328125 0.634375 0.73125 0.634375 0.7265625 0.625 0.728125 0.6140625 0.7265625 0.60625
2 0.4765625 0.5671875 0.484375 0.565625 0.4875 0.56875 0.4875 0.5796875 0.48125 0.5828125 0.471875 0.58125 0.4734375 0.571875 0.4765625 0.56875
2 0.446875 0.575 0.4546875 0.5734375 0.4671875 0.5828125 0.4671875 0.5921875 0.45625 0.59375 0.4515625 0.5890625 0.44375 0.5859375 0.446875 0.5765625
2 0.503125 0.565625 0.50625 0.571875 0.5046875 0.5796875 0.4953125 0.5859375 0.490625 0.5859375 0.4875 0.5703125 0.4953125 0.5640625 0.5015625 0.565625
2 0.13125 0.6609375 0.1375 0.66875 0.1390625 0.6734375 0.1375 0.6796875 0.1265625 0.6796875 0.109375 0.6859375 0.0890625 0.7015625 0.084375 0.709375 0.075 0.7171875 0.065625 0.7203125 0.0609375 0.7203125 0.0578125 0.7171875 0.0578125 0.7078125 0.0609375 0.6984375 0.075 0.6875 0.0859375 0.671875 0.10625 0.6609375 0.1296875 0.6609375
2 0.578125 0.61875 0.5859375 0.621875 0.5953125 0.634375 0.59375 0.6484375 0.58125 0.65 0.578125 0.653125 0.5671875 0.6421875 0.565625 0.6375 0.5671875 0.625 0.5765625 0.61875
2 0.0671875 0.596875 0.0671875 0.590625 0.0734375 0.5859375 0.08125 0.5859375 0.0875 0.5890625 0.0921875 0.5875 0.0953125 0.590625 0.0953125 0.5984375 0.0921875 0.603125 0.078125 0.6046875 0.0734375 0.5984375 0.06875 0.596875
2 0.58046875 0.5515625 0.0109375 0.01484375
2 0.790625 0.671875 0.8203125 0.68125 0.825 0.684375 0.83125 0.696875 0.8328125 0.7078125 0.83125 0.721875 0.8265625 0.7265625 0.8125 0.728125 0.809375 0.73125 0.803125 0.73125 0.7953125 0.71875 0.7671875 0.7078125 0.7546875 0.709375 0.75 0.703125 0.7484375 0.6859375 0.7515625 0.68125 0.759375 0.678125 0.7671875 0.678125 0.778125 0.671875 0.7890625 0.671875
2 0.49375 0.5890625 0.503125 0.596875 0.503125 0.60625 0.4953125 0.6109375 0.490625 0.6109375 0.484375 0.60625 0.478125 0.60625 0.4765625 0.603125 0.4765625 0.5953125 0.48125 0.590625 0.4859375 0.5875 0.4921875 0.5890625
2 0.465625 0.59375 0.475 0.6 0.4734375 0.615625 0.4484375 0.615625 0.4421875 0.609375 0.4421875 0.6046875 0.45 0.6 0.453125 0.5953125 0.4640625 0.59375
2 0 0.6296875 0.00625 0.63125 0.009375 0.6390625 0.00625 0.646875 0 0.6484375 0 0.63125
2 0.4328125 0.5875 0.446875 0.5875 0.453125 0.5921875 0.453125 0.5953125 0.4421875 0.60625 0.4328125 0.6078125 0.43125 0.603125 0.4328125 0.5890625
2 0.596875 0.546875 0.596875 0.5390625 0.6 0.5359375 0.603125 0.5375 0.603125 0.54375 0.6015625 0.546875 0.5984375 0.546875
2 0.771875 0.615625 0.7921875 0.621875 0.8 0.6296875 0.7890625 0.628125 0.7796875 0.6234375 0.7734375 0.6234375 0.765625 0.61875 0.765625 0.6171875 0.7703125 0.6171875