2 0.65625 0.73515625 0.04453125 0.07109375
2 0.7890625 0.74765625 0.0609375 0.0953125
2 0.6921875 0.6796875 0.08203125 0.053125
2 0.4859375 0.6015625 0.0359375 0.02421875
2 0.1703125 0.6203125 0.04453125 0.025
2 0.81953125 0.6984375 0.08671875 0.06875
5 0.553125 0.61796875 0.04453125 0.04140625
5 0.58671875 0.78125 0.09921875 0.1234375
5 0.59296875 0.65078125 0.0375 0.05390625
4 0.04609375 0.7375 0.0921875 0.1078125
2 0.078125 0.59921875 0.03203125 0.0234375
2 0.01171875 0.60859375 0.0234375 0.025