3 0.571875 0.8421875 0.575 0.846875 0.575 0.85625 0.578125 0.8625 0.5765625 0.8796875 0.5734375 0.8875 0.5609375 0.8984375 0.5546875 0.9078125 0.55 0.9078125 0.5453125 0.8984375 0.546875 0.8734375 0.5421875 0.8703125 0.540625 0.853125 0.55 0.8453125 0.55625 0.8515625 0.5609375 0.8609375 0.5625 0.859375 0.5671875 0.8609375 0.56875 0.859375 0.5671875 0.84375 0.5703125 0.8421875
3 0.453125 0.6015625 0.4578125 0.6125 0.45625 0.61875 0.453125 0.6203125 0.4453125 0.61875 0.4484375 0.603125 0.4515625 0.6015625
3 0.1546875 0.6296875 0.165625 0.628125 0.1671875 0.63125 0.1671875 0.640625 0.1640625 0.6453125 0.15625 0.640625 0.153125 0.634375 0.1546875 0.63125
3 0.2671875 0.6328125 0.271875 0.6328125 0.278125 0.6484375 0.2765625 0.653125 0.2703125 0.659375 0.265625 0.659375 0.265625 0.6515625 0.2703125 0.640625 0.2671875 0.634375
3 0.5734375 0.578125 0.5765625 0.578125 0.578125 0.5890625 0.578125 0.5921875 0.575 0.59375 0.571875 0.584375 0.5734375 0.5796875
3 0.1859375 0.61875 0.1953125 0.6125 0.2 0.6125 0.2015625 0.615625 0.2 0.621875 0.1921875 0.628125 0.1921875 0.6328125 0.1890625 0.6359375 0.1828125 0.634375 0.1859375 0.6203125
3 0.2453125 0.60625 0.2484375 0.6125 0.2484375 0.61875 0.2453125 0.625 0.2390625 0.625 0.2328125 0.6140625 0.2375 0.60625 0.240625 0.6046875 0.24375 0.60625
3 0.1609375 0.65 0.1640625 0.653125 0.1640625 0.6640625 0.1453125 0.6703125 0.140625 0.66875 0.140625 0.6625 0.1453125 0.6515625 0.1515625 0.646875 0.15625 0.646875 0.159375 0.65
3 0.4796875 0.6109375 0.4875 0.609375 0.490625 0.6171875 0.490625 0.6234375 0.478125 0.621875 0.4796875 0.6125
3 0.5828125 0.5640625 0.5859375 0.565625 0.5859375 0.5765625 0.5828125 0.5734375 0.5828125 0.565625
4 0.471875 0.559375 0.4734375 0.5640625 0.471875 0.5703125 0.4671875 0.575 0.459375 0.5765625 0.453125 0.5828125 0.45 0.5828125 0.4484375 0.5796875 0.4484375 0.5703125 0.4546875 0.5609375 0.4703125 0.559375
4 0.61875 0.7125 0.625 0.709375 0.64375 0.7109375 0.653125 0.7140625 0.6625 0.721875 0.6609375 0.759375 0.65 0.7734375 0.646875 0.7921875 0.6421875 0.796875 0.6359375 0.7921875 0.628125 0.79375 0.61875 0.790625 0.6078125 0.790625 0.6015625 0.7796875 0.6015625 0.7734375 0.5984375 0.7671875 0.6 0.7484375 0.6078125 0.7421875 0.6125 0.734375 0.6140625 0.7203125 0.61875 0.7140625
1 0.5828125 0.5359375 0.584375 0.5546875 0.58125 0.5625 0.578125 0.5640625 0.5734375 0.5640625 0.5703125 0.559375 0.56875 0.5390625 0.575 0.534375 0.58125 0.5359375
1 0.8328125 0.6203125 0.8484375 0.6265625 0.85625 0.625 0.878125 0.6265625 0.8984375 0.634375 0.9 0.6375 0.9 0.675 0.9015625 0.6765625 0.9 0.678125 0.9 0.715625 0.903125 0.71875 0.9015625 0.740625 0.8984375 0.7484375 0.8921875 0.7484375 0.8859375 0.7453125 0.86875 0.746875 0.859375 0.740625 0.8546875 0.740625 0.8421875 0.734375 0.828125 0.7359375 0.8140625 0.7203125 0.803125 0.7171875 0.8 0.7140625 0.7953125 0.7140625 0.7921875 0.7109375 0.7890625 0.696875 0.790625 0.6890625 0.7890625 0.671875 0.7921875 0.6640625 0.796875 0.6296875 0.8 0.625 0.8109375 0.6203125 0.83125 0.6203125
5 0.3421875 0.590625 0.353125 0.5828125 0.3640625 0.5796875 0.3671875 0.5921875 0.3671875 0.603125 0.3640625 0.6078125 0.3625 0.5953125 0.3578125 0.590625 0.34375 0.590625
5 0.0953125 0.625 0.09375 0.6046875 0.096875 0.6015625 0.1109375 0.6 0.115625 0.6 0.1171875 0.6046875 0.1171875 0.6125 0.1140625 0.6203125 0.1078125 0.625 0.096875 0.625
5 0.128125 0.6546875 0.13125 0.6578125 0.1328125 0.6671875 0.1328125 0.6828125 0.13125 0.684375 0.1328125 0.6890625 0.1296875 0.6953125 0.1234375 0.7015625 0.115625 0.7015625 0.1046875 0.70625 0.0984375 0.7109375 0.0921875 0.7203125 0.059375 0.7234375 0.0546875 0.721875 0.0546875 0.7 0.0640625 0.6796875 0.071875 0.671875 0.0875 0.6671875 0.1015625 0.659375 0.11875 0.6546875 0.1265625 0.6546875
5 0.290625 0.6015625 0.3 0.5953125 0.3140625 0.59375 0.31875 0.590625 0.3234375 0.59375 0.325 0.5984375 0.325 0.6109375 0.31875 0.61875 0.3125 0.61875 0.3046875 0.6234375 0.296875 0.625 0.2875 0.6234375 0.2875 0.609375 0.290625 0.603125
5 0.4890625 0.5609375 0.4890625 0.5671875 0.48125 0.575 0.4796875 0.571875 0.475 0.5703125 0.475 0.565625 0.4796875 0.5609375 0.4875 0.5609375
5 0.625 0.5984375 0.6328125 0.6046875 0.634375 0.6125 0.634375 0.6328125 0.63125 0.6390625 0.625 0.6359375 0.6171875 0.6375 0.60625 0.6296875 0.6078125 0.6 0.6109375 0.596875 0.6234375 0.5984375
0 0.534375 0.734375 0.54375 0.740625 0.5421875 0.7421875 0.546875 0.7515625 0.5546875 0.7578125 0.55625 0.765625 0.5625 0.771875 0.565625 0.7828125 0.5640625 0.8015625 0.5578125 0.8109375 0.5421875 0.8203125 0.5203125 0.84375 0.515625 0.859375 0.5109375 0.8625 0.5046875 0.8609375 0.5015625 0.8625 0.4875 0.8765625 0.4796875 0.8765625 0.4703125 0.871875 0.45625 0.8734375 0.45625 0.8609375 0.453125 0.8484375 0.4546875 0.784375 0.4875 0.7578125 0.4953125 0.7546875 0.5 0.7484375 0.5296875 0.7328125 0.5328125 0.734375
2 0.4078125 0.9203125 0.4203125 0.925 0.43125 0.9390625 0.4328125 0.9484375 0.4359375 0.9515625 0.434375 0.9671875 0.43125 0.971875 0.4125 0.96875 0.3953125 0.984375 0.3859375 0.9984375 0.2734375 0.9984375 0.3 0.9703125 0.340625 0.9359375 0.3671875 0.9265625 0.3765625 0.928125 0.3953125 0.9203125 0.40625 0.9203125
2 0.5546875 0.5578125 0.5609375 0.5625 0.5625 0.5671875 0.5609375 0.578125 0.5515625 0.578125 0.55 0.5640625 0.553125 0.559375
2 0.5953125 0.5546875 0.5984375 0.559375 0.596875 0.5734375 0.5890625 0.5703125 0.5890625 0.559375 0.59375 0.5546875
2 0.2459837962962963 0.64765625 0.058101851851851814 0.0390625
2 0.590625 0.6359375 0.6046875 0.634375 0.6078125 0.6375 0.6109375 0.65 0.6109375 0.6765625 0.6125 0.678125 0.6125 0.6796875 0.6015625 0.6765625 0.596875 0.6765625 0.5921875 0.6796875 0.5890625 0.678125 0.5875 0.659375 0.590625 0.6375
2 0.465625 0.578125 0.471875 0.5859375 0.4734375 0.5953125 0.4671875 0.5984375 0.453125 0.6 0.4453125 0.5984375 0.4453125 0.5890625 0.459375 0.578125 0.4640625 0.578125
2 0.4796875 0.5734375 0.4828125 0.584375 0.4796875 0.590625 0.4765625 0.5921875 0.4734375 0.590625 0.471875 0.584375 0.4671875 0.5796875 0.4671875 0.575 0.471875 0.571875 0.478125 0.5734375
2 0.4421875 0.5765625 0.446875 0.578125 0.446875 0.5859375 0.440625 0.5953125 0.434375 0.596875 0.43125 0.596875 0.4296875 0.5921875 0.4296875 0.5796875 0.440625 0.5765625
2 0.44375 0.98125 0.4625 0.99375 0.465625 0.9984375 0.3875 0.9984375 0.3984375 0.9828125 0.4109375 0.971875 0.4328125 0.9734375 0.4421875 0.98125
2 0.2328125 0.615625 0.2359375 0.621875 0.234375 0.634375 0.225 0.6390625 0.2140625 0.6375 0.2046875 0.6390625 0.2015625 0.6421875 0.1921875 0.640625 0.1921875 0.63125 0.196875 0.625 0.2125 0.6140625 0.2296875 0.6140625 0.23125 0.615625
2 0.5546875 0.55625 0.5578125 0.559375 0.5515625 0.565625 0.5484375 0.5640625 0.5484375 0.559375 0.553125 0.55625
2 0.078125 0.603125 0.08125 0.60625 0.071875 0.615625 0.0640625 0.6140625 0.0640625 0.6078125 0.06875 0.603125 0.0765625 0.603125
2 0.63125 0.709375 0.653125 0.7140625 0.6625 0.721875 0.6609375 0.759375 0.6484375 0.7765625 0.646875 0.7921875 0.64375 0.7984375 0.6359375 0.7921875 0.628125 0.79375 0.6140625 0.7890625 0.6078125 0.790625 0.603125 0.784375 0.5984375 0.7671875 0.6 0.7484375 0.6078125 0.7421875 0.6125 0.734375 0.615625 0.7171875 0.61875 0.7125 0.6296875 0.709375
2 0.0015625 0.6515625 0.0078125 0.6578125 0.00625 0.665625 0.0015625 0.66875 0.0015625 0.653125
2 0.7171875 0.6515625 0.71875 0.653125 0.7234375 0.6515625 0.74375 0.6609375 0.7515625 0.675 0.7515625 0.6921875 0.746875 0.696875 0.7359375 0.6984375 0.7296875 0.703125 0.7234375 0.7015625 0.71875 0.6953125 0.7015625 0.6859375 0.6859375 0.6859375 0.6796875 0.6765625 0.6796875 0.6640625 0.6828125 0.6578125 0.715625 0.6515625
2 0.334375 0.6 0.3421875 0.5921875 0.359375 0.5921875 0.3625 0.596875 0.3609375 0.6125 0.3328125 0.6203125 0.3296875 0.61875 0.3296875 0.6078125 0.334375 0.6015625
2 0.5 0.565625 0.503125 0.571875 0.503125 0.5796875 0.496875 0.5859375 0.4921875 0.5875 0.4828125 0.584375 0.4828125 0.575 0.490625 0.5671875 0.4984375 0.565625
2 0.053125 0.615625 0.05625 0.61875 0.05625 0.6296875 0.0484375 0.634375 0.04375 0.640625 0.0375 0.640625 0.0328125 0.6375 0.0328125 0.6265625 0.0359375 0.6203125 0.0515625 0.615625