3 0.703125 0.690625 0.709375 0.6921875 0.709375 0.696875 0.7125 0.7015625 0.7125 0.70625 0.7078125 0.7140625 0.703125 0.7078125 0.7015625 0.7 0.703125 0.6921875
3 0.440625 0.615625 0.4390625 0.609375 0.4421875 0.6 0.4484375 0.596875 0.453125 0.6 0.453125 0.6140625 0.4421875 0.615625
3 0.57734375 0.60078125 0.0078125 0.0203125
3 0.30625 0.609375 0.3109375 0.6140625 0.3125 0.6234375 0.3109375 0.628125 0.303125 0.6296875 0.2953125 0.6296875 0.2953125 0.6203125 0.296875 0.6140625 0.3046875 0.609375
3 0.175 0.640625 0.18125 0.64375 0.18125 0.65 0.178125 0.6546875 0.1625 0.653125 0.1640625 0.64375 0.1703125 0.6390625 0.1734375 0.640625
3 0.19296875 0.61484375 0.01875 0.01796875
3 0.1234375 0.6125 0.1265625 0.6171875 0.1234375 0.6359375 0.1125 0.6375 0.1140625 0.6203125 0.121875 0.6140625
3 0.5609375 0.7328125 0.5671875 0.7328125 0.575 0.740625 0.5734375 0.7515625 0.56875 0.7578125 0.5640625 0.759375 0.5609375 0.7515625 0.5609375 0.734375
3 0.5046875 0.7796875 0.509375 0.7828125 0.5109375 0.7875 0.509375 0.8125 0.5046875 0.81875 0.4875 0.83125 0.484375 0.8203125 0.48125 0.8171875 0.4859375 0.796875 0.4890625 0.796875 0.4953125 0.803125 0.4984375 0.8125 0.503125 0.809375 0.50625 0.796875 0.5046875 0.78125
3 0.109375 0.5921875 0.1125 0.6015625 0.1109375 0.609375 0.109375 0.6109375 0.1046875 0.609375 0.1046875 0.603125 0.109375 0.59375
3 0.215625 0.603125 0.2234375 0.6046875 0.221875 0.6203125 0.2078125 0.61875 0.20625 0.6140625 0.2078125 0.6078125 0.2140625 0.603125
3 0.7234375 0.7375 0.7265625 0.740625 0.728125 0.7546875 0.7265625 0.7703125 0.7234375 0.7734375 0.7203125 0.771875 0.7171875 0.765625 0.715625 0.7390625 0.721875 0.7390625
3 0.1484375 0.6203125 0.1546875 0.6296875 0.153125 0.6375 0.1515625 0.640625 0.1421875 0.6421875 0.1390625 0.640625 0.140625 0.625 0.146875 0.6203125
0 0.5 0.590625 0.528125 0.590625 0.5359375 0.59375 0.534375 0.6203125 0.5296875 0.6234375 0.5140625 0.6234375 0.509375 0.6203125 0.4953125 0.6203125 0.490625 0.6171875 0.490625 0.60625 0.4984375 0.5984375 0.5 0.5921875
0 0.5859375 0.6234375 0.5984375 0.628125 0.60625 0.640625 0.60625 0.6796875 0.5875 0.6796875 0.578125 0.6671875 0.5765625 0.659375 0.578125 0.628125 0.5796875 0.625 0.584375 0.625
1 0.075 0.5953125 0.0796875 0.6015625 0.0828125 0.6140625 0.0828125 0.65625 0.065625 0.6609375 0.0578125 0.6671875 0.04375 0.66875 0.034375 0.6765625 0.028125 0.678125 0.0234375 0.678125 0.015625 0.6703125 0.0109375 0.671875 0.009375 0.675 0 0.6765625 0 0.6046875 0.0078125 0.6015625 0.0140625 0.6046875 0.028125 0.6046875 0.0421875 0.6 0.0546875 0.6 0.0734375 0.5953125
1 0.5890625 0.534375 0.59375 0.5390625 0.5921875 0.5671875 0.5859375 0.56875 0.5796875 0.559375 0.5796875 0.546875 0.5828125 0.5390625 0.5875 0.5359375
1 0.29375 0.5765625 0.2984375 0.578125 0.3 0.5875 0.2984375 0.590625 0.3 0.60625 0.296875 0.609375 0.290625 0.5984375 0.28125 0.5984375 0.2625 0.60625 0.25625 0.615625 0.2453125 0.6171875 0.2375 0.6171875 0.2359375 0.609375 0.2359375 0.5953125 0.2421875 0.5875 0.246875 0.584375 0.2609375 0.5828125 0.265625 0.578125 0.2921875 0.5765625
1 0.625 0.571875 0.6296875 0.5734375 0.6359375 0.5796875 0.6375 0.5875 0.6375 0.6109375 0.6359375 0.6125 0.61875 0.6125 0.6125 0.60625 0.60625 0.6046875 0.6046875 0.6 0.603125 0.575 0.6078125 0.5703125 0.6234375 0.571875
5 0.4796875 0.55625 0.4875 0.553125 0.4921875 0.553125 0.4953125 0.55625 0.4953125 0.5625 0.490625 0.5671875 0.490625 0.5703125 0.4765625 0.5671875 0.4796875 0.5578125
5 0.6125 0.90625 0.6359375 0.9234375 0.6546875 0.940625 0.66875 0.9765625 0.6703125 0.9875 0.66875 0.9984375 0.5734375 0.9984375 0.571875 0.996875 0.5703125 0.9984375 0.5328125 0.9984375 0.5328125 0.9953125 0.55 0.9703125 0.553125 0.96875 0.578125 0.9296875 0.58125 0.9265625 0.5890625 0.928125 0.6046875 0.9078125 0.6078125 0.9046875 0.6109375 0.90625
2 0.7265625 0.6046875 0.7390625 0.6046875 0.7453125 0.6078125 0.7484375 0.6125 0.740625 0.6109375 0.7359375 0.615625 0.734375 0.6375 0.7296875 0.634375 0.7265625 0.6265625 0.728125 0.6171875 0.7265625 0.60625
2 0.4625 0.5765625 0.465625 0.578125 0.4640625 0.5921875 0.459375 0.596875 0.453125 0.5984375 0.4484375 0.5953125 0.4390625 0.5984375 0.434375 0.5921875 0.4359375 0.584375 0.4421875 0.578125 0.453125 0.5734375 0.4578125 0.5734375 0.4609375 0.5765625
2 0.46328125 0.5703125 0.02265625 0.01484375
2 0.5640625 0.565625 0.5640625 0.584375 0.5609375 0.5859375 0.5546875 0.584375 0.5546875 0.5671875 0.559375 0.5640625 0.5625 0.565625
2 0.93125 0.65625 0.9453125 0.6609375 0.9453125 0.678125 0.934375 0.6765625 0.928125 0.671875 0.921875 0.671875 0.9140625 0.6671875 0.90625 0.665625 0.90625 0.6609375 0.909375 0.65625 0.9296875 0.65625
2 0.58125 0.56875 0.5859375 0.5703125 0.5890625 0.578125 0.5875 0.5921875 0.575 0.5875 0.5734375 0.575 0.5796875 0.56875
2 0.2390625 0.63671875 0.04921875 0.040625
2 0.290625 0.6 0.296875 0.609375 0.2921875 0.628125 0.2796875 0.628125 0.2671875 0.6328125 0.265625 0.6359375 0.259375 0.61875 0.2609375 0.6109375 0.2765625 0.6015625 0.2890625 0.6
2 0.4328125 0.5734375 0.4328125 0.565625 0.4390625 0.5625 0.4453125 0.5640625 0.446875 0.5734375 0.44375 0.575 0.434375 0.5734375
2 0.178125 0.65625 0.1859375 0.6625 0.1875 0.6671875 0.1875 0.678125 0.184375 0.6890625 0.18125 0.69375 0.1671875 0.69375 0.159375 0.696875 0.1515625 0.7015625 0.1421875 0.7140625 0.1390625 0.7125 0.1203125 0.7140625 0.1125 0.7109375 0.1109375 0.709375 0.1125 0.6953125 0.1484375 0.6609375 0.159375 0.65625 0.1765625 0.65625
2 0.46875 0.9203125 0.4796875 0.925 0.4953125 0.940625 0.5015625 0.96875 0.5015625 0.9828125 0.4984375 0.9984375 0.40625 0.9984375 0.4046875 0.996875 0.3625 0.9984375 0.384375 0.9703125 0.4171875 0.9375 0.4390625 0.934375 0.45 0.9234375 0.4671875 0.9203125
2 0.4703125 0.578125 0.4796875 0.5703125 0.4875 0.5703125 0.490625 0.5734375 0.490625 0.5875 0.4875 0.5890625 0.478125 0.590625 0.4703125 0.5890625 0.4703125 0.5796875
2 0.3453125 0.5828125 0.3515625 0.5859375 0.35625 0.5921875 0.3453125 0.5953125 0.3359375 0.603125 0.328125 0.60625 0.325 0.603125 0.325 0.59375 0.3375 0.584375 0.34375 0.5828125
2 0.6578125 0.6921875 0.66875 0.6953125 0.675 0.703125 0.675 0.7453125 0.6734375 0.7484375 0.6640625 0.7453125 0.6453125 0.7453125 0.6421875 0.740625 0.6453125 0.6984375 0.6515625 0.6921875 0.65625 0.6921875
2 0.359375 0.596875 0.3640625 0.6046875 0.3625 0.615625 0.3359375 0.621875 0.33125 0.6203125 0.3328125 0.6078125 0.346875 0.596875 0.3515625 0.5953125 0.3578125 0.596875
2 0.4421875 0.575 0.4328125 0.5890625 0.43125 0.575 0.440625 0.5734375
2 0.4703125 0.565625 0.475 0.571875 0.4671875 0.58125 0.4671875 0.584375 0.45625 0.571875 0.46875 0.5671875
2 0.5109375 0.55625 0.5140625 0.5609375 0.5125 0.571875 0.5 0.5703125 0.5 0.5640625 0.509375 0.55625