0 0.5796875 0.571875 0.58125 0.5625 0.5890625 0.5609375 0.5921875 0.5703125 0.590625 0.571875 0.5921875 0.584375 0.5859375 0.5890625 0.58125 0.5875 0.5796875 0.584375 0.58125 0.5734375
3 0.2640625 0.5625 0.26875 0.5671875 0.26875 0.571875 0.2640625 0.5765625 0.2546875 0.5765625 0.2515625 0.5734375 0.2515625 0.565625 0.2546875 0.5625 0.2625 0.5625
3 0.175 0.5765625 0.1765625 0.578125 0.18125 0.5765625 0.184375 0.58125 0.184375 0.5859375 0.1765625 0.590625 0.165625 0.5890625 0.1671875 0.5796875 0.1734375 0.5765625
3 0.2 0.5828125 0.203125 0.5875 0.2015625 0.6046875 0.190625 0.60625 0.1890625 0.6046875 0.18125 0.6078125 0.18125 0.603125 0.1875 0.5921875 0.1953125 0.584375 0.1984375 0.584375
3 0.22969328703703704 0.5771932870370371 0.011238425925925898 0.020474537037037076
3 0.453125 0.5890625 0.45625 0.5921875 0.4546875 0.596875 0.45625 0.5984375 0.4546875 0.6078125 0.4515625 0.609375 0.4453125 0.609375 0.4421875 0.603125 0.4453125 0.590625 0.4515625 0.5890625
3 0.096875 0.5671875 0.1 0.56875 0.103125 0.578125 0.1 0.5828125 0.09375 0.5828125 0.0953125 0.58125 0.09375 0.5734375 0.096875 0.56875
3 0.315625 0.58125 0.321875 0.584375 0.325 0.5828125 0.3265625 0.5859375 0.325 0.596875 0.3125 0.5984375 0.3109375 0.5921875 0.315625 0.5828125
3 0.5734375 0.590625 0.578125 0.5921875 0.578125 0.5984375 0.5734375 0.6078125 0.571875 0.6078125 0.5734375 0.5921875
3 0.2625 0.6 0.26875 0.6015625 0.2703125 0.615625 0.265625 0.6203125 0.2515625 0.6234375 0.2515625 0.61875 0.2578125 0.60625 0.2625 0.6015625
3 0.3046875 0.5890625 0.303125 0.590625 0.30625 0.5953125 0.30625 0.603125 0.2984375 0.609375 0.2953125 0.609375 0.2921875 0.6046875 0.2984375 0.590625 0.303125 0.5890625
4 0.4859375 0.5375 0.49375 0.54375 0.4953125 0.5484375 0.49375 0.565625 0.484375 0.5734375 0.4765625 0.5765625 0.4703125 0.5671875 0.4640625 0.5640625 0.4640625 0.55625 0.471875 0.54375 0.484375 0.5390625
5 0.040625 0.6109375 0.0421875 0.6125 0.0546875 0.6109375 0.0609375 0.6140625 0.065625 0.6203125 0.0640625 0.665625 0.0625 0.6703125 0.05625 0.6765625 0.0515625 0.6765625 0.0484375 0.6796875 0.05 0.684375 0.0453125 0.690625 0.0390625 0.69375 0.03125 0.6875 0.028125 0.6875 0.025 0.690625 0.0203125 0.690625 0.0109375 0.6953125 0.009375 0.6859375 0.009375 0.6203125 0.015625 0.6203125 0.0203125 0.615625 0.0265625 0.6171875 0.03125 0.6125 0.0390625 0.6125
5 0.4203125 0.603125 0.41875 0.6 0.4203125 0.5796875 0.4234375 0.575 0.4296875 0.5734375 0.4453125 0.575 0.4484375 0.578125 0.446875 0.5875 0.44375 0.590625 0.440625 0.6015625 0.4359375 0.60625 0.421875 0.603125
2 0.7265625 0.621875 0.7375 0.6265625 0.7453125 0.6359375 0.740625 0.6390625 0.7375 0.6375 0.728125 0.6390625 0.7234375 0.64375 0.721875 0.65 0.7171875 0.64375 0.7171875 0.6359375 0.7203125 0.634375 0.71875 0.6234375 0.725 0.621875
2 0.9328125 0.6953125 0.9375 0.7 0.934375 0.715625 0.9296875 0.715625 0.9171875 0.7078125 0.9078125 0.70625 0.8984375 0.7 0.9 0.69375 0.9046875 0.69375 0.909375 0.690625 0.9171875 0.690625 0.9203125 0.69375 0.93125 0.6953125
2 0.1125 0.646875 0.1140625 0.6484375 0.1234375 0.646875 0.13125 0.6515625 0.1375 0.6578125 0.1359375 0.6703125 0.13125 0.675 0.128125 0.6828125 0.11875 0.6828125 0.1046875 0.6921875 0.1015625 0.6921875 0.09375 0.703125 0.084375 0.7046875 0.0578125 0.703125 0.0546875 0.696875 0.05625 0.6890625 0.0625 0.6796875 0.075 0.6703125 0.075 0.6671875 0.084375 0.65625 0.096875 0.65 0.1109375 0.646875
2 0.265625 0.5796875 0.271875 0.5875 0.2703125 0.59375 0.2625 0.596875 0.2546875 0.609375 0.2484375 0.6078125 0.2234375 0.609375 0.2203125 0.60625 0.221875 0.59375 0.2265625 0.5890625 0.2328125 0.5890625 0.2359375 0.584375 0.2421875 0.58125 0.2640625 0.5796875
2 0.7578125 0.6375 0.7703125 0.6375 0.7890625 0.65 0.7890625 0.6546875 0.7875 0.6546875 0.7796875 0.6484375 0.771875 0.6484375 0.759375 0.6421875 0.7578125 0.6390625
2 0.6140625 0.61875 0.6203125 0.6234375 0.6234375 0.6296875 0.621875 0.6328125 0.6234375 0.646875 0.6203125 0.6546875 0.6109375 0.65 0.603125 0.6515625 0.596875 0.6375 0.596875 0.63125 0.6015625 0.61875 0.603125 0.6171875 0.6125 0.61875
2 0.51875 0.590625 0.5265625 0.596875 0.525 0.6125 0.51875 0.6171875 0.5125 0.6171875 0.509375 0.6125 0.503125 0.6109375 0.4953125 0.6140625 0.490625 0.6109375 0.4921875 0.6015625 0.496875 0.596875 0.5015625 0.59375 0.5171875 0.590625
2 0.5625 0.5640625 0.565625 0.56875 0.565625 0.5828125 0.5625 0.5859375 0.553125 0.584375 0.55 0.5734375 0.55625 0.5640625 0.5609375 0.5640625
2 0.084375 0.5859375 0.0859375 0.5875 0.0953125 0.584375 0.1109375 0.5859375 0.115625 0.5921875 0.115625 0.6046875 0.109375 0.6109375 0.08125 0.615625 0.078125 0.61875 0.0671875 0.61875 0.0625 0.6109375 0.0578125 0.6109375 0.0546875 0.6078125 0.0546875 0.6 0.0625 0.590625 0.06875 0.5875 0.0828125 0.5859375
2 0.5765625 0.5515625 0.5796875 0.5546875 0.5796875 0.56875 0.571875 0.5671875 0.571875 0.5578125 0.5765625 0.553125
2 0.1109375 0.6140625 0.11875 0.61875 0.1265625 0.6203125 0.128125 0.6234375 0.1265625 0.6359375 0.115625 0.6453125 0.1125 0.64375 0.1 0.646875 0.0859375 0.6515625 0.0796875 0.65625 0.06875 0.6546875 0.0671875 0.628125 0.0703125 0.6234375 0.0828125 0.6171875 0.090625 0.615625 0.1015625 0.6171875 0.109375 0.6140625
2 0.49375 0.5671875 0.49375 0.5546875 0.5015625 0.5484375 0.503125 0.5484375 0.503125 0.565625 0.4953125 0.5671875
2 0.4203125 0.5734375 0.4203125 0.565625 0.4265625 0.5625 0.4296875 0.5640625 0.4296875 0.571875 0.421875 0.5734375
2 0.4640625 0.85625 0.465625 0.859375 0.478125 0.859375 0.48125 0.8625 0.4859375 0.8625 0.49375 0.8703125 0.5 0.8953125 0.496875 0.8984375 0.496875 0.9078125 0.49375 0.9109375 0.4921875 0.9234375 0.484375 0.934375 0.484375 0.9375 0.4765625 0.94375 0.4765625 0.946875 0.465625 0.9578125 0.4625 0.965625 0.459375 0.9671875 0.4453125 0.9890625 0.3984375 0.9828125 0.378125 0.9828125 0.3765625 0.98125 0.378125 0.953125 0.384375 0.9375 0.390625 0.93125 0.4 0.9125 0.428125 0.8703125 0.44375 0.859375 0.4515625 0.8609375 0.4625 0.85625
2 0.0565625 0.5477199074074074 0.022106481481481477 0.015949074074074067
2 0.35233796296296294 0.5745949074074075 0.009675925925925899 0.02045138888888891
2 0.4421875 0.5625 0.446875 0.565625 0.4453125 0.5734375 0.43125 0.5734375 0.4296875 0.565625 0.4328125 0.5625 0.440625 0.5625
2 0.7546875 0.7015625 0.7625 0.703125 0.76875 0.7 0.784375 0.6984375 0.7984375 0.7015625 0.803125 0.70625 0.8109375 0.709375 0.8265625 0.7296875 0.828125 0.734375 0.8265625 0.75 0.81875 0.753125 0.8125 0.753125 0.8078125 0.75 0.79375 0.753125 0.7875 0.740625 0.7625 0.728125 0.7546875 0.7296875 0.7515625 0.7265625 0.7484375 0.715625 0.75 0.70625 0.753125 0.703125
2 0.578125 0.546875 0.584375 0.546875 0.5828125 0.5578125 0.5765625 0.553125 0.578125 0.5484375
2 0.46875 0.5671875 0.4734375 0.575 0.4734375 0.5796875 0.4671875 0.5890625 0.45625 0.5875 0.4546875 0.5796875 0.4484375 0.575 0.45625 0.5671875 0.4671875 0.5671875
2 0.5265625 0.54375 0.5328125 0.5453125 0.5328125 0.5515625 0.5265625 0.55625 0.5234375 0.5546875 0.5234375 0.55 0.5265625 0.5453125
2 0.51875 0.5484375 0.521875 0.5515625 0.521875 0.559375 0.515625 0.5625 0.5109375 0.5609375 0.5109375 0.553125 0.5171875 0.5484375
2 0.0390625 0.553125 0.040625 0.5546875 0.0390625 0.5640625 0.021875 0.58125 0.0140625 0.5703125 0.0140625 0.565625 0.0203125 0.55625 0.0265625 0.553125 0.0375 0.553125