0 0.0140625 0.5953125 0.0203125 0.5984375 0.0203125 0.6046875 0.0171875 0.609375 0.015625 0.634375 0.0078125 0.6390625 0.0046875 0.6390625 0.0046875 0.596875 0.0125 0.5953125
0 0.6734375 0.6921875 0.6765625 0.6953125 0.6953125 0.6984375 0.7 0.7125 0.7 0.7171875 0.6953125 0.7234375 0.6984375 0.73125 0.696875 0.74375 0.7 0.7515625 0.6953125 0.759375 0.69375 0.7734375 0.6953125 0.790625 0.69375 0.79375 0.690625 0.7921875 0.6859375 0.79375 0.6828125 0.7984375 0.678125 0.7984375 0.671875 0.79375 0.6640625 0.7921875 0.6609375 0.784375 0.65625 0.78125 0.6515625 0.7734375 0.6546875 0.7578125 0.6578125 0.753125 0.6578125 0.7421875 0.6546875 0.7359375 0.65625 0.7203125 0.659375 0.7171875 0.665625 0.6953125 0.671875 0.6921875
4 0.5671875 0.5421875 0.5734375 0.5421875 0.5765625 0.546875 0.5734375 0.5625 0.5640625 0.565625 0.5609375 0.5625 0.5609375 0.553125 0.5671875 0.54375
3 0.6609375 0.640625 0.6640625 0.64375 0.6640625 0.659375 0.665625 0.6609375 0.6625 0.66875 0.6609375 0.6703125 0.65625 0.6640625 0.65625 0.646875 0.659375 0.6421875
3 0.215625 0.5671875 0.225 0.575 0.2234375 0.578125 0.225 0.584375 0.221875 0.590625 0.2140625 0.5875 0.2109375 0.5890625 0.2 0.5875 0.2015625 0.578125 0.2140625 0.56875
3 0.6375 0.6703125 0.6453125 0.671875 0.646875 0.675 0.64375 0.6921875 0.6390625 0.69375 0.6359375 0.6859375 0.6375 0.671875
3 0.5671875 0.971875 0.5765625 0.984375 0.5828125 0.9828125 0.5859375 0.9765625 0.5890625 0.975 0.5890625 0.99375 0.5703125 0.99375 0.5703125 0.9796875 0.5671875 0.9734375
3 0.6140625 0.60625 0.615625 0.621875 0.6109375 0.63125 0.60625 0.6265625 0.6078125 0.625 0.6078125 0.609375 0.6125 0.60625
3 0.1921875 0.5703125 0.2 0.5734375 0.1984375 0.590625 0.196875 0.5921875 0.18125 0.5921875 0.1796875 0.5765625 0.1828125 0.571875 0.190625 0.571875
3 0.1265625 0.575 0.1328125 0.578125 0.13125 0.5953125 0.11875 0.59375 0.121875 0.5828125 0.1265625 0.5765625
3 0.1125 0.5734375 0.1171875 0.58125 0.1171875 0.5875 0.1125 0.590625 0.109375 0.5890625 0.1109375 0.575
3 0.56875 0.575 0.571875 0.5734375 0.571875 0.5875 0.56875 0.5875 0.56875 0.5765625
3 0.5515625 0.5734375 0.553125 0.575 0.5515625 0.5890625 0.55 0.5890625 0.5515625 0.575
3 0.246875 0.5703125 0.25 0.5765625 0.24375 0.5890625 0.2328125 0.5875 0.228125 0.5828125 0.228125 0.5796875 0.234375 0.571875 0.2453125 0.5703125
3 0.5640625 0.56875 0.565625 0.5703125 0.5640625 0.58125 0.5609375 0.58125 0.5609375 0.5703125 0.5625 0.5703125
5 0.0546875 0.5578125 0.0578125 0.56875 0.053125 0.5765625 0.0484375 0.5765625 0.04375 0.58125 0.0359375 0.58125 0.0328125 0.578125 0.034375 0.565625 0.040625 0.559375 0.053125 0.5578125
5 0.1953125 0.6015625 0.196875 0.603125 0.2125 0.603125 0.2140625 0.6109375 0.2109375 0.634375 0.2046875 0.6375 0.2015625 0.64375 0.1984375 0.6453125 0.19375 0.64375 0.1828125 0.6453125 0.1765625 0.65 0.1671875 0.6515625 0.1578125 0.659375 0.1484375 0.659375 0.1296875 0.6546875 0.1296875 0.6453125 0.1328125 0.640625 0.134375 0.63125 0.1421875 0.6265625 0.1546875 0.6125 0.175 0.6046875 0.184375 0.6046875 0.19375 0.6015625
2 0.7671875 0.6328125 0.784375 0.6375 0.7875 0.6421875 0.7953125 0.6453125 0.79375 0.65 0.7859375 0.646875 0.78125 0.6421875 0.76875 0.640625 0.7671875 0.6375 0.7625 0.6359375 0.765625 0.6328125
2 0.5875 0.6734375 0.6015625 0.675 0.609375 0.6875 0.6078125 0.70625 0.6 0.721875 0.5875 0.7203125 0.584375 0.7171875 0.5796875 0.71875 0.575 0.7171875 0.5765625 0.6984375 0.5796875 0.6953125 0.58125 0.6828125 0.5859375 0.675
2 0.725 0.61875 0.7328125 0.61875 0.7453125 0.625 0.7484375 0.6296875 0.746875 0.63125 0.7390625 0.6296875 0.7265625 0.6453125 0.7234375 0.6421875 0.7234375 0.63125 0.7265625 0.628125 0.725 0.6203125
2 0.628125 0.6296875 0.634375 0.6328125 0.640625 0.6453125 0.6421875 0.65625 0.6375 0.6640625 0.6234375 0.6640625 0.61875 0.6609375 0.6140625 0.653125 0.6171875 0.63125 0.6265625 0.6296875
2 0.903125 0.6859375 0.928125 0.6875 0.9390625 0.69375 0.9390625 0.709375 0.9359375 0.7109375 0.921875 0.703125 0.9109375 0.7 0.90625 0.6953125 0.9015625 0.6953125 0.9 0.6921875 0.903125 0.6875
2 0.6046875 0.58125 0.609375 0.5875 0.6078125 0.603125 0.6046875 0.6046875 0.59375 0.603125 0.5890625 0.5921875 0.5921875 0.58125 0.603125 0.58125
2 0.08227430555555555 0.5595775462962963 0.023599537037037044 0.02204861111111107
2 0.6375 0.6109375 0.64375 0.615625 0.65 0.6265625 0.6453125 0.6375 0.6375 0.6359375 0.6296875 0.6296875 0.6171875 0.628125 0.6171875 0.615625 0.6203125 0.6125 0.6359375 0.6109375
2 0.103125 0.575 0.1046875 0.5578125 0.1109375 0.553125 0.1171875 0.5546875 0.11875 0.5671875 0.1078125 0.5765625 0.1046875 0.575
2 0.325 0.5890625 0.3328125 0.5953125 0.33125 0.60625 0.3234375 0.6125 0.3140625 0.6109375 0.30625 0.615625 0.2921875 0.6140625 0.29375 0.6 0.309375 0.5890625 0.31875 0.5859375 0.3234375 0.5890625
2 0.5828125 0.6109375 0.5859375 0.6125 0.5875 0.6203125 0.590625 0.6234375 0.5890625 0.640625 0.5734375 0.6390625 0.5671875 0.6296875 0.56875 0.6234375 0.5671875 0.6171875 0.5734375 0.6109375 0.58125 0.6109375
2 0.73125 0.6765625 0.7328125 0.678125 0.7453125 0.6765625 0.7515625 0.68125 0.7640625 0.684375 0.771875 0.69375 0.775 0.703125 0.7734375 0.70625 0.775 0.721875 0.771875 0.725 0.765625 0.728125 0.753125 0.7265625 0.7453125 0.73125 0.734375 0.715625 0.7265625 0.7109375 0.70625 0.70625 0.7015625 0.6984375 0.7015625 0.684375 0.70625 0.6796875 0.715625 0.68125 0.721875 0.6765625 0.7296875 0.6765625
2 0.8265625 0.990625 0.840625 0.9921875 0.825 0.9921875
2 0.5796875 0.5859375 0.584375 0.5875 0.5890625 0.5953125 0.5875 0.6078125 0.578125 0.6078125 0.5703125 0.603125 0.56875 0.590625 0.578125 0.5859375
2 0.5454456018518519 0.5413020833333333 0.011064814814814828 0.017268518518518582
2 0.07208333333333333 0.5549652777777778 0.022025462962962972 0.020474537037037076
2 0.4625 0.9078125 0.4703125 0.9015625 0.4796875 0.9 0.496875 0.9078125 0.5125 0.9234375 0.5125 0.93125 0.5171875 0.94375 0.515625 0.959375 0.5125 0.9640625 0.5078125 0.9921875 0.5046875 0.9953125 0.46875 0.9953125 0.4046875 0.9890625 0.40625 0.98125 0.4234375 0.9546875 0.4265625 0.94375 0.440625 0.925 0.4453125 0.921875 0.4453125 0.915625 0.4515625 0.9109375 0.4625 0.909375