5 0.3984375 0.5765625 0.4015625 0.578125 0.4015625 0.584375 0.3984375 0.5875 0.3984375 0.5984375 0.390625 0.603125 0.3859375 0.6 0.3859375 0.5828125 0.3890625 0.578125 0.396875 0.5765625
5 0.4123900462962963 0.5906192129629629 0.02224537037037031 0.02516203703703699
5 0.5546875 0.590625 0.5421875 0.584375 0.54375 0.5765625 0.55625 0.575 0.5578125 0.578125 0.55625 0.5890625
5 0.346875 0.8328125 0.3515625 0.8359375 0.3640625 0.8546875 0.3875 0.8953125 0.3859375 0.9015625 0.3875 0.9828125 0.384375 0.990625 0.375 0.9984375 0.3140625 0.9984375 0.3140625 0.990625 0.30625 0.978125 0.2984375 0.9515625 0.2890625 0.940625 0.2890625 0.915625 0.284375 0.903125 0.284375 0.88125 0.2859375 0.8796875 0.284375 0.865625 0.2890625 0.859375 0.29375 0.8421875 0.3046875 0.834375 0.3296875 0.821875 0.334375 0.821875 0.3390625 0.8296875 0.3453125 0.834375
5 0.878125 0.603125 0.8953125 0.603125 0.8984375 0.61875 0.8953125 0.6328125 0.88125 0.6296875 0.8765625 0.621875 0.878125 0.6046875
3 0.25281828703703707 0.6027199074074074 0.01275462962962961 0.017280092592592576
3 0.321875 0.659375 0.328125 0.659375 0.33125 0.6640625 0.328125 0.6796875 0.321875 0.6828125 0.3203125 0.678125 0.321875 0.6609375
3 0.303125 0.65625 0.3078125 0.6609375 0.3109375 0.66875 0.3078125 0.678125 0.290625 0.6828125 0.290625 0.66875 0.3015625 0.6578125
3 0.8515625 0.634375 0.8546875 0.6375 0.85625 0.6453125 0.8546875 0.65 0.840625 0.6484375 0.8390625 0.6453125 0.8390625 0.6359375 0.846875 0.6328125 0.85 0.634375
3 0.75625 0.6234375 0.7515625 0.621875 0.746875 0.628125 0.74375 0.628125 0.740625 0.6234375 0.740625 0.609375 0.7484375 0.60625 0.7546875 0.6078125 0.75625 0.621875
3 0.9859375 0.7265625 0.9875 0.728125 0.9875 0.771875 0.9765625 0.771875 0.96875 0.75625 0.971875 0.7484375 0.971875 0.73125 0.975 0.725 0.978125 0.7234375 0.984375 0.7265625
3 0.24375 0.6953125 0.25 0.7109375 0.2484375 0.71875 0.2453125 0.721875 0.2390625 0.721875 0.2296875 0.73125 0.2265625 0.73125 0.225 0.728125 0.2265625 0.696875 0.234375 0.6953125 0.2390625 0.703125 0.2421875 0.696875
3 0.346875 0.64375 0.346875 0.6546875 0.34375 0.659375 0.340625 0.659375 0.3390625 0.6453125 0.3453125 0.64375
0 0.4671875 0.6078125 0.4734375 0.609375 0.4734375 0.6140625 0.48125 0.625 0.48125 0.63125 0.453125 0.6421875 0.4421875 0.6421875 0.4390625 0.6375 0.4390625 0.6109375 0.4515625 0.6078125 0.465625 0.6078125
0 0.328125 0.609375 0.353125 0.6015625 0.3578125 0.6015625 0.3625 0.609375 0.3625 0.6265625 0.346875 0.634375 0.3421875 0.6296875 0.3359375 0.6390625 0.328125 0.6359375 0.3265625 0.621875 0.328125 0.6109375
2 0.2546875 0.6140625 0.25625 0.615625 0.2546875 0.6203125 0.25625 0.634375 0.2515625 0.646875 0.246875 0.646875 0.2453125 0.64375 0.2453125 0.625 0.240625 0.6203125 0.2375 0.621875 0.2375 0.6203125 0.2453125 0.6140625 0.253125 0.6140625
2 0.0328125 0.671875 0.0375 0.6703125 0.04375 0.675 0.0421875 0.6859375 0.03125 0.6890625 0.0328125 0.6734375
2 0.6609375 0.603125 0.671875 0.603125 0.6859375 0.609375 0.696875 0.621875 0.696875 0.628125 0.69375 0.634375 0.684375 0.634375 0.675 0.628125 0.6640625 0.628125 0.65625 0.6203125 0.65625 0.6109375 0.6609375 0.6046875
2 0.2171875 0.6265625 0.215625 0.6296875 0.20625 0.634375 0.19375 0.6359375 0.184375 0.640625 0.1828125 0.6375 0.196875 0.628125 0.215625 0.6265625
2 0.425 0.546875 0.43125 0.5484375 0.43125 0.5546875 0.4265625 0.5546875 0.425 0.5484375
2 0.4203125 0.7109375 0.4375 0.7296875 0.440625 0.746875 0.440625 0.771875 0.4375 0.7796875 0.4328125 0.784375 0.425 0.7828125 0.41875 0.7859375 0.403125 0.7859375 0.4015625 0.7875 0.396875 0.771875 0.384375 0.7609375 0.38125 0.765625 0.3765625 0.7625 0.3765625 0.725 0.3796875 0.7203125 0.3875 0.71875 0.396875 0.7109375 0.403125 0.709375 0.41875 0.7109375
2 0.4046875 0.546875 0.409375 0.5546875 0.4078125 0.559375 0.403125 0.559375 0.4015625 0.55625 0.403125 0.5484375
2 0.42814236111111104 0.5821412037037037 0.012847222222222232 0.023530092592592665
2 0.334375 0.6859375 0.3375 0.6890625 0.3359375 0.6921875 0.3421875 0.7125 0.340625 0.74375 0.3375 0.746875 0.334375 0.7421875 0.321875 0.7421875 0.3140625 0.7453125 0.309375 0.75 0.30625 0.725 0.30625 0.6984375 0.3046875 0.696875 0.30625 0.6921875 0.3140625 0.684375 0.33125 0.684375 0.3328125 0.6859375
2 0.409375 0.6 0.4140625 0.603125 0.415625 0.6171875 0.4109375 0.621875 0.4 0.6234375 0.3953125 0.621875 0.396875 0.603125 0.4 0.6 0.4078125 0.6
2 0.39375 0.5453125 0.3984375 0.55 0.396875 0.553125 0.3921875 0.553125 0.390625 0.55 0.3921875 0.546875
2 0.55 0.5890625 0.55625 0.5921875 0.55625 0.6015625 0.5546875 0.6046875 0.55 0.6046875 0.54375 0.609375 0.5375 0.60625 0.5375 0.59375 0.540625 0.5890625 0.5484375 0.5890625
2 0.38575231481481487 0.6482407407407408 0.028726851851851844 0.04083333333333332
2 0.765625 0.63125 0.7796875 0.6296875 0.79375 0.6375 0.7984375 0.6375 0.8046875 0.646875 0.815625 0.6515625 0.81875 0.65625 0.81875 0.6640625 0.8109375 0.6703125 0.8046875 0.6703125 0.7984375 0.6640625 0.790625 0.6640625 0.7828125 0.6609375 0.771875 0.6625 0.7609375 0.646875 0.7609375 0.640625 0.765625 0.6328125
2 0.9858796296296297 0.6440914351851852 0.019074074074074153 0.022013888888888822
2 0.3880613425925926 0.5451215277777777 0.00951388888888891 0.009444444444444412
2 0.9109375 0.653125 0.91875 0.6546875 0.9265625 0.6515625 0.940625 0.6515625 0.94375 0.6546875 0.95 0.6546875 0.95625 0.6578125 0.96875 0.671875 0.9890625 0.678125 0.9875 0.703125 0.978125 0.7046875 0.9640625 0.6953125 0.9578125 0.6953125 0.94375 0.6890625 0.9375 0.6890625 0.9296875 0.684375 0.9140625 0.6859375 0.909375 0.68125 0.909375 0.678125 0.9 0.6703125 0.9 0.65625 0.9046875 0.653125 0.909375 0.653125
2 0.5203125 0.5796875 0.5296875 0.5859375 0.5296875 0.5984375 0.5265625 0.6 0.509375 0.59375 0.509375 0.5828125 0.5140625 0.5796875 0.51875 0.5796875
2 0.1453125 0.709375 0.1546875 0.7140625 0.1609375 0.7140625 0.16875 0.71875 0.175 0.7171875 0.1828125 0.71875 0.184375 0.7390625 0.1734375 0.753125 0.15625 0.7546875 0.125 0.7703125 0.1171875 0.7703125 0.1125 0.765625 0.1078125 0.765625 0.103125 0.76875 0.0828125 0.76875 0.0828125 0.728125 0.096875 0.7203125 0.0984375 0.721875 0.1234375 0.7109375 0.14375 0.709375
2 0.640625 0.60625 0.6546875 0.6171875 0.65625 0.628125 0.653125 0.63125 0.64375 0.63125 0.6390625 0.628125 0.625 0.6265625 0.621875 0.61875 0.625 0.609375 0.628125 0.60625 0.6390625 0.60625
2 0.9875 0.6484375 0.9890625 0.6484375 0.9890625 0.6640625 0.9859375 0.6609375 0.9875 0.65
2 0.5546875 0.60625 0.55625 0.6109375 0.5546875 0.6265625 0.54375 0.628125 0.540625 0.625 0.5421875 0.6125 0.5484375 0.6078125 0.553125 0.6078125
2 0.9484375 0.609375 0.9546875 0.615625 0.9578125 0.6234375 0.95625 0.6375 0.95 0.6359375 0.946875 0.6234375 0.9421875 0.6265625 0.940625 0.63125 0.9375 0.63125 0.9328125 0.625 0.9328125 0.6109375 0.9375 0.6078125 0.946875 0.609375
2 0.5578125 0.8578125 0.559375 0.859375 0.5796875 0.8578125 0.59375 0.865625 0.6125 0.8828125 0.6359375 0.9203125 0.6421875 0.925 0.646875 0.934375 0.6484375 0.9453125 0.6484375 0.975 0.646875 0.984375 0.6375 0.9984375 0.590625 0.9984375 0.584375 0.978125 0.5671875 0.9609375 0.5625 0.953125 0.540625 0.93125 0.5328125 0.9328125 0.5265625 0.9265625 0.521875 0.909375 0.51875 0.90625 0.5203125 0.878125 0.5296875 0.8640625 0.546875 0.85625 0.55625 0.8578125
2 0.5203125 0.5984375 0.53125 0.6046875 0.5328125 0.6171875 0.5125 0.6203125 0.5078125 0.6203125 0.503125 0.6171875 0.5015625 0.6078125 0.50625 0.6 0.5125 0.596875 0.51875 0.5984375