2 0.3266203703703704 0.7255497685185185 0.04898148148148147 0.07415509259259263
2 0.1937673611111111 0.7329861111111111 0.06791666666666667 0.09943287037037045
2 0.2942361111111111 0.6682233796296296 0.08636574074074073 0.059085648148148096
2 0.5064467592592592 0.5986805555555555 0.037696759259259235 0.02711805555555564
2 0.8210358796296295 0.6283912037037037 0.045520833333333496 0.0287962962962963
2 0.16523726851851853 0.6826331018518519 0.09116898148148148 0.07478009259259259
5 0.4383912037037037 0.61140625 0.04719907407407416 0.04444444444444447
5 0.39421875 0.774542824074074 0.10721064814814821 0.13126157407407407
5 0.39596643518518515 0.6440625000000001 0.04104166666666664 0.05685185185185197
4 0.9373032407407408 0.7508738425925925 0.09458333333333328 0.11388888888888893
2 0.9149016203703703 0.6113773148148148 0.03299768518518533 0.025486111111111143
2 0.9796527777777777 0.6229166666666666 0.020509259259259238 0.02686342592592581