4 0.6234375 0.6625 0.6328125 0.671875 0.6359375 0.6875 0.6390625 0.6890625 0.6390625 0.7 0.6328125 0.721875 0.628125 0.7171875 0.6140625 0.7140625 0.6109375 0.7140625 0.6078125 0.71875 0.603125 0.7203125 0.6015625 0.7125 0.6 0.6890625 0.6046875 0.678125 0.6046875 0.6671875 0.6140625 0.659375 0.621875 0.6625
4 0.3046875 0.584375 0.309375 0.5953125 0.3078125 0.6234375 0.2984375 0.6265625 0.2921875 0.6359375 0.2765625 0.634375 0.265625 0.646875 0.2609375 0.646875 0.2578125 0.6515625 0.2484375 0.65625 0.2453125 0.6546875 0.24375 0.646875 0.2390625 0.6421875 0.2328125 0.640625 0.23125 0.634375 0.2375 0.61875 0.246875 0.6125 0.246875 0.5984375 0.25625 0.59375 0.26875 0.5921875 0.2859375 0.5859375 0.303125 0.584375
0 0.1171875 0.6296875 0.11875 0.63125 0.125 0.6296875 0.1390625 0.63125 0.1390625 0.65 0.134375 0.6578125 0.125 0.6640625 0.1203125 0.6640625 0.1125 0.66875 0.109375 0.6671875 0.09375 0.675 0.078125 0.675 0.0671875 0.678125 0.05625 0.6859375 0.0515625 0.6859375 0.046875 0.68125 0.0453125 0.6703125 0.0515625 0.6484375 0.0625 0.63125 0.065625 0.63125 0.0671875 0.6375 0.0765625 0.6359375 0.0859375 0.6375 0.0921875 0.634375 0.115625 0.6296875
3 0.703125 0.6578125 0.7109375 0.65625 0.7140625 0.6671875 0.7140625 0.678125 0.7125 0.6796875 0.70625 0.678125 0.703125 0.671875 0.703125 0.659375
3 0.2078125 0.6296875 0.209375 0.63125 0.20625 0.634375 0.2125 0.6375 0.2140625 0.6453125 0.2 0.653125 0.19375 0.653125 0.19375 0.6453125 0.196875 0.6390625 0.2015625 0.6328125 0.20625 0.63125
3 0.565625 0.7546875 0.56875 0.7546875 0.571875 0.759375 0.5765625 0.759375 0.5796875 0.7625 0.5796875 0.76875 0.584375 0.7796875 0.5828125 0.796875 0.565625 0.8140625 0.5625 0.8078125 0.5625 0.7984375 0.559375 0.7953125 0.5609375 0.78125 0.5640625 0.778125 0.5625 0.7671875 0.565625 0.7640625 0.565625 0.75625
3 0.8 0.7078125 0.8015625 0.7078125 0.7984375 0.7125 0.8 0.7203125 0.803125 0.7234375 0.8140625 0.7171875 0.8203125 0.71875 0.8234375 0.7375 0.8203125 0.7421875 0.8171875 0.7421875 0.809375 0.7359375 0.7890625 0.7296875 0.7875 0.715625 0.79375 0.70625 0.7984375 0.70625
3 0.28125 0.6359375 0.284375 0.6515625 0.2828125 0.6546875 0.2734375 0.659375 0.26875 0.659375 0.2671875 0.65 0.2703125 0.64375 0.2796875 0.6359375
3 0.0125 0.6328125 0.025 0.63125 0.0296875 0.6390625 0.028125 0.646875 0.0234375 0.65 0.0203125 0.6421875 0.0125 0.6375 0.0125 0.634375
3 0.590625 0.625 0.59375 0.6265625 0.596875 0.6421875 0.59375 0.653125 0.5890625 0.65 0.5875 0.6453125 0.5890625 0.6265625
5 0.621875 0.5875 0.6328125 0.59375 0.634375 0.5984375 0.6328125 0.6140625 0.628125 0.6140625 0.6234375 0.609375 0.6078125 0.609375 0.609375 0.5875 0.6109375 0.5859375 0.6203125 0.5875
5 0.471875 0.6140625 0.4734375 0.60625 0.48125 0.5953125 0.4875 0.5921875 0.509375 0.59375 0.5125 0.596875 0.5125 0.6140625 0.5078125 0.621875 0.4734375 0.6203125 0.4734375 0.615625
5 0.159375 0.653125 0.1640625 0.6546875 0.165625 0.6578125 0.165625 0.68125 0.16875 0.6859375 0.15625 0.696875 0.1515625 0.70625 0.140625 0.7046875 0.1265625 0.7125 0.1171875 0.7265625 0.1140625 0.7265625 0.109375 0.721875 0.1015625 0.725 0.0921875 0.725 0.0828125 0.721875 0.08125 0.7078125 0.090625 0.68125 0.1125 0.66875 0.1265625 0.665625 0.140625 0.65625 0.1578125 0.653125
5 0.5828125 0.5953125 0.5921875 0.6 0.59375 0.6234375 0.58125 0.6296875 0.5765625 0.6296875 0.571875 0.6203125 0.5734375 0.596875 0.58125 0.5953125
5 0.0703125 0.60625 0.071875 0.615625 0.0671875 0.6234375 0.059375 0.6296875 0.0484375 0.628125 0.0515625 0.6078125 0.0625 0.6046875 0.06875 0.60625
2 0.675 0.621875 0.6796875 0.6265625 0.684375 0.6375 0.6828125 0.65 0.678125 0.6484375 0.6671875 0.65 0.659375 0.6421875 0.653125 0.640625 0.653125 0.625 0.6578125 0.6203125 0.6671875 0.61875 0.6734375 0.621875
2 0.94375 0.65625 0.9578125 0.659375 0.9578125 0.6796875 0.953125 0.6765625 0.9484375 0.6765625 0.94375 0.671875 0.9359375 0.671875 0.9328125 0.66875 0.91875 0.665625 0.921875 0.65625 0.9421875 0.65625
2 0.6625 0.8 0.6875 0.809375 0.696875 0.8234375 0.6984375 0.8640625 0.690625 0.871875 0.6828125 0.8859375 0.6828125 0.8921875 0.6796875 0.8984375 0.68125 0.9 0.6796875 0.925 0.6765625 0.9296875 0.6734375 0.9296875 0.6640625 0.921875 0.6578125 0.921875 0.6515625 0.91875 0.6375 0.9078125 0.625 0.903125 0.61875 0.89375 0.61875 0.871875 0.6203125 0.8703125 0.61875 0.8578125 0.625 0.8484375 0.628125 0.834375 0.6375 0.815625 0.6390625 0.8078125 0.6484375 0.8015625 0.6609375 0.8
2 0.628125 0.628125 0.634375 0.6328125 0.6390625 0.6421875 0.640625 0.65 0.6390625 0.6703125 0.634375 0.665625 0.61875 0.6578125 0.6140625 0.6578125 0.6125 0.6546875 0.6140625 0.634375 0.61875 0.6296875 0.6265625 0.628125
2 0.55 0.55 0.55 0.55625 0.54375 0.5609375 0.5390625 0.5578125 0.5390625 0.5546875 0.5421875 0.55 0.5453125 0.5484375 0.5484375 0.55
2 0.6296875 0.615625 0.63125 0.6265625 0.625 0.6265625 0.615625 0.63125 0.60625 0.6296875 0.60625 0.6125 0.615625 0.609375 0.6234375 0.6109375 0.628125 0.615625
2 0.607037037037037 0.5849016203703703 0.020613425925925986 0.020462962962962995
2 0.7390625 0.60625 0.75 0.60625 0.7625 0.615625 0.7609375 0.6203125 0.753125 0.6203125 0.74375 0.6296875 0.7390625 0.6296875 0.740625 0.61875 0.7390625 0.6078125
2 0.590625 0.5671875 0.5921875 0.5703125 0.590625 0.5859375 0.5859375 0.5859375 0.58125 0.58125 0.58125 0.5703125 0.584375 0.5671875 0.5890625 0.5671875
2 0.3504918981481482 0.6158101851851852 0.0426736111111111 0.03312499999999998
2 0.5921875 0.54375 0.5953125 0.5421875 0.5984375 0.54375 0.5984375 0.55 0.5953125 0.553125 0.590625 0.5515625 0.5921875 0.5453125
2 0.565625 0.5875 0.5640625 0.584375 0.565625 0.571875 0.5734375 0.571875 0.5765625 0.5828125 0.575 0.5859375 0.5671875 0.5875
2 0.4515625 0.5859375 0.4578125 0.59375 0.4578125 0.6 0.45625 0.603125 0.4453125 0.60625 0.4421875 0.5890625 0.4453125 0.5859375 0.45 0.5859375
2 0.446875 0.5734375 0.4625 0.5828125 0.4609375 0.5921875 0.4578125 0.5921875 0.4484375 0.584375 0.44375 0.5859375 0.440625 0.5828125 0.440625 0.578125 0.4453125 0.5734375
2 0.3625 0.584375 0.375 0.584375 0.3796875 0.59375 0.3765625 0.6015625 0.3703125 0.6 0.3546875 0.6 0.353125 0.6015625 0.353125 0.59375 0.3625 0.5859375
2 0.2390625 0.6453125 0.24375 0.6515625 0.24375 0.6703125 0.240625 0.6765625 0.2375 0.6796875 0.23125 0.678125 0.2234375 0.68125 0.2171875 0.6859375 0.2125 0.6953125 0.1875 0.6921875 0.1828125 0.6828125 0.184375 0.6734375 0.19375 0.665625 0.2 0.6546875 0.203125 0.6546875 0.209375 0.6484375 0.2203125 0.6453125 0.2375 0.6453125
2 0.090625 0.59375 0.0953125 0.5984375 0.084375 0.609375 0.0765625 0.6078125 0.0765625 0.603125 0.08125 0.5953125 0.0890625 0.59375
2 0.0125 0.6390625 0.0171875 0.6390625 0.021875 0.6484375 0.0203125 0.6546875 0.0125 0.6578125 0.0125 0.640625
2 0.7078125 0.74375 0.6953125 0.7375 0.6875 0.7390625 0.68125 0.74375 0.678125 0.7421875 0.6765625 0.721875 0.6796875 0.6953125 0.6734375 0.6890625 0.6734375 0.6859375 0.68125 0.68125 0.6953125 0.68125 0.7 0.6828125 0.70625 0.690625 0.7109375 0.715625 0.7109375 0.740625 0.709375 0.7421875
2 0.796875 0.6203125 0.809375 0.6265625 0.8109375 0.63125 0.79375 0.625 0.784375 0.625 0.78125 0.621875 0.778125 0.6234375 0.7796875 0.61875 0.7953125 0.6203125
2 0.5796875 0.5875 0.584375 0.59375 0.58125 0.596875 0.5703125 0.5953125 0.5703125 0.5875 0.5734375 0.584375 0.578125 0.5875
2 0.609375 0.546875 0.6109375 0.540625 0.615625 0.5390625 0.615625 0.5484375 0.6140625 0.55 0.6109375 0.5484375