3 0.2640625 0.6328125 0.2671875 0.634375 0.26875 0.646875 0.2625 0.65625 0.2625 0.6609375 0.259375 0.665625 0.253125 0.665625 0.2453125 0.671875 0.240625 0.6703125 0.2421875 0.66875 0.2421875 0.653125 0.2484375 0.65 0.253125 0.6421875 0.25625 0.6390625 0.2609375 0.6390625 0.2640625 0.634375
3 0.8015625 0.6796875 0.8046875 0.6875 0.80625 0.6890625 0.8125 0.6875 0.8171875 0.6953125 0.81875 0.703125 0.8171875 0.7140625 0.8140625 0.7140625 0.8078125 0.7078125 0.7984375 0.703125 0.7953125 0.6953125 0.7953125 0.6875 0.8 0.68125
3 0.9828125 0.6609375 0.984375 0.6625 0.9828125 0.6890625 0.975 0.6875 0.971875 0.6828125 0.971875 0.6703125 0.98125 0.6609375
3 0.15625 0.6890625 0.165625 0.6640625 0.1734375 0.659375 0.18125 0.6625 0.1828125 0.6703125 0.1875 0.675 0.1875 0.6859375 0.184375 0.6890625 0.1796875 0.6890625 0.1765625 0.6859375 0.1625 0.7 0.1578125 0.6984375 0.1578125 0.690625
3 0.7859375 0.6171875 0.8 0.6203125 0.8015625 0.6265625 0.8 0.6390625 0.7859375 0.6375 0.7828125 0.634375 0.7859375 0.61875
3 0.9796875 0.6484375 0.984375 0.653125 0.984375 0.6578125 0.978125 0.659375 0.9734375 0.6671875 0.9671875 0.6625 0.9671875 0.653125 0.971875 0.646875 0.978125 0.6484375
3 0.3921875 0.60625 0.39375 0.5953125 0.403125 0.59375 0.40625 0.6046875 0.3984375 0.6109375 0.39375 0.6109375 0.39375 0.6078125
3 0.8671875 0.6265625 0.871875 0.625 0.8734375 0.63125 0.8734375 0.6421875 0.871875 0.6453125 0.8671875 0.6453125 0.865625 0.64375 0.8671875 0.628125
5 0.4703125 0.5859375 0.4875 0.590625 0.4890625 0.60625 0.484375 0.6171875 0.4765625 0.615625 0.46875 0.61875 0.453125 0.615625 0.45 0.6078125 0.453125 0.5890625 0.46875 0.5859375
5 0.6484375 0.5890625 0.6515625 0.5921875 0.6578125 0.5921875 0.6671875 0.596875 0.659375 0.60625 0.6578125 0.6140625 0.6515625 0.61875 0.646875 0.615625 0.6375 0.615625 0.6375 0.6046875 0.6328125 0.5984375 0.6328125 0.59375 0.6359375 0.5890625 0.646875 0.5890625
4 0.74375 0.6140625 0.759375 0.6171875 0.7671875 0.6265625 0.7796875 0.63125 0.78125 0.6390625 0.775 0.6515625 0.7703125 0.6515625 0.765625 0.646875 0.7578125 0.64375 0.746875 0.6421875 0.7421875 0.646875 0.7359375 0.646875 0.728125 0.640625 0.725 0.634375 0.725 0.621875 0.728125 0.6203125 0.7296875 0.621875 0.7421875 0.6140625
2 0.2375 0.59375 0.2421875 0.5890625 0.25 0.5875 0.2625 0.5890625 0.259375 0.5953125 0.2609375 0.603125 0.25625 0.6109375 0.24375 0.596875 0.2390625 0.5984375 0.2375 0.5953125
2 0.7046875 0.625 0.7140625 0.628125 0.7328125 0.646875 0.734375 0.65 0.7328125 0.6578125 0.7265625 0.6625 0.725 0.6609375 0.715625 0.6625 0.7078125 0.6546875 0.6921875 0.6515625 0.6859375 0.646875 0.6828125 0.640625 0.6859375 0.628125 0.690625 0.6234375 0.703125 0.625
2 0.425 0.5875 0.4390625 0.5890625 0.44375 0.59375 0.446875 0.6015625 0.4453125 0.609375 0.4421875 0.609375 0.440625 0.6046875 0.434375 0.6 0.4234375 0.5984375 0.4125 0.6 0.4109375 0.596875 0.4140625 0.590625 0.41875 0.5875 0.4234375 0.5875
2 0.3765625 0.6140625 0.39375 0.625 0.39375 0.6390625 0.3921875 0.6421875 0.3765625 0.6421875 0.36875 0.6484375 0.3640625 0.6484375 0.3546875 0.64375 0.3546875 0.628125 0.3625 0.615625 0.375 0.6140625
2 0.5296875 0.5625 0.5359375 0.56875 0.5359375 0.5796875 0.53125 0.5796875 0.5265625 0.5734375 0.521875 0.571875 0.5203125 0.565625 0.5234375 0.5625 0.528125 0.5625
2 0.0390625 0.6296875 0.065625 0.6265625 0.0765625 0.628125 0.078125 0.6328125 0.0765625 0.6390625 0.0546875 0.6421875 0.0484375 0.646875 0.0375 0.646875 0.0390625 0.63125
2 0.5285243055555556 0.5749594907407408 0.02045138888888891 0.018900462962962994
2 0.3828125 0.54375 0.3859375 0.54375 0.3875 0.546875 0.3875 0.5515625 0.384375 0.5546875 0.3828125 0.5453125
2 0.675 0.6046875 0.6875 0.6109375 0.690625 0.6171875 0.690625 0.621875 0.6828125 0.6328125 0.66875 0.628125 0.6609375 0.628125 0.65625 0.61875 0.65625 0.6140625 0.659375 0.6125 0.6625 0.603125 0.6671875 0.6015625 0.6734375 0.6046875
2 0.5375 0.58125 0.55 0.584375 0.5546875 0.590625 0.5546875 0.5984375 0.5453125 0.596875 0.5328125 0.590625 0.53125 0.5890625 0.5359375 0.5828125
2 0.4875 0.5703125 0.49375 0.5625 0.5 0.5640625 0.5046875 0.56875 0.503125 0.578125 0.5 0.578125 0.49375 0.571875 0.4890625 0.571875
2 0.621875 0.6046875 0.63125 0.6140625 0.628125 0.625 0.6234375 0.6265625 0.6171875 0.625 0.6203125 0.60625
2 0.55 0.571875 0.55625 0.575 0.55625 0.584375 0.553125 0.5859375 0.546875 0.58125 0.5375 0.5796875 0.5390625 0.5703125 0.5484375 0.571875
2 0.44375 0.5984375 0.4453125 0.6078125 0.44375 0.609375 0.44375 0.625 0.4421875 0.6265625 0.4265625 0.6265625 0.421875 0.6328125 0.4171875 0.6296875 0.4078125 0.6296875 0.4046875 0.625 0.4046875 0.6078125 0.4078125 0.603125 0.4203125 0.5984375 0.4390625 0.6015625 0.4421875 0.6
2 0.503125 0.5828125 0.5125 0.5875 0.51875 0.59375 0.51875 0.5984375 0.5125 0.60625 0.503125 0.60625 0.4953125 0.6109375 0.490625 0.6046875 0.490625 0.5875 0.5015625 0.5828125
2 0.315625 0.6234375 0.321875 0.625 0.3234375 0.628125 0.3359375 0.634375 0.3359375 0.646875 0.33125 0.6546875 0.31875 0.653125 0.3109375 0.6578125 0.3046875 0.6578125 0.296875 0.66875 0.29375 0.66875 0.2875 0.6625 0.2796875 0.6625 0.2734375 0.6578125 0.271875 0.6484375 0.275 0.6453125 0.278125 0.63125 0.2859375 0.625 0.29375 0.625 0.3015625 0.621875 0.3140625 0.6234375
2 0.1875 0.6078125 0.1890625 0.603125 0.2125 0.5953125 0.2171875 0.5953125 0.2203125 0.6 0.1890625 0.6078125
2 0.5171875 0.56875 0.5203125 0.575 0.525 0.5765625 0.528125 0.58125 0.528125 0.5875 0.521875 0.59375 0.51875 0.5890625 0.5046875 0.5796875 0.5046875 0.5734375 0.5078125 0.5703125 0.515625 0.56875
2 0.4765625 0.5734375 0.475 0.5640625 0.478125 0.559375 0.4859375 0.559375 0.4875 0.5625 0.4859375 0.571875 0.48125 0.575 0.478125 0.5734375
2 0.5375 0.59375 0.5515625 0.6 0.5515625 0.609375 0.546875 0.615625 0.5421875 0.6140625 0.5265625 0.6140625 0.525 0.615625 0.515625 0.6078125 0.515625 0.603125 0.525 0.59375 0.5296875 0.5921875 0.5359375 0.59375
2 0.496875 0.5765625 0.5015625 0.5796875 0.5015625 0.5828125 0.49375 0.584375 0.4890625 0.5890625 0.48125 0.5875 0.478125 0.584375 0.478125 0.578125 0.4875 0.5734375 0.4921875 0.5734375 0.4953125 0.5765625