0 0.5953125 0.5578125 0.596875 0.5796875 0.5859375 0.578125 0.5875 0.559375 0.590625 0.55625 0.59375 0.5578125
3 0.1140625 0.6234375 0.1125 0.609375 0.115625 0.6046875 0.1203125 0.6078125 0.1203125 0.6203125 0.11875 0.6234375 0.115625 0.6234375
3 0.19296875 0.61484375 0.01953125 0.015625
3 0.121875 0.64375 0.1234375 0.6609375 0.1203125 0.6625 0.109375 0.6609375 0.1015625 0.665625 0.0953125 0.665625 0.0953125 0.6578125 0.1015625 0.646875 0.1046875 0.6453125 0.1125 0.646875 0.115625 0.64375 0.1203125 0.64375
3 0.2296875 0.646875 0.23125 0.6484375 0.2375 0.646875 0.2375 0.65625 0.234375 0.6625 0.2234375 0.6671875 0.21875 0.6671875 0.2171875 0.6640625 0.21875 0.65625 0.228125 0.646875
3 0.1015625 0.6 0.10625 0.6 0.1078125 0.6046875 0.10625 0.6171875 0.1015625 0.61875 0.1015625 0.6015625
3 0.2359375 0.5953125 0.2484375 0.59375 0.25 0.5984375 0.2484375 0.6078125 0.246875 0.60625 0.23125 0.60625 0.23125 0.6015625 0.2359375 0.596875
3 0.275 0.621875 0.2796875 0.621875 0.2859375 0.628125 0.2859375 0.6359375 0.2796875 0.6421875 0.271875 0.6421875 0.2703125 0.6359375 0.275 0.6234375
3 0.3046875 0.6125 0.3078125 0.615625 0.3078125 0.6234375 0.303125 0.628125 0.296875 0.6296875 0.2921875 0.628125 0.29375 0.61875 0.303125 0.6140625
3 0.575 0.5703125 0.5765625 0.571875 0.5765625 0.584375 0.5734375 0.5875 0.575 0.571875
4 0.4875 0.5453125 0.49375 0.546875 0.4984375 0.553125 0.496875 0.5734375 0.4890625 0.5796875 0.4765625 0.584375 0.4734375 0.5765625 0.4671875 0.571875 0.46875 0.559375 0.471875 0.553125 0.4765625 0.5484375 0.4859375 0.546875
5 0.43125 0.5828125 0.4375 0.5828125 0.4390625 0.5859375 0.4390625 0.60625 0.440625 0.6078125 0.4390625 0.6125 0.4328125 0.6109375 0.43125 0.584375
5 0.015625 0.6734375 0.0234375 0.675 0.03125 0.671875 0.046875 0.6703125 0.053125 0.684375 0.053125 0.7 0.0546875 0.7015625 0.053125 0.7296875 0.0484375 0.7359375 0.04375 0.7375 0.0375 0.74375 0.034375 0.7546875 0.0265625 0.7609375 0.01875 0.75 0.0046875 0.7578125 0 0.7578125 0 0.6796875 0.0046875 0.6796875 0.0140625 0.675
5 0.840625 0.6890625 0.8515625 0.69375 0.86875 0.6953125 0.89375 0.703125 0.896875 0.70625 0.8953125 0.7578125 0.8640625 0.7578125 0.8578125 0.753125 0.853125 0.753125 0.84375 0.7484375 0.8421875 0.7453125 0.8328125 0.753125 0.8296875 0.753125 0.825 0.7484375 0.821875 0.7390625 0.8109375 0.7328125 0.809375 0.728125 0.8109375 0.7109375 0.8171875 0.7 0.825 0.690625 0.8390625 0.6890625
5 0.0578125 0.596875 0.059375 0.6 0.053125 0.60625 0.053125 0.6109375 0.0484375 0.6203125 0.0375 0.6203125 0.0359375 0.6078125 0.0390625 0.6 0.0453125 0.596875 0.05625 0.596875
2 0.7265625 0.6046875 0.7375 0.6046875 0.7453125 0.6078125 0.7546875 0.615625 0.7484375 0.621875 0.7421875 0.6203125 0.7375 0.621875 0.73125 0.63125 0.7265625 0.628125 0.728125 0.615625 0.7265625 0.60625
2 0.93125 0.65625 0.9453125 0.6609375 0.9453125 0.678125 0.9359375 0.6765625 0.928125 0.671875 0.921875 0.671875 0.9109375 0.665625 0.90625 0.665625 0.90625 0.6609375 0.909375 0.65625 0.9296875 0.65625
2 0.121875 0.709375 0.1265625 0.7125 0.128125 0.7234375 0.1171875 0.7453125 0.1078125 0.7453125 0.1015625 0.7484375 0.1 0.7515625 0.09375 0.753125 0.08125 0.7640625 0.0796875 0.7703125 0.075 0.775 0.0671875 0.7734375 0.0484375 0.778125 0.0375 0.778125 0.03125 0.7703125 0.03125 0.7625 0.0359375 0.7546875 0.053125 0.740625 0.0546875 0.7328125 0.0671875 0.7203125 0.0828125 0.709375 0.0890625 0.7078125 0.1203125 0.709375
2 0.775 0.615625 0.7921875 0.621875 0.796875 0.625 0.7984375 0.6296875 0.7671875 0.6203125 0.765625 0.6171875 0.7734375 0.615625
2 0.58828125 0.54921875 0.00859375 0.01484375
2 0.5671875 0.7265625 0.578125 0.725 0.590625 0.7296875 0.6 0.7359375 0.6015625 0.7421875 0.6 0.7671875 0.5921875 0.7796875 0.5875 0.7953125 0.58125 0.7984375 0.5765625 0.7953125 0.553125 0.790625 0.55 0.7875 0.55 0.7640625 0.5546875 0.7484375 0.5640625 0.7296875 0.5671875 0.728125
2 0.60625 0.59375 0.6125 0.596875 0.615625 0.6046875 0.615625 0.61875 0.6125 0.6234375 0.609375 0.6203125 0.6 0.6203125 0.59375 0.6140625 0.5953125 0.5953125 0.6015625 0.5921875 0.6046875 0.59375
2 0.2484375 0.609375 0.2515625 0.615625 0.2515625 0.6296875 0.24375 0.6375 0.2375 0.6390625 0.2296875 0.6328125 0.2234375 0.6421875 0.215625 0.6421875 0.2109375 0.6453125 0.2046875 0.6453125 0.1984375 0.640625 0.1984375 0.6296875 0.2140625 0.6171875 0.2234375 0.6125 0.240625 0.6078125 0.246875 0.609375
2 0 0.621875 0.0109375 0.61875 0.015625 0.621875 0.015625 0.6375 0.0125 0.640625 0.009375 0.640625 0.0078125 0.634375 0 0.628125 0 0.6234375
2 0.446875 0.571875 0.45 0.5734375 0.45 0.58125 0.4421875 0.5875 0.4359375 0.58125 0.4328125 0.5828125 0.43125 0.578125 0.4359375 0.5734375 0.4453125 0.571875
2 0.48125 0.615625 0.4828125 0.6015625 0.4984375 0.5921875 0.509375 0.5921875 0.5125 0.5953125 0.5140625 0.5984375 0.5125 0.6140625 0.5078125 0.6171875 0.4828125 0.615625
2 0.08125 0.5859375 0.084375 0.5890625 0.0765625 0.596875 0.0671875 0.596875 0.0671875 0.590625 0.071875 0.5859375 0.0796875 0.5859375
2 0.365625 0.5765625 0.36875 0.578125 0.3671875 0.6109375 0.353125 0.6140625 0.3453125 0.6140625 0.3421875 0.6109375 0.3453125 0.5890625 0.359375 0.578125 0.3640625 0.578125
2 0.0828125 0.5859375 0.0921875 0.590625 0.0921875 0.596875 0.084375 0.6 0.071875 0.5984375 0.065625 0.5953125 0.0703125 0.5875 0.08125 0.5859375
2 0.7421875 0.646875 0.7515625 0.653125 0.759375 0.6625 0.7640625 0.675 0.7625 0.684375 0.7421875 0.6875 0.7375 0.6875 0.73125 0.678125 0.721875 0.6765625 0.715625 0.671875 0.7078125 0.671875 0.70625 0.66875 0.70625 0.65625 0.709375 0.653125 0.715625 0.6515625 0.7203125 0.646875 0.740625 0.646875
2 0.059375 0.6796875 0.0609375 0.68125 0.078125 0.68125 0.0828125 0.6859375 0.084375 0.7 0.071875 0.7140625 0.05625 0.7125 0.053125 0.68125 0.0578125 0.6796875
2 0 0.6296875 0.0046875 0.6296875 0.009375 0.6359375 0.0078125 0.6453125 0 0.6484375 0 0.63125
2 0.509375 0.5484375 0.5140625 0.553125 0.5125 0.559375 0.5109375 0.5609375 0.50625 0.559375 0.5078125 0.55
2 0.53125 0.5578125 0.5328125 0.5453125 0.5375 0.5453125 0.5390625 0.5484375 0.5375 0.5546875 0.5328125 0.5578125
2 0.565625 0.55625 0.5671875 0.5734375 0.5578125 0.5734375 0.5578125 0.5578125 0.5609375 0.5546875 0.5640625 0.55625
2 0.459375 0.5875 0.03125 0.0265625