3 0.5671875 0.571875 0.5703125 0.575 0.565625 0.5796875 0.565625 0.5828125 0.5625 0.578125 0.5671875 0.5734375
3 0.1984375 0.6 0.20625 0.6046875 0.20625 0.6140625 0.2015625 0.6203125 0.2 0.61875 0.1921875 0.6234375 0.1890625 0.6234375 0.1875 0.61875 0.190625 0.6046875 0.196875 0.6
3 0.1671875 0.5734375 0.171875 0.5703125 0.1828125 0.5703125 0.1828125 0.5828125 0.18125 0.5875 0.1765625 0.590625 0.1625 0.5890625 0.1640625 0.578125 0.1671875 0.575
3 0.078125 0.671875 0.0796875 0.6734375 0.0890625 0.665625 0.09375 0.665625 0.096875 0.671875 0.0921875 0.68125 0.0921875 0.6859375 0.0890625 0.6890625 0.0734375 0.69375 0.0671875 0.7 0.0625 0.6984375 0.0609375 0.69375 0.0625 0.6875 0.06875 0.675 0.0734375 0.6703125 0.0765625 0.671875
3 0.728125 0.68125 0.728125 0.6875 0.7234375 0.6953125 0.721875 0.7109375 0.70625 0.703125 0.7015625 0.696875 0.7015625 0.690625 0.70625 0.6828125 0.7109375 0.6796875 0.7140625 0.68125 0.7140625 0.6859375 0.7171875 0.6890625 0.7203125 0.6828125 0.7265625 0.68125
3 0.153125 0.621875 0.15625 0.628125 0.1640625 0.625 0.165625 0.6265625 0.1609375 0.64375 0.15 0.646875 0.146875 0.65 0.1421875 0.65 0.1453125 0.63125 0.1484375 0.6296875 0.1515625 0.6234375
3 0.06429398148148148 0.6166435185185185 0.03320601851851852 0.026805555555555572
5 0.034375 0.5515625 0.0390625 0.553125 0.040625 0.55625 0.034375 0.56875 0.0265625 0.575 0.0171875 0.5734375 0.01875 0.559375 0.021875 0.553125 0.0328125 0.5515625
5 0.0984375 0.5640625 0.1 0.565625 0.1078125 0.5640625 0.1109375 0.5671875 0.1140625 0.578125 0.1109375 0.5875 0.10625 0.5921875 0.1 0.5921875 0.090625 0.596875 0.084375 0.596875 0.08125 0.59375 0.0671875 0.59375 0.0625 0.590625 0.0640625 0.578125 0.0703125 0.56875 0.078125 0.56875 0.0828125 0.565625 0.0875 0.5671875 0.096875 0.565625
5 0.3375 0.5640625 0.3515625 0.565625 0.35 0.58125 0.340625 0.590625 0.3359375 0.5890625 0.3328125 0.5921875 0.3171875 0.5921875 0.315625 0.590625 0.3140625 0.5796875 0.3296875 0.5671875 0.3359375 0.565625
5 0.63125 0.6453125 0.634375 0.646875 0.64375 0.64375 0.653125 0.6484375 0.6609375 0.6484375 0.6640625 0.6515625 0.6703125 0.6515625 0.678125 0.65625 0.6828125 0.65625 0.6875 0.6640625 0.6859375 0.68125 0.6828125 0.6859375 0.68125 0.6984375 0.6734375 0.7 0.6671875 0.696875 0.6609375 0.696875 0.6546875 0.7015625 0.6515625 0.7 0.653125 0.6984375 0.6515625 0.69375 0.6421875 0.6859375 0.634375 0.684375 0.6296875 0.6875 0.625 0.6828125 0.6265625 0.6765625 0.621875 0.6671875 0.625 0.6546875 0.63125 0.646875
2 0.3484375 0.5828125 0.35 0.5875 0.3484375 0.5984375 0.346875 0.6 0.3390625 0.5984375 0.346875 0.584375
2 0.7078125 0.625 0.7203125 0.628125 0.7328125 0.6390625 0.725 0.6453125 0.715625 0.64375 0.7078125 0.6546875 0.7046875 0.6515625 0.70625 0.6265625
2 0.8984375 0.6953125 0.9125 0.6984375 0.9171875 0.7015625 0.915625 0.721875 0.9125 0.721875 0.9078125 0.7171875 0.8796875 0.703125 0.8796875 0.6984375 0.8828125 0.696875 0.896875 0.6953125
2 0.4421875 0.5640625 0.45625 0.571875 0.4515625 0.5765625 0.45 0.5828125 0.4453125 0.5859375 0.428125 0.5765625 0.434375 0.56875 0.440625 0.565625
2 0.4515625 0.5578125 0.4546875 0.5609375 0.4515625 0.5671875 0.4390625 0.5625 0.4421875 0.559375 0.45 0.5578125
2 0.4859375 0.5640625 0.496875 0.5625 0.5 0.56875 0.496875 0.575 0.4921875 0.5796875 0.4890625 0.5796875 0.4828125 0.5765625 0.4859375 0.565625
2 0.515625 0.5859375 0.5234375 0.5875 0.528125 0.5921875 0.5296875 0.603125 0.5265625 0.6109375 0.5171875 0.6140625 0.5 0.5984375 0.5 0.59375 0.5140625 0.5875
2 0.42755787037037035 0.5623958333333333 0.017442129629629655 0.017314814814814738
2 0.29375 0.58125 0.3015625 0.5859375 0.303125 0.5921875 0.3 0.6 0.2953125 0.603125 0.290625 0.603125 0.2859375 0.5984375 0.2765625 0.596875 0.271875 0.59375 0.271875 0.5875 0.2765625 0.5828125 0.2921875 0.58125
2 0.234375 0.575 0.2453125 0.578125 0.2484375 0.5890625 0.240625 0.596875 0.2265625 0.5953125 0.2203125 0.5984375 0.209375 0.5984375 0.2078125 0.5890625 0.225 0.5765625 0.2328125 0.575
2 0.384375 0.56875 0.3875 0.578125 0.384375 0.584375 0.38125 0.603125 0.378125 0.6015625 0.3765625 0.596875 0.378125 0.5828125 0.38125 0.5703125 0.3828125 0.5703125
2 0.421875 0.559375 0.4265625 0.56875 0.425 0.575 0.41875 0.58125 0.4140625 0.58125 0.4140625 0.5765625 0.4171875 0.5609375 0.4203125 0.559375
2 0 0.60625 0.0203125 0.6078125 0.0234375 0.6109375 0.034375 0.6140625 0.0359375 0.6171875 0.0359375 0.6265625 0.0328125 0.63125 0.025 0.6328125 0.0140625 0.640625 0.0046875 0.6375 0 0.6390625 0 0.6078125
2 0.5046875 0.603125 0.509375 0.6109375 0.509375 0.6171875 0.5015625 0.6265625 0.475 0.61875 0.4765625 0.615625 0.475 0.609375 0.478125 0.6046875 0.48125 0.6046875 0.4859375 0.6 0.5 0.6 0.503125 0.603125
2 0.4859375 0.5859375 0.4890625 0.5890625 0.4890625 0.5984375 0.4796875 0.6015625 0.4734375 0.6078125 0.4609375 0.609375 0.4546875 0.60625 0.45625 0.59375 0.471875 0.5859375 0.475 0.5875 0.484375 0.5859375
2 0.590625 0.571875 0.5921875 0.5625 0.59375 0.5625 0.5921875 0.571875
2 0.5072800925925927 0.5594618055555556 0.017395833333333322 0.014189814814814827
2 0.7453125 0.640625 0.75 0.6390625 0.753125 0.6421875 0.765625 0.6453125 0.7765625 0.65625 0.775 0.6578125 0.7671875 0.6546875 0.765625 0.6515625 0.7546875 0.65 0.7453125 0.6421875
2 0.803125 0.7359375 0.80625 0.7390625 0.8296875 0.734375 0.8609375 0.7484375 0.8625 0.7515625 0.8609375 0.78125 0.8578125 0.7875 0.8578125 0.7953125 0.8546875 0.7984375 0.8453125 0.7953125 0.8265625 0.79375 0.8 0.7765625 0.7875 0.778125 0.78125 0.775 0.7734375 0.7546875 0.7765625 0.740625 0.7890625 0.7359375 0.7921875 0.7375 0.8015625 0.7359375
2 0.584375 0.546875 0.5890625 0.546875 0.5890625 0.5578125 0.584375 0.5578125 0.5828125 0.5515625 0.584375 0.5484375
2 0.4296875 0.5796875 0.44375 0.5875 0.446875 0.596875 0.440625 0.60625 0.4328125 0.609375 0.425 0.60625 0.415625 0.60625 0.4125 0.603125 0.4140625 0.5875 0.4234375 0.5796875 0.428125 0.5796875
2 0.5703125 0.5578125 0.5703125 0.55 0.5734375 0.546875 0.5765625 0.5484375 0.5765625 0.5578125 0.571875 0.5578125
4 0.554861111111111 0.6169155092592592 0.03026620370370372 0.039282407407407405
4 0.2640625 0.5890625 0.2703125 0.590625 0.2734375 0.596875 0.2796875 0.6 0.2859375 0.6 0.2859375 0.60625 0.2734375 0.6171875 0.2578125 0.61875 0.2453125 0.625 0.23125 0.625 0.2265625 0.6203125 0.2265625 0.6109375 0.2328125 0.6015625 0.2421875 0.5984375 0.24375 0.5953125 0.25 0.5921875 0.2625 0.5890625