1 0.74140625 0.6016087962962964 0.1265625 0.07531250000000007
5 0.38984375 0.817494212962963 0.090625 0.1482175925925926
2 0.35 0.7067476851851853 0.0390625 0.05526620370370381
2 0.47734375 0.5937905092592592 0.034375 0.02863425925925931
5 0.42265625 0.710949074074074 0.0671875 0.09474537037037045
2 0.43984375 0.6049537037037037 0.025 0.02380787037037031
2 0.5171875 0.609224537037037 0.0359375 0.027094907407407477
2 0.56171875 0.5942592592592593 0.021875 0.020636574074073977
3 0.98515625 0.6755324074074074 0.0296875 0.04106481481481481
0 0.30390625 0.6638773148148148 0.0546875 0.06956018518518511
2 0.99375 0.6069097222222222 0.0125 0.028310185185185154