2 0.5046875 0.8331481481481482 0.103125 0.11871527777777757
2 0.24765625 0.6642997685185186 0.065625 0.049409722222222285
2 0.63125 0.6547106481481482 0.034375 0.05050925925925931
2 0.31796875 0.6171643518518518 0.04375 0.03502314814814813
4 0.58671875 0.7038078703703704 0.0890625 0.14038194444444443
2 0.44765625 0.5878993055555556 0.0234375 0.026909722222222144
2 0.140625 0.7236979166666666 0.0984375 0.09052083333333343
3 0.375 0.9342881944444444 0.0671875 0.10724537037037045
2 0.36328125 0.6149305555555555 0.028125 0.030104166666666644
5 0.80546875 0.6693171296296296 0.1203125 0.11271990740740741
2 0.70703125 0.616087962962963 0.05 0.0569907407407408