2 0.6171875 0.6846064814814815 0.0359375 0.055219907407407474
2 0.33671875 0.6239178240740741 0.046875 0.035069444444444466
2 0.4640625 0.8384375000000001 0.115625 0.10952546296296291
1 0.62109375 0.5970486111111111 0.1015625 0.08431712962962976
2 0.58828125 0.6405034722222223 0.0359375 0.03803240740740747
2 0.46171875 0.9251909722222222 0.1359375 0.13795138888888872
2 0.5671875 0.5908159722222223 0.025 0.02693287037037031
0 0.79453125 0.7093229166666667 0.059375 0.11025462962962962
1 0.70703125 0.712962962962963 0.0828125 0.20435185185185176
2 0.6234375 0.8642013888888889 0.1 0.14210648148148158
2 0.6046875 0.7676041666666666 0.0671875 0.08693287037037045
3 0.0453125 0.7883912037037037 0.0515625 0.07732638888888879
2 0.01328125 0.6552719907407407 0.009375 0.026701388888889
3 0.17109375 0.7130902777777778 0.03125 0.04265046296296297
2 0.08046875 0.6542766203703703 0.034375 0.031759259259259306