0 0.6734375 0.6078125 0.68125 0.615625 0.6828125 0.6203125 0.68125 0.6484375 0.675 0.6515625 0.665625 0.65 0.6546875 0.6359375 0.6515625 0.628125 0.6546875 0.6078125 0.6578125 0.6046875 0.665625 0.6046875 0.671875 0.6078125
3 0.26875 0.63125 0.2703125 0.634375 0.26875 0.6484375 0.25625 0.653125 0.2515625 0.653125 0.2515625 0.6453125 0.259375 0.63125 0.2640625 0.6296875 0.2671875 0.63125
3 0.14375 0.6890625 0.1421875 0.684375 0.14375 0.6765625 0.1484375 0.6625 0.1515625 0.659375 0.1546875 0.6609375 0.1578125 0.6671875 0.15625 0.68125 0.1546875 0.684375 0.1453125 0.6890625
3 0.3421875 0.625 0.3421875 0.6171875 0.3515625 0.6046875 0.3546875 0.60625 0.3578125 0.6203125 0.35625 0.6234375 0.34375 0.625
3 0.3046875 0.634375 0.30625 0.625 0.3171875 0.615625 0.3203125 0.6203125 0.3203125 0.6296875 0.3171875 0.6328125 0.30625 0.634375
3 0.1125 0.6234375 0.1125 0.609375 0.115625 0.6046875 0.1203125 0.6125 0.1203125 0.621875 0.1140625 0.6234375
3 0.54375 0.6140625 0.5515625 0.61875 0.5515625 0.6296875 0.546875 0.634375 0.5390625 0.6328125 0.5359375 0.6265625 0.5390625 0.615625 0.5421875 0.6140625
3 0.1984375 0.6015625 0.2015625 0.6046875 0.2015625 0.6203125 0.196875 0.621875 0.184375 0.6203125 0.184375 0.6109375 0.1875 0.6046875 0.196875 0.6015625
3 0.3234375 0.6 0.01875 0.01875
3 0.240625 0.5953125 0.2484375 0.5953125 0.25 0.5984375 0.25 0.609375 0.246875 0.6140625 0.24375 0.6140625 0.2421875 0.6078125 0.2375 0.603125 0.240625 0.596875
3 0.61875 0.8796875 0.6234375 0.8796875 0.628125 0.884375 0.628125 0.9 0.6265625 0.9015625 0.628125 0.903125 0.628125 0.9375 0.61875 0.95625 0.6078125 0.9671875 0.60625 0.971875 0.6015625 0.965625 0.6 0.9578125 0.6015625 0.9265625 0.60625 0.909375 0.6171875 0.9203125 0.621875 0.915625 0.621875 0.9109375 0.6265625 0.9046875 0.6265625 0.9 0.61875 0.8921875 0.6171875 0.8875 0.61875 0.88125
3 0.2265625 0.6015625 0.228125 0.6125 0.2234375 0.61875 0.2203125 0.615625 0.2203125 0.609375 0.221875 0.603125 0.225 0.6015625
4 0.55625 0.54375 0.5609375 0.5453125 0.5625 0.55 0.5625 0.5625 0.5578125 0.5671875 0.55 0.5671875 0.55 0.5484375 0.5546875 0.54375
1 0.5765625 0.553125 0.5875 0.55625 0.590625 0.559375 0.6 0.5609375 0.603125 0.565625 0.603125 0.596875 0.5984375 0.6 0.596875 0.5984375 0.58125 0.6 0.5671875 0.5859375 0.5640625 0.5609375 0.5671875 0.5546875 0.575 0.553125
1 0.60625 0.5359375 0.60625 0.553125 0.603125 0.559375 0.5921875 0.559375 0.58125 0.5546875 0.575 0.55 0.575 0.5421875 0.58125 0.5359375 0.5984375 0.5328125 0.603125 0.5328125 0.6046875 0.5359375
5 0.025 0.6515625 0.034375 0.64375 0.0390625 0.64375 0.0421875 0.6375 0.0484375 0.6328125 0.0859375 0.628125 0.0890625 0.6328125 0.0890625 0.653125 0.090625 0.6546875 0.0859375 0.6625 0.08125 0.6625 0.0671875 0.671875 0.0609375 0.6703125 0.03125 0.6796875 0.021875 0.6796875 0.0125 0.6875 0.0046875 0.6890625 0 0.684375 0 0.6640625 0.0078125 0.6609375 0.0171875 0.6609375 0.025 0.653125
5 0.2265625 0.6265625 0.2296875 0.6375 0.2296875 0.6578125 0.221875 0.6640625 0.215625 0.6765625 0.2046875 0.675 0.1984375 0.678125 0.19375 0.6828125 0.190625 0.690625 0.1578125 0.6875 0.159375 0.6703125 0.1671875 0.6515625 0.1796875 0.6390625 0.1890625 0.634375 0.2125 0.625 0.225 0.6265625
5 0.8484375 0.6859375 0.88125 0.6953125 0.8953125 0.7015625 0.896875 0.7046875 0.8953125 0.7609375 0.884375 0.7546875 0.85625 0.759375 0.8296875 0.7453125 0.8234375 0.7453125 0.81875 0.7421875 0.809375 0.74375 0.7953125 0.7296875 0.7953125 0.7109375 0.8 0.7015625 0.821875 0.6953125 0.83125 0.6875 0.846875 0.6859375
5 0.715625 0.6375 0.75 0.646875 0.75625 0.6515625 0.759375 0.6703125 0.7578125 0.69375 0.7515625 0.696875 0.734375 0.696875 0.73125 0.7 0.728125 0.7 0.7234375 0.6921875 0.715625 0.6859375 0.70625 0.6828125 0.6953125 0.6828125 0.6859375 0.671875 0.6859375 0.65625 0.690625 0.64375 0.696875 0.6390625 0.7140625 0.6375
2 0.7765625 0.615625 0.79375 0.6234375 0.7984375 0.6296875 0.765625 0.6203125 0.7640625 0.6171875 0.775 0.615625
2 0.4875 0.571875 0.4921875 0.5734375 0.4953125 0.58125 0.49375 0.5921875 0.478125 0.59375 0.4796875 0.578125 0.4828125 0.5734375 0.4859375 0.5734375
2 0.66171875 0.7359375 0.0453125 0.07421875
2 0.5609375 0.596875 0.5703125 0.5984375 0.5765625 0.603125 0.578125 0.6203125 0.575 0.625 0.5625 0.6265625 0.559375 0.6234375 0.5546875 0.6234375 0.54375 0.6125 0.54375 0.60625 0.55 0.6 0.559375 0.5984375
2 0.9328125 0.65625 0.9453125 0.6609375 0.9453125 0.678125 0.934375 0.6765625 0.928125 0.671875 0.921875 0.671875 0.91875 0.66875 0.90625 0.665625 0.9078125 0.6578125 0.9125 0.6546875 0.93125 0.65625
2 0.53125 0.5890625 0.53125 0.5734375 0.5359375 0.5671875 0.540625 0.5671875 0.54375 0.5703125 0.5453125 0.5828125 0.5421875 0.5890625 0.5328125 0.5890625
2 0.5109375 0.553125 0.5140625 0.5578125 0.5125 0.5703125 0.5046875 0.5703125 0.5015625 0.565625 0.503125 0.5578125 0.509375 0.553125
2 0.29921875 0.6203125 0.040625 0.03125
2 0.4984375 0.55625 0.5015625 0.5578125 0.5015625 0.5625 0.4984375 0.5671875 0.4984375 0.571875 0.4953125 0.5734375 0.4890625 0.56875 0.4890625 0.5640625 0.490625 0.559375 0.496875 0.55625
2 0.365625 0.578125 0.3671875 0.5796875 0.365625 0.60625 0.3578125 0.60625 0.353125 0.5984375 0.3484375 0.6015625 0.346875 0.596875 0.3484375 0.5921875 0.359375 0.58125 0.3640625 0.5796875
2 0.109375 0.703125 0.1015625 0.7015625 0.0921875 0.7078125 0.075 0.7140625 0.0671875 0.725 0.03125 0.721875 0.03125 0.709375 0.034375 0.703125 0.040625 0.696875 0.0453125 0.6953125 0.0546875 0.6828125 0.065625 0.6734375 0.0734375 0.66875 0.078125 0.66875 0.0875 0.6640625 0.0953125 0.6640625 0.1 0.6609375 0.1140625 0.6609375 0.11875 0.665625 0.1234375 0.678125 0.1234375 0.6859375 0.115625 0.6953125 0.1140625 0.7015625 0.1109375 0.7015625
2 0 0.628125 0.0046875 0.628125 0.009375 0.6359375 0.009375 0.6421875 0.003125 0.6484375 0 0.6484375 0 0.6296875
2 0.09375 0.590625 0.0921875 0.5984375 0.08125 0.6015625 0.06875 0.5984375 0.0671875 0.596875 0.06875 0.5890625 0.071875 0.5859375 0.0828125 0.5859375 0.0859375 0.590625 0.0921875 0.590625
2 0.5171875 0.571875 0.5171875 0.5578125 0.5203125 0.5546875 0.5265625 0.55625 0.5265625 0.565625 0.525 0.571875 0.521875 0.5734375 0.51875 0.571875
2 0.4453125 0.5703125 0.459375 0.571875 0.459375 0.575 0.4546875 0.5765625 0.4484375 0.5828125 0.4453125 0.59375 0.4359375 0.5921875 0.4359375 0.5828125 0.4453125 0.571875
2 0.1109375 0.5796875 0.1125 0.5875 0.10625 0.59375 0.0984375 0.5921875 0.096875 0.5875 0.1015625 0.5796875 0.10625 0.578125 0.109375 0.5796875
2 0.48125 0.5625 0.484375 0.5703125 0.4765625 0.58125 0.471875 0.58125 0.46875 0.578125 0.46875 0.56875 0.475 0.5625 0.4796875 0.5625
2 0.453125 0.578125 0.46875 0.578125 0.471875 0.5828125 0.471875 0.5890625 0.46875 0.59375 0.45 0.5984375 0.4484375 0.5890625 0.453125 0.5796875
2 0.5390625 0.5390625 0.5453125 0.5390625 0.546875 0.5421875 0.546875 0.5484375 0.54375 0.5515625 0.5375 0.5515625 0.5359375 0.546875 0.5390625 0.540625