0 0.5875 0.5796875 0.5921875 0.58125 0.5953125 0.5875 0.5921875 0.609375 0.5828125 0.6078125 0.5734375 0.5953125 0.5765625 0.5890625 0.5765625 0.58125 0.5859375 0.5796875
0 0.5859375 0.559375 0.584375 0.5515625 0.5875 0.5453125 0.5921875 0.5453125 0.5921875 0.5578125 0.5875 0.559375
3 0.203125 0.5921875 0.2109375 0.60625 0.2125 0.615625 0.209375 0.621875 0.203125 0.61875 0.2015625 0.6109375 0.203125 0.59375
3 0.5421875 0.628125 0.546875 0.63125 0.55 0.6296875 0.553125 0.6328125 0.5515625 0.646875 0.5484375 0.6484375 0.5390625 0.6453125 0.5375 0.6421875 0.5375 0.6359375 0.5421875 0.6296875
3 0.2609375 0.5765625 0.2625 0.578125 0.2609375 0.5859375 0.25625 0.5890625 0.2484375 0.5890625 0.246875 0.58125 0.253125 0.575 0.259375 0.5765625
3 0.5579861111111111 0.6168923611111111 0.008067129629629567 0.017245370370370328
3 0.09277777777777778 0.5922164351851851 0.011261574074074077 0.021956018518518493
3 0.1234375 0.653125 0.1265625 0.6546875 0.128125 0.6640625 0.1203125 0.671875 0.1203125 0.6890625 0.115625 0.6921875 0.109375 0.6921875 0.1015625 0.696875 0.096875 0.703125 0.0921875 0.7 0.0921875 0.690625 0.1 0.68125 0.1015625 0.671875 0.10625 0.6671875 0.1078125 0.675 0.1109375 0.678125 0.115625 0.675 0.1171875 0.6578125 0.121875 0.6546875
3 0.6140625 0.703125 0.6234375 0.7046875 0.625 0.7125 0.6234375 0.721875 0.6203125 0.728125 0.6171875 0.7296875 0.6140625 0.725 0.615625 0.7234375 0.6140625 0.7046875
3 0.0703125 0.7140625 0.0734375 0.71875 0.08125 0.7171875 0.0828125 0.7265625 0.0734375 0.7390625 0.053125 0.7484375 0.0484375 0.7484375 0.053125 0.715625 0.0609375 0.7109375 0.065625 0.7109375 0.06875 0.7140625
3 0.228125 0.58125 0.2296875 0.5859375 0.228125 0.6 0.2234375 0.6 0.2203125 0.59375 0.221875 0.5828125 0.2265625 0.58125
3 0 0.7296875 0.0015625 0.73125 0 0.74375 0 0.73125
3 0.540625 0.615625 0.5390625 0.6125 0.540625 0.60625 0.5453125 0.603125 0.5453125 0.609375 0.540625 0.6171875
3 0.5875 0.6375 0.5984375 0.6421875 0.6 0.6546875 0.596875 0.6578125 0.596875 0.6625 0.5828125 0.6578125 0.5828125 0.6484375 0.5859375 0.6390625
3 0.565625 0.565625 0.5671875 0.55625 0.56875 0.55625 0.56875 0.565625 0.5671875 0.565625
5 0.4671875 0.5859375 0.4859375 0.5890625 0.4859375 0.609375 0.4828125 0.6140625 0.4734375 0.61875 0.4640625 0.6140625 0.4484375 0.615625 0.4453125 0.6109375 0.4484375 0.596875 0.45625 0.5890625 0.465625 0.5859375
5 0.196875 0.5875 0.2015625 0.5921875 0.2 0.6015625 0.2015625 0.603125 0.2015625 0.6203125 0.1984375 0.6265625 0.1890625 0.634375 0.1859375 0.640625 0.1828125 0.640625 0.1796875 0.6359375 0.1703125 0.6375 0.153125 0.6453125 0.1453125 0.6546875 0.1390625 0.653125 0.1296875 0.6546875 0.1265625 0.65 0.1203125 0.65 0.1171875 0.646875 0.121875 0.628125 0.134375 0.6140625 0.140625 0.6015625 0.14375 0.6015625 0.15 0.5953125 0.15625 0.5953125 0.1609375 0.5921875 0.171875 0.590625 0.1765625 0.5921875 0.1828125 0.5890625 0.1953125 0.5875
5 0.0390625 0.6265625 0.0421875 0.628125 0.0515625 0.621875 0.0625 0.6203125 0.0765625 0.6125 0.1015625 0.6109375 0.10625 0.61875 0.1046875 0.621875 0.1078125 0.6421875 0.103125 0.659375 0.0984375 0.665625 0.0921875 0.66875 0.090625 0.678125 0.0859375 0.6828125 0.08125 0.68125 0.0625 0.6828125 0.0578125 0.6875 0.0375 0.6953125 0.03125 0.7078125 0.028125 0.709375 0.0234375 0.7078125 0 0.709375 0.0015625 0.6640625 0.0203125 0.6359375 0.0296875 0.628125 0.0375 0.628125
5 0.421875 0.575 0.440625 0.578125 0.4390625 0.5796875 0.440625 0.58125 0.4390625 0.5984375 0.4328125 0.6078125 0.415625 0.6046875 0.4140625 0.584375 0.415625 0.5765625 0.4203125 0.575
4 0.49375 0.54375 0.4984375 0.546875 0.5 0.553125 0.4984375 0.5640625 0.5 0.56875 0.4953125 0.5765625 0.4921875 0.5765625 0.4890625 0.5703125 0.4765625 0.5703125 0.4734375 0.5734375 0.471875 0.571875 0.471875 0.5625 0.4796875 0.546875 0.4859375 0.5421875 0.4921875 0.54375
2 0.65 0.6140625 0.6578125 0.61875 0.6625 0.628125 0.6625 0.6390625 0.6546875 0.6484375 0.6375 0.6453125 0.634375 0.6328125 0.628125 0.625 0.621875 0.6234375 0.621875 0.61875 0.6265625 0.61875 0.63125 0.6140625 0.6359375 0.6125 0.6484375 0.6140625
2 0.278125 0.5890625 0.2828125 0.590625 0.2859375 0.5953125 0.284375 0.60625 0.2625 0.6125 0.246875 0.6125 0.2453125 0.603125 0.2625 0.5890625 0.2765625 0.5890625
2 0.5859375 0.784375 0.6125 0.79375 0.621875 0.8078125 0.6203125 0.815625 0.621875 0.8265625 0.6171875 0.8515625 0.603125 0.8671875 0.59375 0.8984375 0.5890625 0.9015625 0.5859375 0.9015625 0.578125 0.89375 0.5703125 0.8921875 0.5609375 0.8859375 0.5546875 0.884375 0.55 0.8859375 0.5453125 0.88125 0.54375 0.8734375 0.54375 0.85625 0.546875 0.8515625 0.546875 0.8390625 0.553125 0.8265625 0.5546875 0.8140625 0.559375 0.8109375 0.559375 0.8078125 0.5703125 0.7921875 0.575 0.7875 0.584375 0.784375
2 0.053315972222222216 0.5667303240740741 0.022106481481481484 0.01578703703703699
2 0.4515625 0.5671875 0.459375 0.5671875 0.4640625 0.5703125 0.4640625 0.578125 0.4609375 0.584375 0.44375 0.5859375 0.440625 0.58125 0.440625 0.5765625 0.4453125 0.575 0.4515625 0.56875
2 0.56875 0.590625 0.5734375 0.5984375 0.5734375 0.6109375 0.5640625 0.6109375 0.5625 0.6046875 0.5578125 0.6 0.5578125 0.5953125 0.5640625 0.5890625 0.5671875 0.590625
2 0.5390625 0.5515625 0.5390625 0.5453125 0.546875 0.5390625 0.55 0.540625 0.5484375 0.54375 0.55 0.5453125 0.546875 0.55 0.540625 0.5515625
2 0.2484375 0.615625 0.2515625 0.6203125 0.2515625 0.625 0.246875 0.634375 0.2421875 0.6375 0.234375 0.6359375 0.21875 0.6453125 0.203125 0.64375 0.2 0.6390625 0.2015625 0.6296875 0.2171875 0.615625 0.221875 0.6140625 0.2390625 0.6109375 0.246875 0.615625
2 0.7515625 0.6359375 0.765625 0.6375 0.7828125 0.6484375 0.7828125 0.6515625 0.778125 0.6515625 0.7765625 0.6484375 0.7625 0.6453125 0.7515625 0.6375
2 0.0640625 0.5625 0.075 0.571875 0.0703125 0.5765625 0.0453125 0.5734375 0.0453125 0.5671875 0.0484375 0.5625 0.0625 0.5625
2 0.4328125 0.575 0.434375 0.56875 0.440625 0.5625 0.453125 0.5640625 0.453125 0.56875 0.446875 0.5765625 0.434375 0.575
2 0.553125 0.5703125 0.55625 0.5734375 0.5546875 0.5875 0.5453125 0.5875 0.5453125 0.575 0.5515625 0.5703125
2 0.35 0.584375 0.35 0.6046875 0.3453125 0.6078125 0.3359375 0.609375 0.325 0.6078125 0.3234375 0.60625 0.325 0.6 0.34375 0.584375 0.3484375 0.584375
2 0.328125 0.5734375 0.346875 0.5734375 0.3515625 0.5765625 0.35 0.5828125 0.3453125 0.5828125 0.334375 0.5921875 0.3140625 0.596875 0.3109375 0.59375 0.3125 0.584375 0.321875 0.58125 0.328125 0.575
2 0.7234375 0.6234375 0.7328125 0.6265625 0.740625 0.634375 0.734375 0.6375 0.7328125 0.640625 0.721875 0.6390625 0.7140625 0.653125 0.7109375 0.6484375 0.7125 0.625 0.721875 0.6234375
2 0.4890625 0.5703125 0.490625 0.5765625 0.4875 0.5875 0.4734375 0.5859375 0.46875 0.5828125 0.471875 0.575 0.4765625 0.5703125 0.4875 0.5703125
2 0.6203125 0.6234375 0.6296875 0.628125 0.6328125 0.6328125 0.63125 0.6359375 0.634375 0.64375 0.628125 0.6546875 0.6171875 0.65625 0.6140625 0.65625 0.609375 0.6484375 0.6015625 0.6484375 0.5984375 0.640625 0.6 0.6328125 0.5984375 0.6296875 0.6 0.6265625 0.6078125 0.6234375 0.61875 0.6234375
2 0.0109375 0.596875 0.0125 0.5953125 0.0125 0.5796875 0.0171875 0.5734375 0.021875 0.5703125 0.0359375 0.5703125 0.0375 0.571875 0.0359375 0.5875 0.0328125 0.5890625 0.03125 0.5796875 0.0265625 0.578125 0.0234375 0.5828125 0.021875 0.5953125 0.01875 0.5984375 0.0125 0.5984375