2 0.3875 0.73828125 0.06465277777777771 0.0796875
2 0.5404166666666667 0.6046875 0.03774305555555557 0.0328125
2 0.32783564814814814 0.69921875 0.04733796296296298 0.0625
2 0.9758101851851851 0.7421875 0.012766203703703738 0.0359375
2 0.3947511574074074 0.6625 0.03474537037037031 0.05
2 0.513599537037037 0.88671875 0.13078703703703703 0.1484375
2 0.3902777777777778 0.5859375 0.03144675925925924 0.0265625
2 0.954363425925926 0.8 0.04745370370370381 0.078125
2 0.21657407407407409 0.65546875 0.07554398148148148 0.0734375
2 0.5081655092592593 0.575 0.029907407407407403 0.0296875
2 0.3663888888888889 0.84140625 0.09785879629629637 0.1328125