2 0.4063483796296296 0.7874710648148148 0.07949074074074076 0.09276620370370363
2 0.4574710648148148 0.9209664351851853 0.1695717592592592 0.1580671296296295
2 0.6079918981481482 0.8889756944444445 0.1351967592592594 0.1619212962962962
2 0.38342592592592595 0.6997916666666667 0.035208333333333376 0.056504629629629655
2 0.399068287037037 0.6459953703703704 0.025532407407407476 0.036122685185185154
2 0.4805787037037037 0.7872395833333334 0.0934606481481481 0.08662037037037038
2 0.5293576388888889 0.6063310185185184 0.03318287037037031 0.02524305555555557
2 0.34046875 0.6986921296296297 0.03991898148148145 0.058101851851851904
1 0.3227141203703704 0.6313657407407407 0.07482638888888893 0.09429398148148156
1 0.47416666666666674 0.5871701388888889 0.08056712962962961 0.059965277777777715
3 0.4230844907407407 0.6071064814814815 0.02224537037037031 0.025162037037037167
2 0.37906828703703704 0.6247511574074074 0.02387731481481481 0.02986111111111107
3 0.1836863425925926 0.7334722222222222 0.044490740740740754 0.05032407407407398